# format=SNRtot_MF, evidence_inj-nofilter, occams, mass_in_solar, chi_inject]
4.181590326718354049e+02 8.742432187935069669e+04 1.221015183279334192e-02 8.072139720280179631e+01 2.508810624937799494e-01
1.600834345750421335e+02 1.280512550551251479e+04 8.560447239692523316e-03 5.358197622116453829e+01 3.954294021618231514e-01
4.120739377887706922e+01 8.444697517635527220e+02 8.237087859729369521e-02 9.784544661397244170e+01 8.145743276094670471e-02
1.406870205020107107e+02 9.890807965797024735e+03 1.407470935772822500e-02 8.849775738617174170e+01 6.673259058999926330e-01
1.961679150376624818e+02 1.923472932364684311e+04 1.106664125532050118e-02 7.886868900594024012e+01 4.515354468335620597e-01
1.836860811366505857e+02 1.686676866632231395e+04 2.006543421637761379e-02 7.501038868672543458e+01 3.533045006502954499e-01
2.612698325134781996e+01 3.348285378130459549e+02 7.658344450797280670e-03 6.638652333597940469e+01 7.044667231728432011e-01
3.813898917800588038e+02 7.272376276953618799e+04 1.044723969252271158e-02 1.023160548475347866e+02 4.039332977653775081e-01
3.753529372723672708e+01 6.996104983419069185e+02 3.191347436630455336e-02 3.158810693799813762e+01 1.111235490370641593e-01
2.096222511465271054e+02 2.196696254545103875e+04 6.562480147385807427e-03 7.183833810404178166e+01 4.775062994899988422e-01
1.348664498086889125e+02 9.090147416969724873e+03 3.381614891048853599e-02 1.185478930172493648e+02 2.370749936282903203e-01
1.604534308066232313e+02 1.286692020101762137e+04 2.222857505876373735e-02 8.146991301453721235e+01 3.961226712413262185e-01
1.380341098743940336e+02 9.519513094856420139e+03 6.988120195667365132e-05 5.328062902753876529e+01 8.104825177535351921e-01
3.305694804082155969e+01 5.441428296274611967e+02 6.068864748110031071e-02 9.693502238884833844e+01 3.200478271919302564e-01
1.756221759434256739e+02 1.541021947280419590e+04 2.255256972238104448e-04 4.727856498092477011e+01 8.251931129625840189e-01
2.466494679212724606e+01 3.005436138620129327e+02 3.481036782923575129e-02 3.111837931576361882e+01 4.499933277674261767e-01
1.155016882453533498e+02 6.658258010821274183e+03 6.257543993393049637e-04 4.644651228481541239e+01 6.334988448367366853e-01
2.232854980197562256e+01 2.434556078229912828e+02 1.164411409694428579e-01 1.105337850711996737e+02 1.008115881761655203e-01
7.477749944111887714e+01 2.789848872745375957e+03 1.014547995680071223e-02 1.112003206958922448e+02 6.303553413215531309e-01
3.728093576017148507e+02 6.948760568145547586e+04 1.263261546280414205e-02 9.599642321001138612e+01 4.593667667641964658e-01
8.019944693277135173e+01 3.212361416159853434e+03 5.237913728479766384e-03 1.086852640279004873e+02 3.849781737295819295e-01
7.990637810566482813e+01 3.187517692632997750e+03 4.389810050187408982e-03 1.017915601699245514e+02 6.422384604359436810e-01
1.264300631039121292e+01 7.815945974216583636e+01 5.467251127628486307e-02 1.098924872469082743e+02 2.896148981043648041e-01
7.287349195567679772e+01 2.649659484900564166e+03 1.183851089511466816e-02 5.370961288022230917e+01 4.065479547180145814e-01
2.441725104651091556e+02 2.980243151444937394e+04 8.004574042309891462e-04 6.885876988122362263e+01 6.789596331567673282e-01
2.025059991919586082e+02 2.049949644163407356e+04 1.106981767359125832e-02 5.876203930004845688e+01 1.128324406715072448e-01
1.303233805990984422e+02 8.488003351915980602e+03 3.744997141223556196e-03 5.370370768115061821e+01 6.343669543064731631e-01
3.101705475210129634e+02 4.809295837768218917e+04 1.143510577472841579e-04 7.160043896451358592e+01 7.843620293002030452e-01
3.000989364869712972e+02 4.502215385696034355e+04 6.371895051140333971e-03 9.834494965354899421e+01 5.691279391408671229e-01
1.589669306023836555e+02 1.263062242503973357e+04 8.328568705927196641e-03 4.105259119984773974e+01 4.218354868309540651e-01
3.191254787361166336e+02 5.091376156746131164e+04 9.751604091226733287e-03 6.286170989151234778e+01 2.154743545224763190e-02
7.906908595063514156e+01 3.114298927758168702e+03 1.302331491010736298e-03 9.847113080657685202e+01 7.475951031656544732e-01
2.540596351220390829e+02 3.226568288904653673e+04 5.063210723588082093e-03 6.161349007549046064e+01 4.183223817247788689e-01
8.053747603572905689e+01 3.237055615617586682e+03 3.748173559494314203e-03 9.993974212838044480e+01 5.379821058898042185e-01
1.550949029292663397e+02 1.202347839351249604e+04 3.214535290006988177e-03 8.603148203545677575e+01 5.874819543631822905e-01
1.542948165441982837e+02 1.189505326337664337e+04 1.556444952671367664e-04 4.351963328703190115e+01 8.629345732925278734e-01
3.888748606851244460e+01 7.572260531046135839e+02 3.811066641255320825e-02 7.063902215324802114e+01 2.409416959718531925e-01
1.565657277061301613e+02 1.225071476141574567e+04 9.529254812273679602e-05 5.789589648066032623e+01 8.120472589515629336e-01
2.240761652853803412e+02 2.510022513400073149e+04 3.255828727526840528e-03 5.143011251512685078e+01 5.163553666286558874e-01
1.673994326008142934e+02 1.400591300172415322e+04 1.647608157042119298e-02 6.129646475643318837e+01 2.366798857304252268e-01
2.497946575365367607e+02 3.119212823615580419e+04 4.288164665523156024e-04 9.023815169903194544e+01 6.897367467828904308e-01
5.401537299621486454e+01 1.453977916291322117e+03 6.956356012959786367e-03 7.219386498458426615e+01 7.351319074918870600e-01
1.702187215772368063e+02 1.447404937116229667e+04 2.223492789530525331e-05 4.375934776752097832e+01 9.157560372826378803e-01
4.462458116546380182e+01 9.910839911828416007e+02 1.196239120767422608e-02 8.031763481568408736e+01 5.417291550588267945e-01
1.000538755807463076e+01 4.595783430923552260e+01 1.902642780001270462e-01 7.467532734951767281e+01 8.338640068626192170e-02
4.172341330127304104e+01 8.583757843502933156e+02 2.496664760815704362e-02 7.978155665842427879e+01 4.104308275503170123e-01
2.389255599759576754e+01 2.782731033682624115e+02 4.523219617559240055e-03 6.858429942137523483e+01 8.040455753708589670e-01
1.980522087996803293e+01 1.951191161171066142e+02 6.616161616161615744e-02 3.789865129680340772e+01 1.713352729438942512e-01
3.636168145294934817e+01 6.603047147459215012e+02 4.115685153421002468e-02 4.813962583584832089e+01 2.722499332021403595e-01
1.446194805829249503e+02 1.045180928138097079e+04 2.249539419350739949e-02 7.995798582678455091e+01 2.640747656554324752e-01
5.092315836260738848e+01 1.293377721219415434e+03 5.482497935328124045e-02 9.206042509592833767e+01 4.907208918512154794e-01
3.227264341347395771e+01 5.116373819785438286e+02 2.172670097198398879e-03 4.094211877770190711e+01 6.268692401453065388e-01
9.285119371951255118e+01 4.301814690873808104e+03 1.588209135378946645e-04 3.349134863848892962e+01 8.600166208252225664e-01
3.268736415471946088e+02 5.341631714801436465e+04 9.529254812273679602e-05 8.344936578912034975e+01 7.465389023932711421e-01
7.685112011237069218e+00 2.637596478822416657e+01 2.022012578616352307e-01 9.577651390574258983e+01 1.272882096087730452e-01
1.406807816473003925e+02 9.893849601692772922e+03 5.561908392097070913e-03 4.915949267900996489e+01 3.878359574774277729e-01
1.634893935951182016e+02 1.335194912369882150e+04 2.468076996378883083e-03 3.245521192906278429e+01 6.516701448819023357e-01
7.247488858527849231e+01 2.624444729010677747e+03 7.038942887999491416e-02 1.113772478376336323e+02 9.972277515836962258e-02
9.097143752509468584e+01 4.127951256339937572e+03 1.842322597039578228e-04 3.869367598339019310e+01 8.233927024786110715e-01
7.539452232937615861e+01 2.838694328246414443e+03 5.666730195032081835e-02 1.005608213364459544e+02 1.778608991486365642e-01
3.607225073758064013e+02 6.505307497036412678e+04 2.382313703068420104e-04 9.721852572408326409e+01 7.435913949699314296e-01
2.286255083337366045e+02 2.613052419019658555e+04 1.264849755415793121e-02 8.835902373367977702e+01 2.272933173645163840e-01
2.954658411572767918e+01 4.300458053123834929e+02 2.184740486627279044e-02 4.263611962405192202e+01 7.402140663693901335e-01
7.772524653905189496e+01 3.018529550334553278e+03 2.302903246299472725e-02 1.086355938812875195e+02 5.794789414026318974e-01
1.817983064735881840e+02 1.651916943241338231e+04 1.509433962264150955e-02 6.125370966132040706e+01 2.672094909603768276e-01
1.658454260028726424e+01 1.364723708883959148e+02 8.495330665141985482e-02 6.939868242237295703e+01 2.642249532286120028e-01
3.478567046082959280e+01 5.988894811358093193e+02 1.226097452512546959e-03 1.198021566407989411e+02 9.129445905928642579e-01
2.686036254347214935e+02 3.605937118171939801e+04 1.588209135378946713e-05 9.756212876652980981e+01 9.388615167382383664e-01
1.826926181737762249e+02 1.668305124376234380e+04 2.731719712851788089e-04 8.956593893631281844e+01 7.794510838240789052e-01
2.652456893738292365e+01 3.504440084786275520e+02 5.159773839019122371e-02 3.802616251408819892e+01 1.418571485749380579e-01
2.811917623797510757e+01 3.917934164479156607e+02 5.484403786290578675e-02 5.399791333715546671e+01 2.625742707450615665e-01
4.851705282336243386e+01 1.175721787600800326e+03 3.094466679372339865e-02 6.660573273470798483e+01 6.823735507330397354e-01
1.343747512670152275e+02 9.016168691977267372e+03 1.302331491010736352e-04 1.149401326480271877e+02 9.116143341096220043e-01
1.134570189143357055e+02 6.425520066116218914e+03 1.302331491010736352e-04 1.189709983231597761e+02 9.146749655191235284e-01
1.536482761843081946e+01 1.100211155961588929e+02 1.531351248332380420e-02 5.329591914913410733e+01 5.907208058951420870e-01
1.340009440662759630e+02 8.973740451815541746e+03 9.151261038053491725e-03 3.075016732605177339e+01 3.216287701255163833e-01
7.020821341435883767e+01 2.458404124375360880e+03 2.372784448256146355e-03 5.655632845710485412e+01 7.507347104809982685e-01
1.001515283239383223e+02 5.011178668274689699e+03 2.804142049425068298e-02 8.969208570080050436e+01 2.838893160953548933e-01
2.201654416745804355e+01 2.389870876405649938e+02 6.325519344387268983e-02 6.270519878433564287e+01 5.410746760453331028e-01
4.152637854659661798e+01 8.566189942011069434e+02 2.099612476970967329e-03 1.044737064576076335e+02 8.084457743046294942e-01
2.221383731110703152e+01 2.414696232937894251e+02 5.457404230989136573e-02 6.104239382810629166e+01 2.671132373586419528e-01
2.789006943459196464e+02 3.887953141994994076e+04 3.811701924909472383e-05 9.203284906192163817e+01 9.016287772832114467e-01
2.010347279641304112e+02 2.020185714305780857e+04 1.607267645003494089e-03 9.401445059311237173e+01 5.235873023296078177e-01
1.124904322773230518e+02 6.316322536998884971e+03 2.096436058700209756e-03 9.895753296326597592e+01 7.833381277517222907e-01
1.515131557594422702e+02 1.146973319454666853e+04 8.195159138555365352e-04 3.734869597479834624e+01 6.859025520754661320e-01
3.572975412318265853e+01 6.392124031554629937e+02 6.441776253097007687e-02 9.247704260327694215e+01 1.684740572970788719e-01
3.023289581606054810e+01 4.559140932914938844e+02 1.186487516676195952e-01 1.109959344289020748e+02 7.234525807108847795e-02
6.548563756586000295e+01 2.141137970063962712e+03 4.319928848230734919e-02 8.820746736069673943e+01 1.908478018797069853e-01
8.400869004411750041e+01 3.519523275524315522e+03 2.001143510577472865e-04 5.555012754476115333e+01 7.935392493467632313e-01
5.960775899993058147e+01 1.767557646631385296e+03 3.932405819198271646e-03 1.049872826805672190e+02 8.078758727668791106e-01
9.719644741530915155e+01 4.718136058294479881e+03 6.657772695508544156e-03 3.813804658838912331e+01 5.144916159393734256e-01
1.960751504020250024e+02 1.921127109108110380e+04 1.905850962454736191e-05 8.133394706529597329e+01 9.359028038876399114e-01
5.857962731910685505e+01 1.710772232793121702e+03 1.064735404358045819e-02 8.451304007224285897e+01 3.920919055978666634e-01
1.011016313768500297e+01 4.286300636556472909e+01 4.301187980433263114e-02 3.955158639759358152e+01 7.047335205035966110e-01
1.827779125453272115e+02 1.669565629562196045e+04 1.584079791626961595e-02 5.645965858843901941e+01 3.196635388442658487e-01
1.040442409624520508e+02 5.407297814256246056e+03 1.220379899625182590e-02 3.259377170988597783e+01 4.942134830287776004e-01
5.257707559565367461e+01 1.377032982061213033e+03 3.395591131440188048e-03 9.000987757605292927e+01 8.531166279236559458e-01
8.976380822955830752e+01 4.023784675214328672e+03 3.046502763483895440e-02 5.133413760843328077e+01 2.005108989963010346e-01
1.679312097178012095e+02 1.409604599943847279e+04 3.223746902992186136e-02 1.020554134772232828e+02 2.073540206954419540e-01
2.821085559751461602e+01 3.959204905864482384e+02 1.179880566673019437e-01 1.172834574116550357e+02 5.992006192776531126e-01
1.227505783056236410e+01 6.874804081569641312e+01 6.786099993647162765e-02 3.169446747477326909e+01 3.229045728444546737e-01
8.564739819366288032e+01 3.659865350236883387e+03 3.494060097833682566e-04 9.581690868696055929e+01 8.151540479142184159e-01
4.860908445426275648e+01 1.179358090313072125e+03 4.854837685026364147e-02 8.427386820726871974e+01 5.108233834966455778e-01
4.299444807391316914e+01 9.225164129493813334e+02 4.831014547995680225e-02 5.729512039044598026e+01 2.564606779352446297e-01
2.520019811005334134e+02 3.174442502857864747e+04 1.072041166380788974e-02 5.967393931430483178e+01 6.808008525148048773e-02
6.082892679430579363e+01 1.846802692835030484e+03 4.455879550219173091e-02 7.957446487929387047e+01 3.928326339043659021e-01
8.480423182890622513e+01 3.593213452337713534e+03 9.551489740168984943e-03 9.312338533672020446e+01 3.665772961817205244e-01
6.991846347325505917e+01 2.437257612436320869e+03 1.673019503208182310e-02 3.190547441934507944e+01 2.120355984152859641e-01
1.772077222050866681e+02 1.569478921359046581e+04 1.321390000635283687e-03 8.018179959576104920e+01 5.616937650789302072e-01
2.003960059608274378e+02 2.007232944174361910e+04 2.233022044342799269e-03 4.027575508660756753e+01 4.739278730271863083e-01
6.609240448479003760e+01 2.180379794714476247e+03 6.632361349342481838e-02 1.199046513719401617e+02 9.606094694419170521e-03
1.438703963746105430e+01 1.034271540731738810e+02 1.583063337780318824e-01 8.716464091007424031e+01 3.725603933133045387e-02
3.005415909585949663e+01 4.467641084051919620e+02 2.392795883361921103e-02 1.175111197538650742e+02 4.046575562843803264e-01
1.299004621773458439e+02 8.433378091217613473e+03 1.296613938123372146e-02 5.061433764750166375e+01 1.300607532604789174e-01
9.872478227406946871e+01 4.863640741754664305e+03 6.352836541515786582e-04 8.005949300905012933e+01 7.994136752826741521e-01
1.055133125679768824e+02 5.562596642874565077e+03 2.608474683946382031e-02 7.818239182791813846e+01 5.032410772299348301e-01
1.644724070305994346e+01 1.324764596099287814e+02 1.499714122355631785e-01 9.203873032718632885e+01 9.941587496864741358e-02
3.927180044594434349e+01 7.642509856753998747e+02 5.037799377422018908e-03 7.107271614524859160e+01 7.590820313229166283e-01
1.681215473469026449e+02 1.412747399439723631e+04 9.767486182580522452e-03 4.007373081880804477e+01 1.131056238526528682e-03
4.278926539218547020e+01 9.125422699894988909e+02 4.662664379645511947e-02 6.092085751057138054e+01 2.507509096149855288e-01
2.187195051406788195e+02 2.391671385053425911e+04 2.091353789466996946e-02 9.208909443802573946e+01 5.718063826653350945e-02
6.833691156797490862e+01 2.329413481048938593e+03 4.634394257035766816e-03 1.055456193765236605e+02 6.920527165728090901e-01
2.180100378228514160e+02 2.375413277857344656e+04 3.811701924909472383e-05 6.383946698564576394e+01 8.630482299111524869e-01
2.042748069394081085e+02 2.085403780197048400e+04 4.891684136967155592e-04 7.245975005151778703e+01 7.920363788622859502e-01
5.107510485292965363e+00 9.412635753520987691e+00 2.066514198589670392e-01 1.120073899881879527e+02 1.217404926761355560e-01
2.301941693502196813e+02 2.648894885741733742e+04 1.631090782034178358e-02 7.803273546936773641e+01 2.750927985428334166e-01
1.568591642325224598e+02 1.229509171803284698e+04 2.760625119115685255e-02 1.062908668760302362e+02 2.676025812782915070e-01
4.481622005436569367e+01 1.002101008156193302e+03 6.601867733943204974e-02 1.075538822556105316e+02 3.704980274485178970e-01
5.745955875432338900e+01 1.646406110112804299e+03 7.487770789657581527e-02 1.112781708371031186e+02 1.689285382407965386e-01
2.488772403579693275e+02 3.096186447390881585e+04 5.526967791118734142e-04 5.893424258601741883e+01 6.305001456137206972e-01
3.905683876544448196e+01 7.629006348939385589e+02 4.118226288037608873e-02 4.002465599266844976e+01 1.163176322853782738e-02
1.713658610361252670e+02 1.467711522281943689e+04 4.186519280858903500e-03 1.096443030188423506e+02 6.495246731031023568e-01
2.409755341750092938e+01 2.832073053673285017e+02 2.146941109205260240e-02 9.115393993872049805e+01 4.031815534977033488e-01
1.211565799488059980e+02 7.338516820030099552e+03 1.489104885331300407e-02 8.452416711950102979e+01 1.829567998719175692e-01
1.268935933470676645e+02 8.041954470124297586e+03 3.811701924909472383e-05 1.000850655282020085e+02 9.459115408057294783e-01
1.434971433424539384e+02 1.028533031688706251e+04 6.352836541515786853e-05 5.041219292912661842e+01 8.919317571731736338e-01
9.096629496277876115e+01 4.133979124596919064e+03 4.643288228193888367e-02 9.933450612646882405e+01 2.328193160147735141e-01
8.280463368234434540e+01 3.425521419410632461e+03 1.106028841877898516e-02 3.483956397547526507e+01 2.443785978092754829e-01
4.591673787528808930e+02 1.054115133590412734e+05 1.316307731402071093e-02 1.123259565254383432e+02 3.121257145553478773e-01
1.342192329495397587e+02 9.001302957002488256e+03 1.258179277047201568e-02 3.219929600639461142e+01 1.956640178319193901e-01
3.696151079640451940e+02 6.829773929346630757e+04 5.615907502699955291e-03 1.163904192918347178e+02 4.530470189693776017e-01
1.780274706674130130e+02 1.584028507479710788e+04 3.101772441395082847e-02 1.171293792990535962e+02 2.234896089646445927e-01
4.569860269770555306e+01 1.034484318664732655e+03 7.210469474620418004e-04 5.437462454833438130e+01 8.966555387346208938e-01
1.588589832951021386e+01 1.230183489290234888e+02 1.136395400546343915e-01 7.086221640934414268e+01 1.680769326269887509e-02
6.505668223057257649e+01 2.108990484270485467e+03 1.565974207483641521e-03 9.471827871557280787e+01 6.764773764458622551e-01
9.160202960209149126e+01 4.192014894239683599e+03 5.606378247887682138e-03 5.303906856662339209e+01 5.418206637731950437e-01
3.839277411622766181e+02 7.369440151873524883e+04 1.369036274696652095e-02 1.131944420416636916e+02 2.498601388425460701e-01
5.197161186872649807e+01 1.347927060061185557e+03 3.243123054443809022e-02 1.046057426408537907e+02 6.428045743082652086e-01
7.806966624823006384e+01 3.043844755093509775e+03 4.575630519026745169e-02 8.694392511673424906e+01 4.264232107625972046e-01
1.116255124453377192e+02 6.227489422626252235e+03 3.958134807191410892e-02 1.050958754975736156e+02 8.363158360846816020e-02
1.124226839960144133e+02 6.314037373529720753e+03 2.231116193380344379e-02 1.086001321552896144e+02 6.373284762943579596e-01
6.082297821353026279e+01 1.844614795513632089e+03 7.648815195985007517e-03 5.918167301962419913e+01 7.645788625380364190e-01
1.745230895943576570e+02 1.522119625482628180e+04 4.234165554920271864e-03 7.784450404567652981e+01 5.150661153530610159e-01
1.504923278447444090e+02 1.132153801310444942e+04 1.164792579886919470e-02 7.458532450676767667e+01 1.445317314986525048e-01
2.286339665442782518e+02 2.613423866842480857e+04 8.414331999237660217e-03 5.867141957192534107e+01 4.989952163609884805e-01
1.676252544353650649e+02 1.404798169349291129e+04 2.636427164729051686e-04 1.169665254786478386e+02 8.104708632425006165e-01
2.795142277883030246e+01 3.834999200297071980e+02 3.349533066514198687e-02 3.085215405941564981e+01 4.743810593553846738e-02
7.048458403769072333e+01 2.476604320941715741e+03 1.334095673718315280e-03 8.046571888193946620e+01 8.290271749872732965e-01
4.978505956737534888e+01 1.236777632249245016e+03 2.535417063718950481e-02 3.073614730216765878e+01 6.496080545020879726e-02
1.030102877975751312e+02 5.293893415750594613e+03 2.223492789530525331e-05 3.371583570605730529e+01 9.263843833884772838e-01
3.387232306323337525e+02 5.735781524584918952e+04 1.515151515151515150e-03 6.552458259123892503e+01 6.538822498544949458e-01
5.895117457431621233e+01 1.730608814994257955e+03 1.334095673718315280e-03 4.746760494104219674e+01 5.931427618853657435e-01
1.045118848440150572e+01 5.139728222961548454e+01 8.005526967791118387e-02 3.543401676751468443e+01 1.357460022020168799e-01
3.115335575700722188e+02 4.852031180465901707e+04 1.215932914046121555e-02 8.130958590918824314e+01 2.355587430748290467e-03
7.529082364776751035e+01 2.829618469277599161e+03 2.884823073502318716e-02 6.458386647644331902e+01 2.895775288636682765e-01
1.478982144222696036e+02 1.092714779331495993e+04 2.858776443682103948e-05 4.432173018615002036e+01 9.253125433412565659e-01
3.594326651956993146e+02 6.458901094692909101e+04 8.439743345403722535e-03 8.473293366794831627e+01 2.791590037009391567e-01
1.683766983075427959e+02 1.417037317218008138e+04 8.697033225335111528e-03 3.061092664973304522e+01 2.137816352386571195e-01
3.072648641673600878e+01 4.656948632297333006e+02 8.566482434406962054e-02 6.479116966195277882e+01 5.183370038759307907e-02
1.140394815527616714e+02 6.496810403566734749e+03 1.684136967155835246e-02 5.292325047861774578e+01 2.289801787748563244e-01
2.022896017833101894e+02 2.045501981302903732e+04 8.087160917349596814e-03 3.433927645491436920e+01 4.142526805966237347e-02
1.502834321706530432e+02 1.129133551138642724e+04 3.321262943904453036e-02 1.014452761573303974e+02 9.209292669855664859e-02
1.581365121293782465e+02 1.249159199794807137e+04 1.016453846642525924e-04 1.169905096152118915e+02 8.486426783625089509e-01
5.632887741446581487e+01 1.581290216893601837e+03 4.716981132075472039e-02 1.043818504596686694e+02 6.971847731360837352e-01
7.364001294135780640e+00 2.576643634549185435e+01 1.411028524236071502e-01 4.773413918700568104e+01 1.145328111112752789e-01
6.653064392094636048e+01 2.204351251515310651e+03 1.758147512864494111e-02 3.952739708763344595e+01 4.628601968539931555e-01
1.005271251169648110e+02 5.050986679733929122e+03 1.168286639984753190e-02 4.149055435218483012e+01 3.595350109479951706e-01
3.035907667406693804e+02 4.607732358493089851e+04 4.631217838765008810e-03 1.178803745856349252e+02 4.591896436755159572e-01
6.264830926408898648e+01 1.956283961328803116e+03 4.186519280858903500e-03 7.019051879364506874e+01 4.094884479881368278e-01
1.142580316840624164e+02 6.517902802109895674e+03 3.176418270757893291e-04 6.501999319749521078e+01 7.559364822900862535e-01
1.030425579404566605e+02 5.297024581671514170e+03 8.703386061876627975e-04 1.062571162619207001e+02 6.526707656943384617e-01
2.763570519957653104e+01 3.766648697531360312e+02 8.430214090591449383e-03 8.144538951512691938e+01 7.245463956370239433e-01
9.348648551802388340e+01 4.365404557432168076e+03 2.020837303856171802e-02 5.897735010730167460e+01 4.790315244720086407e-02
1.258599102124867102e+02 7.908593122325643890e+03 4.097579569277682676e-04 5.306517791942588502e+01 7.878020876789912919e-01
1.447764664697393755e+02 1.047755116961148087e+04 1.961438282192999247e-02 7.824425472978245466e+01 2.345078760042982324e-01
1.348731308113768534e+02 9.085271614022043650e+03 1.524680769963788953e-04 7.731207381513462451e+01 8.101633736060209756e-01
1.357111948046444923e+02 9.205241757967825833e+03 2.252715837621498129e-02 9.454690949859596572e+01 3.980961918655424592e-01
1.968336294394868276e+02 1.936141871655892101e+04 5.399911060288419299e-04 5.292888059612251794e+01 6.043145627459073355e-01
1.203100841868111388e+02 7.228380422049930530e+03 3.494060097833682566e-05 6.257649700630874889e+01 9.403920515867835173e-01
1.785050690549623766e+02 1.592233460723816643e+04 3.195476780382440572e-03 1.114872153703012430e+02 6.002094780123813367e-01
1.836584835861933129e+01 1.663234366166836935e+02 4.756368718632869586e-02 1.187811906687702646e+02 4.300610082581484694e-01
2.126670247452213403e+01 2.207987888768957419e+02 2.254939330411028647e-02 6.519934889523324273e+01 4.202971925074606152e-01
7.845614543152285592e+01 3.068575257048706135e+03 4.446985579061050933e-04 1.027467870026671903e+02 8.536217855354131245e-01
2.296273129049178578e+02 2.635442261823318040e+04 4.256400482815577042e-04 4.041705323329251343e+01 7.369438905018177444e-01
1.907811987467621293e+02 1.819802740241539141e+04 1.824534654723334107e-02 1.024600790440396594e+02 3.427067906063206437e-01
2.622237901061607772e+02 3.437352827697488829e+04 7.061177815894797115e-03 4.006291722849620385e+01 1.327347782300774826e-01
6.623979453438610676e+01 2.191842034994866481e+03 1.675242995997712828e-02 4.475357674470639324e+01 3.558629459531253425e-01
5.624506666400241528e+01 1.579513773324227259e+03 5.581284543548694493e-02 1.003500286805564912e+02 4.394320143733261574e-02
