# format=SNRtot_MF, evidence_inj-nofilter, occams, mass_in_solar, chi_inject]
1.669336065249945875e+02 1.392484755519588725e+04 6.060606060606060601e-04 9.037789621564677134e+01 3.979632144673021510e-01
1.048009986375881368e+02 5.484167236054187015e+03 1.251221896383186705e-03 1.160150981106714170e+02 4.875119467477015411e-01
5.867950793418352617e+01 1.716192000257680093e+03 7.504072987943955463e-03 1.117062743726552441e+02 5.195722706587616729e-02
9.010166345296576651e+01 4.054296481824568673e+03 2.538286086673183662e-03 9.816728499682832876e+01 9.945105010586852146e-02
1.478611195558358560e+01 1.021294444457055874e+02 1.951775822743564677e-03 1.521398121935504477e+01 8.712712951152978835e-01
3.556388360946737492e+01 6.243600062727007298e+02 7.331378299120234598e-04 2.492179453298138725e+01 7.322922368810295124e-01
1.204738357549206995e+02 7.248754460223177375e+03 4.594330400782013681e-04 1.076476336718972391e+02 7.110643408838265289e-01
8.578191384228580318e+01 3.672783450414261551e+03 1.616161616161616160e-03 6.998846691264753872e+01 3.956758127572675421e-01
5.662018893150317922e+01 1.591098652914974082e+03 4.561746497230368194e-05 3.050886523046973764e+01 9.448509981808752567e-01
5.599060980306358459e+01 1.562396478362622929e+03 5.571847507331378728e-03 1.073034707993259502e+02 1.088809541675444525e-01
9.689213576044632248e+01 4.686120537508201778e+03 5.799934832192896704e-04 3.645512291033140428e+01 4.340299884021966981e-01
6.250974615443635685e+01 1.942007061182132702e+03 1.238188334962528510e-04 2.695810427177401891e+01 8.593424953658402865e-01
2.750993298693958522e+01 3.745560935606208659e+02 3.717823395242750295e-03 3.228954362430666691e+01 2.106244303919358463e-01
4.861132856008710945e+01 1.175730005363566079e+03 2.958618442489410229e-03 7.839091381108973167e+01 5.701139769853814654e-01
8.060800379589629472e+01 3.235755840330010869e+03 1.205604431410883023e-04 3.401112429270551729e+01 8.466366324904017748e-01
1.902067452243672463e+01 1.767894342003729093e+02 2.564027370478983228e-02 8.211991222609890428e+01 6.141896952035622581e-01
1.427670532627882771e+01 9.762578454145960904e+01 3.758879113717823739e-02 1.054768475555143112e+02 7.056114175352681261e-01
2.511707919232497588e+01 2.881365421298386309e+02 4.822417725643532091e-04 1.027935687656613517e+01 4.951764052578560560e-01
5.060067061817793643e+01 1.275151182055778690e+03 7.722385141739980443e-04 3.597099562892070423e+01 7.806661693683419889e-01
2.316743036011977495e+02 2.682752390659909361e+04 4.822417725643532091e-04 1.044130997532717799e+02 1.260869286532989852e-01
1.176653099388512231e+02 6.915427332112514705e+03 2.264581296839361570e-03 9.249700171155257067e+01 1.422106476579447498e-01
1.204937953446637238e+02 7.251714538096470278e+03 7.689801238188334956e-04 1.196515884865191168e+02 5.351638805102255647e-01
4.852049577703837713e+01 1.170918534574309433e+03 1.524926686217008796e-03 2.616473836628046712e+01 4.462841855466963548e-01
6.237304059462582728e+01 1.936934990875906806e+03 1.032909742587161941e-03 4.775818121996529442e+01 6.265160798142747067e-01
5.747642618288236349e+01 1.642885665177862847e+03 4.105571847507331375e-04 1.930917309592540931e+01 6.588683839397956321e-01
1.446559925243637679e+02 1.045720261285819288e+04 4.431410883023786246e-04 4.950167159366872482e+01 1.097470168265889112e-01
1.056444113134287477e+02 5.571188245696193007e+03 1.955034213098729226e-04 3.183607152096674042e+01 6.553886890358928685e-01
8.907935747106235169e+01 3.958978235177497936e+03 2.834799608993157378e-04 2.707258389891844530e+01 5.804421236178447518e-01
1.067642003362954313e+02 5.692793500457567461e+03 1.094819159335288367e-03 1.087776381708075348e+02 8.425411679261241016e-02
3.185677141915963873e+01 4.985161274765407029e+02 4.496578690127077220e-04 8.522934077881021153e+01 9.443869723257010129e-01
2.370208097959848104e+01 2.733861794105322929e+02 6.376669925057022043e-03 2.768883454691626156e+01 1.662623545528448543e-01
4.400042369579532675e+01 9.628046341920073701e+02 7.699576409253828385e-03 9.688049163221022297e+01 4.588545202226863573e-01
1.115256358108084811e+02 6.210002811622945956e+03 2.020202020202020200e-03 9.091524729646098990e+01 1.317987693435766772e-01
2.402504384697749273e+01 2.823074969181469669e+02 8.341479309221244698e-03 4.030474236169511926e+01 4.163649956917995776e-01
1.801508878327391869e+02 1.621702075371661158e+04 1.303356142065819484e-05 9.758092637859198248e+01 9.398436519077628670e-01
3.930070455122971396e+01 7.645861045718341984e+02 1.132616487455197218e-02 7.802479783585401663e+01 1.869733931229849433e-01
1.609135002593578179e+02 1.293458086361291680e+04 4.561746497230368194e-05 6.698014857481365425e+01 8.741422337155363431e-01
1.334941453537596487e+02 8.902083330653706071e+03 6.549364613880742907e-04 1.191906775839859307e+02 5.155186648865286436e-01
1.085460665515787468e+02 5.886603802210064714e+03 2.170087976539589441e-03 1.011707381156538190e+02 1.600867430321710125e-02
2.119058312874091428e+02 2.244297993713145843e+04 3.421309872922776146e-04 1.195271864392037884e+02 5.425411196945378878e-01
7.202748884397384188e+01 2.586218233736749426e+03 2.652329749103942650e-03 1.061870997754847821e+02 5.625051099143169031e-01
4.380380884341563075e+01 9.515370417361884847e+02 1.205604431410883023e-03 4.118861368627629815e+01 6.813190864883358344e-01
2.451931747761026870e+01 2.926181327891877686e+02 2.681655262300423805e-03 1.051495354325576770e+01 1.354469986887775479e-01
5.963564742810157071e+01 1.773190490190548189e+03 2.212447051156728791e-03 4.496313457222240118e+01 4.415020671749031456e-01
2.357829239571648543e+02 2.778772131439406076e+04 3.160638644509612249e-04 1.158576837156417696e+02 1.495611815545456157e-02
7.284292640831587562e+01 2.646251161369770216e+03 2.463343108504398825e-03 8.560245715922826548e+01 4.370063239071973749e-02
2.444711118781146197e+01 2.899632422837775039e+02 4.972303681981101765e-03 2.495506309830036429e+01 5.753633553969843550e-01
2.605967677612798639e+01 3.333204028203488747e+02 5.685891169762137716e-03 6.717519991325323758e+01 6.918515022554565519e-01
2.208891562122014207e+01 2.383228653200047802e+02 7.096774193548387524e-03 1.720546360258284579e+01 3.923491224355437068e-01
5.460088120579501947e+01 1.483835309828293020e+03 4.506353861192570649e-03 7.471529875666588794e+01 4.623756994690067512e-02
1.824710806884527869e+02 1.663906928721595250e+04 4.561746497230368194e-04 1.192141765552878496e+02 4.932110990812859641e-01
3.188367901963209050e+01 5.023631365366208570e+02 1.380579993483219310e-02 1.152955937652154432e+02 1.859157494564188662e-01
7.526171457351166794e+01 2.821964540676392971e+03 9.058325187357445414e-04 4.655471966018937025e+01 5.253141937894473257e-01
2.117684813979759610e+02 2.241757164714086321e+04 2.183121537960247636e-04 9.178649548346646725e+01 5.903026245625645485e-01
5.018419070742893950e+01 1.253550020848707391e+03 3.766699250570218309e-03 6.312158119770641918e+01 1.445478842164546751e-01
7.083833697373115967e+01 2.502259356169447074e+03 4.248941023134571518e-03 1.020774456721396177e+02 3.165509619901087923e-01
1.037582353432433564e+02 5.373346712590049719e+03 1.922450309547083739e-04 7.418314244910619948e+01 8.265737307588012506e-01
6.928334263900090662e+01 2.391619474454280407e+03 6.353861192570869985e-04 2.619282341428727179e+01 5.324093254176236467e-01
1.430449737484719321e+02 1.022324697815020954e+04 4.040404040404040401e-04 4.078892640056275098e+01 3.831803250518162063e-02
6.629291374848321539e+01 2.189764993554337252e+03 6.907787552948843265e-04 9.335431447284639717e+01 8.027603774593710106e-01
7.523842585580374021e+01 2.824752168113102471e+03 1.547735418703160637e-03 5.884996285373005520e+01 1.493313147071339553e-01
1.197966030899015948e+02 7.164590317266260172e+03 2.541544477028347994e-04 7.180118015507477480e+01 7.314516061369812361e-01
5.224489759012945456e+01 1.358501345813436728e+03 3.851417399804496575e-03 8.381988275733208127e+01 6.756173403543555556e-02
1.761301671401760416e+02 1.550454437256196070e+04 5.799934832192896704e-04 8.779917968638612535e+01 2.235413051465157397e-01
8.671270755266019137e+01 3.753870979840791733e+03 2.075594656239817745e-03 9.970493527024210323e+01 2.946954719291638436e-01
9.200217520595319343e+01 4.226550602687838364e+03 9.025741283805799927e-04 4.663541270820920914e+01 4.062880091724997422e-01
2.969470697266087313e+02 4.408149144103800063e+04 7.820136852394916904e-05 9.827451185059226191e+01 7.137223048765187761e-01
9.947363712235009814e+01 4.939963344580872217e+03 1.006842619745845551e-03 7.607474028988292503e+01 6.191012598674053985e-02
2.010797985915325725e+01 1.987667468803165889e+02 8.351254480286738127e-03 3.140732138442250942e+01 4.081204611936803950e-01
3.123175683800720037e+01 4.738032847847925950e+02 3.910068426197458452e-04 1.105708848473167727e+01 6.185905239118434373e-01
6.510530362371927993e+01 2.112336273436896590e+03 4.059954382535028126e-03 1.100679871677155290e+02 3.356818670659372783e-01
6.475944741243405645e+01 2.088384361515618366e+03 3.440860215053763438e-03 6.843934373692046336e+01 6.648805630529643074e-02
1.038760818543189970e+02 5.389448802507474284e+03 1.883349625285109154e-03 1.107220744791757028e+02 3.967341743527250664e-01
3.054609516848509543e+01 4.581363435421321242e+02 3.101987618116650372e-03 5.078627840643584790e+01 7.254884098716931629e-01
3.568545111312641893e+01 6.319420075627592723e+02 5.008145975887911584e-03 4.633118250905062041e+01 6.510576622959290960e-02
8.734041401484374489e+01 3.800814588108315547e+03 3.290974258716194197e-04 2.474561661961859826e+01 5.248094051705791685e-01
1.072142196762810684e+01 5.288774119065891455e+01 4.649723036819810792e-03 1.067462846898317608e+01 7.592779568005141311e-01
4.686293248213802798e+01 1.092177530870174451e+03 5.946562398175301613e-03 7.191701378586063242e+01 5.670533208582337337e-02
1.016058914735742604e+02 5.152893810168635355e+03 9.449332029977191259e-05 4.696419444437736246e+01 8.360340868294630079e-01
3.334067677751620096e+01 5.487987392386139618e+02 1.782339524275008144e-03 2.300061210894802599e+01 5.326382707880273903e-01
6.839446871918505622e+01 2.333009560876205342e+03 7.983056370153144340e-04 6.383386792811236177e+01 6.900872718108036485e-01
9.001064803621900978e+01 4.042866581757699350e+03 4.920169436298468552e-04 5.923980114580502487e+01 6.477624112465645290e-01
4.006496674847102213e+01 7.931827411481012859e+02 8.732486151840990543e-04 2.051726524457619405e+01 6.403267974977095989e-01
8.493338379574798580e+01 3.598574078574215491e+03 1.880091234929944606e-03 8.307990649449450871e+01 2.967569871010997465e-02
1.547189263381963187e+01 1.163669334417447772e+02 2.103942652329749211e-02 3.969186601010122928e+01 2.769896910699087833e-01
1.283291235865863484e+02 8.220311752511179293e+03 1.629195177582274355e-05 3.857976937478315449e+01 9.300446251362070038e-01
1.120990173796641187e+02 6.274424437429591308e+03 1.205604431410883023e-04 8.768046030160451210e+01 8.766818019297661913e-01
1.308624728119790177e+02 8.552318089276175670e+03 1.042684913652655587e-04 3.646277254645379173e+01 7.568582390616115374e-01
1.913223305649285635e+02 1.829227784750163846e+04 1.335940045617464971e-04 1.161963755454604268e+02 7.775050447795704978e-01
7.727030997254267675e+01 2.976494344330506465e+03 1.010101010101010100e-03 2.728032944831059936e+01 3.200995555580923857e-01
8.964500882658205683e+01 4.010170939842646021e+03 1.638970348647768001e-03 5.284257814851371649e+01 2.775679664166930127e-01
4.460453342080318606e+01 9.868007277793933554e+02 1.870316063864450960e-03 5.016974441040498078e+01 6.220243653607857581e-01
1.372356918357885434e+02 9.410464783732153592e+03 1.629195177582274355e-03 1.190972211660012903e+02 6.714914096970432678e-02
1.697511651072880738e+02 1.439783049403924633e+04 2.899967416096448352e-04 9.818825539950950088e+01 5.985711263058188791e-01
7.152624080079281299e+00 2.370820186112314332e+01 1.395242750081459801e-02 1.665794104134137754e+01 4.259616263036714034e-01
1.019258019652879597e+02 5.185442297457442692e+03 5.995438253502769627e-04 1.176140889257509201e+02 7.444651542668297983e-01
2.657879278890111863e+01 3.464630591048652377e+02 8.260019550342131631e-03 3.222661232520466257e+01 3.572969508617584999e-01
1.307329360964537841e+02 8.532349481113522415e+03 2.606712284131638968e-04 4.119412144572813617e+01 5.147354444076333024e-01
1.922577786998492115e+02 1.847307270218296253e+04 7.494297816878462033e-05 4.552027042801406509e+01 6.837343396876240931e-01
2.206152554820276634e+01 2.397588571072499235e+02 1.914304333659172519e-02 6.772363429469199048e+01 3.974085401930218531e-01
