# format=SNRtot_MF, evidence_inj-nofilter, occams, mass_in_solar, chi_inject]
8.936484822895728541e+01 3.985468824949787631e+03 6.516780710329097420e-04 5.013993137539736011e+01 5.015342993846652053e-01
1.594069726196867798e+01 1.236992868463996729e+02 2.833496252851091732e-02 5.972764859964418349e+01 5.407793764951898119e-01
1.085380496654668576e+02 5.884487802200169426e+03 3.844900619094167478e-04 5.085190667006737897e+01 5.065071750233873793e-01
2.796194096913321303e+01 3.858703268652193970e+02 1.134571521668295904e-02 5.428506909289112059e+01 5.174845168897831416e-01
1.244615726853251942e+02 7.738010796819514326e+03 3.681981101335940042e-04 5.514383146689268500e+01 5.956525735849401704e-01
1.734679773110104577e+02 1.503762949149016822e+04 2.574128380579993481e-04 5.992787137527250252e+01 5.065808703242450362e-01
3.134481613953483858e+01 4.848899388724987034e+02 6.823069403714565433e-03 5.703305118486507297e+01 5.748601489946648657e-01
6.988691085501909583e+01 2.433956782789746740e+03 1.130661453242098402e-03 5.273799297803719810e+01 5.735793304542872173e-01
1.177068173237826159e+02 6.917935472674703306e+03 4.724666014988595630e-04 5.677614271283465541e+01 5.739284729017490871e-01
8.636844661581764626e+01 3.722250206612558031e+03 1.072010426849136526e-03 5.466122930888992926e+01 5.008334863807202275e-01
2.204913271381478523e+01 2.372659530275349766e+02 1.222548061257738676e-02 5.325057531175323788e+01 5.301354902377010125e-01
1.783576650346585950e+02 1.589448558364959354e+04 1.694362984685565329e-04 5.182324240097999279e+01 5.129283939224759115e-01
7.684838269478446193e+01 2.945289734018384024e+03 8.862821766047572491e-04 5.319954047917813966e+01 5.791780384314118013e-01
3.589368151513374272e+01 6.391222421466706010e+02 4.147930922124470725e-03 5.809009295225089886e+01 5.350001646685745849e-01
2.116670448517004388e+02 2.239176741181185207e+04 1.726946888237210816e-04 5.309135976947733582e+01 5.019994199396817791e-01
1.773100295453306430e+01 1.485537368168074295e+02 1.918866080156402670e-02 5.199485380782263633e+01 5.422430764421868332e-01
1.259441820634759068e+02 7.922191879099143989e+03 2.899967416096448352e-04 5.772803814265671463e+01 5.848378339971970208e-01
1.078090357462465221e+02 5.802173040219811810e+03 4.105571847507331375e-04 5.175403262115893455e+01 5.727667172326867950e-01
8.766930858551602057e+01 3.834003936963762499e+03 5.604431410883023781e-04 5.440378603381279277e+01 5.801793691469251391e-01
4.699970981006809723e+01 1.097227046447727616e+03 3.069403714565004885e-03 5.427002932478455932e+01 5.244628179825396863e-01
7.625182327956093786e+01 2.902897911768050108e+03 1.541218637992831540e-03 5.095590318376429195e+01 5.080495180996075222e-01
1.737952280766313891e+02 1.509409954573974574e+04 1.889866405995438252e-04 5.081884559802392687e+01 5.611993427611537966e-01
1.623382985006406614e+02 1.316549748961063051e+04 2.117953730856956662e-04 5.907395415333085964e+01 5.795758109612709763e-01
5.534383788585097363e+01 1.523747786665577678e+03 1.847507331378299119e-03 5.856677814048020281e+01 5.775338224107533502e-01
9.204124237155305366e+01 4.224815514355435880e+03 6.158357771260997062e-04 5.028804850674206506e+01 5.986079238987603857e-01
4.779614645765060743e+01 1.134814295423840804e+03 2.834799608993157378e-03 5.682309684496252800e+01 5.309949919989540579e-01
7.849859682350516721e+01 3.073084390425141464e+03 1.006842619745845551e-03 5.384804000808622249e+01 5.794484493585999596e-01
9.556960137818514056e+01 4.558387827798812395e+03 8.862821766047572491e-04 5.958704842406199731e+01 5.224254011380200513e-01
3.639122720633142904e+01 6.567744739006730015e+02 7.295536005213424345e-03 5.983919958142261919e+01 5.069277709762487483e-01
1.196800745831539388e+02 7.154493793182949958e+03 3.193222548061257736e-04 5.765709570965690034e+01 5.940173520241197602e-01
2.332528140840488362e+01 2.682763146161528880e+02 6.836102965135223627e-03 5.231988763536411824e+01 5.737362683635062188e-01
7.106641026460148680e+01 2.516470759787089719e+03 1.345715216682958617e-03 5.211245037653210233e+01 5.085124041661094330e-01
6.249556437375641593e+01 1.945476214563004987e+03 1.704138155751058975e-03 5.823178645562349232e+01 5.711601905744403407e-01
6.254895852116391097e+01 1.948828738057732153e+03 1.505376344086021504e-03 5.365706540298781846e+01 5.262408355479211153e-01
3.052264622220218371e+01 4.601865910131340343e+02 7.165200391006842397e-03 5.161974337643776067e+01 5.219017630846493061e-01
1.666997983752114010e+02 1.388139667807414480e+04 1.824698598892147278e-04 5.480318679753765565e+01 5.386633439864978445e-01
3.661601540284223688e+01 6.648813413887630759e+02 5.588139459107200821e-03 5.214998318475097250e+01 5.601491916318405151e-01
1.617356100465369195e+02 1.307016134713279644e+04 2.052785923753665687e-04 5.542596662237398419e+01 5.852064505865404165e-01
3.934613134906940246e+01 7.674245011077684921e+02 4.206581948517432168e-03 5.131730417002856370e+01 5.389078318321735006e-01
1.365990867553342696e+02 9.319657616070568110e+03 3.486477680026067120e-04 5.912242543255284488e+01 5.609367036038990229e-01
1.082176747375850425e+02 5.845884707560629977e+03 4.333659172368849784e-04 5.852011328447908767e+01 5.694615661354920366e-01
5.891182385214213468e+01 1.728752807903713119e+03 1.632453567937438904e-03 5.656077346721185961e+01 5.346263889702427274e-01
1.010480684331028129e+02 5.098666493751261442e+03 6.125773867709351575e-04 5.239663518603357062e+01 5.837219666772375248e-01
2.938238314573419530e+01 4.260524780760764543e+02 7.862495927012056254e-03 5.122058095097968788e+01 5.769222064195443922e-01
6.891652018320954198e+01 2.367734941865357996e+03 1.700879765395894427e-03 5.359180331450922807e+01 5.004452647665126319e-01
1.208238899743194281e+02 7.291975939659610049e+03 4.040404040404040401e-04 5.759396158597490967e+01 5.836962835999607302e-01
9.046060919175722859e+01 4.083419215884637651e+03 6.907787552948843265e-04 5.299969354087924245e+01 5.041816239483055684e-01
1.113250486905767929e+02 6.190919193615136464e+03 5.930270446399478652e-04 5.524137913754028517e+01 5.368568264003874546e-01
1.033282133049827394e+02 5.331414179409182907e+03 8.080808080808080801e-04 5.932720335188037808e+01 5.173027069593899574e-01
1.237166348801392530e+02 7.646273207674479636e+03 3.942652329749103939e-04 5.623127484155057232e+01 5.450051256609464989e-01
6.473941574329474236e+01 2.089516637175543565e+03 1.427174975562072335e-03 5.868894489191772834e+01 5.793140518557569063e-01
6.720926734986056772e+01 2.251239040648139508e+03 1.068752036493971977e-03 5.813600629196268699e+01 5.919366661698002297e-01
1.449612003328167020e+02 1.049746065456373253e+04 2.541544477028347994e-04 5.280189497114089647e+01 5.002124042472518850e-01
1.071777739433851906e+02 5.735301308846825123e+03 6.386445096122515472e-04 5.680000900895964833e+01 5.504810520074301383e-01
4.872002518558718265e+01 1.179291905696099775e+03 2.108178559791463232e-03 5.417402716138597185e+01 5.647816801486876814e-01
1.132268462603045833e+02 6.400863221581254948e+03 4.040404040404040401e-04 5.182311189053333322e+01 5.499579295235067500e-01
1.159228376391490372e+02 6.710023025417427561e+03 4.463994786575431733e-04 5.805235282998046387e+01 5.035694796787569816e-01
1.271302218397285628e+02 8.070372411105212450e+03 4.366243075920495272e-04 5.812593437559153386e+01 5.019186528436604400e-01
4.002157285057964486e+01 7.950980414896489492e+02 3.245356793743890515e-03 5.393533599047306382e+01 5.664881524491585107e-01
1.213055362973054798e+02 7.348996750631190480e+03 4.724666014988595630e-04 5.079774810596484258e+01 5.311180015110880115e-01
1.187809747289482090e+02 7.046000853485973494e+03 4.920169436298468552e-04 5.925886316263986942e+01 5.809396111148830144e-01
7.359668497338489601e+01 2.699703527399928134e+03 1.303356142065819484e-03 5.492673832352733143e+01 5.090795059856019211e-01
1.381493152684971335e+02 9.531181494781085348e+03 3.128054740957966762e-04 5.579678881093821730e+01 5.912192659042699860e-01
5.575531806886100128e+01 1.547963539255613796e+03 2.088628217660475940e-03 5.719898530825098248e+01 5.062261605149277477e-01
1.494530218270614057e+02 1.115968785172103890e+04 2.313457152166829584e-04 5.019583404688605555e+01 5.246205196767121937e-01
5.145273101827668683e+01 1.316597087990090813e+03 1.990876507005539479e-03 5.356367637745917420e+01 5.609162687512141421e-01
3.002104241214941638e+01 4.458203553575110050e+02 8.732486151840990543e-03 5.329692695905599464e+01 5.347070010802227324e-01
1.082857805271530793e+02 5.851360914116721688e+03 4.952753339850114039e-04 5.459761670443938897e+01 5.781399489297732730e-01
2.440626925691288918e+01 2.924152149605929480e+02 5.386119257086999235e-03 5.251809838393599250e+01 5.944403539642906242e-01
2.928471789573076833e+01 4.247801208397871733e+02 8.846529814271749531e-03 5.158757663415588013e+01 5.536739354441866379e-01
1.240192157194710774e+02 7.686159473514824640e+03 4.170739654610622349e-04 5.676048814800892472e+01 5.071038350081512602e-01
2.015496736048935489e+01 2.006470832853082698e+02 1.376669925057021765e-02 5.145663030393645698e+01 5.279747743234418644e-01
1.411660268198989598e+01 9.430814507623790632e+01 2.380905832518735721e-02 5.591857096648608660e+01 5.449488660148706920e-01
6.599469191439001747e+01 2.169695493246495971e+03 1.476050830889540566e-03 5.941706766336926648e+01 5.328181906745160790e-01
8.395060116584893706e+01 3.515659128815220811e+03 9.481915933528836746e-04 5.564457369012289689e+01 5.796460096409874474e-01
4.530720318450850215e+01 1.020575787542497892e+03 3.913326816552623218e-03 5.991841104761130055e+01 5.079377790343228005e-01
2.066340705903022368e+01 2.087548883821214645e+02 1.092538286086673117e-02 5.258646265025079458e+01 5.779763335415315506e-01
1.064836608071817352e+02 5.661653171986758935e+03 6.060606060606060601e-04 5.121079378477107014e+01 5.165871391697751669e-01
1.182161682065217612e+01 6.320129205295563679e+01 3.311827956989247396e-02 5.845189000041496286e+01 5.842844473179621412e-01
2.419815664865630112e+01 2.873460258833478065e+02 8.719452590420333216e-03 5.630287177497177709e+01 5.240917328379423035e-01
5.602672484477903936e+01 1.562000723901578567e+03 2.443792766373411533e-03 5.671548094996336431e+01 5.747755257116440308e-01
1.646355509723200043e+02 1.354356428424573278e+04 2.150537634408602149e-04 5.296402452088384649e+01 5.946794056550218643e-01
6.715024929473855764e+01 2.243674771689087720e+03 1.186054089279895730e-03 5.265317214273368762e+01 5.508729250504632580e-01
3.342374219967543780e+01 5.562831731785361171e+02 3.453893776474421633e-03 5.407875043128205306e+01 5.115596375158146802e-01
3.594158314763845397e+01 6.433716770511827008e+02 4.868035190615836207e-03 5.321633781851949863e+01 5.012360391448286157e-01
7.266647004711080626e+01 2.633555691356863008e+03 8.048224177256435314e-04 5.600433016243022166e+01 5.823454490578525711e-01
1.850938116130790831e+02 1.712340439588209483e+04 1.824698598892147278e-04 5.754899036194768769e+01 5.825276704122985816e-01
9.348044715833063378e+01 4.360639165288916047e+03 6.158357771260997062e-04 5.924227405934657043e+01 5.993811572595387771e-01
4.641591025789072944e+01 1.070561320251098550e+03 2.909742587161942215e-03 5.700393226645527989e+01 5.035553034845672293e-01
1.067590654575064377e+02 5.689965123409328044e+03 4.985337243401759526e-04 5.824182992667090986e+01 5.331700996048507335e-01
8.203989574087577807e+01 3.357817763818336971e+03 8.048224177256435314e-04 5.690030267831973987e+01 5.394575194274143781e-01
8.405075707105284266e+01 3.524323108992512971e+03 8.015640273704789827e-04 5.250682841125541955e+01 5.390298019438256594e-01
7.732093587188730055e+01 2.981798355260994413e+03 1.463017269468882371e-03 5.807463842435362267e+01 5.409042171252615994e-01
2.091508783330919812e+02 2.186555522417666361e+04 1.531443466927337894e-04 5.683523582280993480e+01 5.502860466273949980e-01
6.656561250265212948e+01 2.209212406211468533e+03 1.290322580645161289e-03 5.078668814348613125e+01 5.334344306091431953e-01
8.935305313387659965e+01 3.985127120398630723e+03 6.060606060606060601e-04 5.115345107512868594e+01 5.640155624788829591e-01
1.358534517385209028e+02 9.218981639270534288e+03 3.486477680026067120e-04 5.443301276737356176e+01 5.102267073564714650e-01
1.582338711237046311e+02 1.250883754444992883e+04 2.313457152166829584e-04 5.653786985074505367e+01 5.563577655295239843e-01
3.637466798656334532e+01 6.558658540259156098e+02 6.432062561094819587e-03 5.644581324762714303e+01 5.862105486985399461e-01
1.270102935851686681e+02 8.057101211974524631e+03 3.193222548061257736e-04 5.359532043575838856e+01 5.683984424541784763e-01
