# format=SNRtot_MF, evidence_inj-nofilter, occams, mass_in_solar, chi_inject]
5.110562989991989014e+01 1.301077533365502632e+03 8.839972047519217488e-03 7.623816835131287917e+01 1.141432498761562331e-01
1.497714510293357932e+02 1.120477678269239186e+04 3.906994473032208461e-03 8.136130684625996423e+01 6.959418981298947683e-03
9.241201446211556458e+01 4.264303877659946920e+03 1.022806683184041693e-03 3.212083586375945998e+01 4.010123887860692071e-01
1.555627511399152070e+02 1.209228052644426862e+04 2.776189568642398880e-03 7.977766912686220735e+01 5.774622943038408840e-01
1.191651598077348417e+01 6.761150535587790955e+01 1.314084238612540576e-02 4.634659873312126166e+01 8.526214339110534945e-01
1.499588144850047300e+01 1.112945026092048124e+02 9.135696588526777406e-02 9.769038634607971971e+01 3.322431512689550392e-01
1.925861189317296862e+02 1.853802714779839152e+04 2.309256082840988392e-03 1.095373810748372705e+02 5.391738521241407067e-01
2.028621171718754965e+02 2.057135948222972365e+04 5.272854329458102722e-03 8.105841366873900711e+01 2.444110713202667373e-01
1.794697851319166659e+02 1.609660406511546171e+04 1.289625817927704705e-03 1.164720453134465146e+02 8.070338211673786510e-01
6.718721295092274204e+01 2.252784635073589925e+03 1.581538657010355189e-02 9.712918325433358291e+01 5.175343193850809875e-01
3.858607731942453256e+01 7.444344046992382573e+02 2.871482116765135609e-02 4.920870938854962162e+01 2.037967634455551680e-01
8.181491398585065156e+01 3.339741269893902427e+03 1.237532558287275306e-02 1.016468175358451447e+02 1.481009460479382478e-01
2.896339224011292686e+02 4.193364238523555832e+04 1.270567308303157404e-05 8.712725339412875769e+01 9.323551908408327371e-01
5.972311990846019114e+01 1.777331940657649284e+03 2.328314592465535997e-03 5.424321105939108634e+01 5.161453039449742652e-01
1.435098420735089064e+02 1.029074946356120563e+04 4.837685026364271432e-03 9.708426129217646405e+01 3.944848278525951435e-01
5.105784037039844492e+01 1.298064201947425772e+03 6.152722190458039322e-03 7.551481419654984961e+01 5.687049108840742662e-01
2.205903849863220501e+01 2.351099460262341836e+02 1.238803125595578335e-03 3.485821472352004946e+01 9.319211690533719672e-01
5.242575790397225433e+01 1.367227903767412727e+03 6.406835652118671176e-03 8.999720988532041588e+01 5.024370442870712550e-01
2.191375385202081247e+02 2.400531234522629529e+04 1.673972428689409842e-03 4.709364927552236679e+01 3.668929027744410876e-01
2.343308823987117364e+02 2.744617247062939350e+04 9.211612985197891140e-05 1.084125713796312453e+02 8.966416974548119256e-01
4.382246471303956525e+01 9.495057292507827924e+02 1.416682548758020415e-03 3.796983337847846229e+01 8.549483276174839608e-01
1.967757745384332679e+01 1.894128431374281263e+02 8.849501302331491681e-02 1.013942625109701225e+02 4.699905569651409154e-01
1.021054416319121572e+02 5.204514133493929876e+03 1.797852741248967762e-03 3.299149644688493055e+01 4.496404254962856339e-01
3.151266891130272256e+02 4.964410987404051411e+04 1.207038942887999543e-04 8.859057751933104896e+01 8.614382492622473242e-01
1.916554594057213876e+02 1.836429185325382787e+04 9.719839908519154305e-04 9.569794522703334394e+01 3.899343687184664842e-01
1.862339446438575976e+02 1.732868581777518557e+04 1.791499904707451966e-03 6.189586422497456653e+01 5.766528548682918753e-01
1.152687312027645419e+02 6.636200219048963845e+03 4.961565338923829352e-03 9.140095832841348056e+01 3.085400667378091488e-01
4.408733143434327673e+01 9.183377708161789315e+02 2.061495457721872985e-03 2.020481159432410578e+01 6.578839850410335144e-01
1.836473325733051922e+02 1.685397780654473536e+04 8.639857696461470012e-04 1.117954366590772679e+02 5.221637292832503885e-01
1.990285373326103411e+02 1.979427868073960417e+04 1.429388221841052008e-04 6.382705933838663270e+01 8.382463496981822360e-01
2.597244994671572726e+01 3.308990023720389786e+02 2.675814751286449342e-02 9.009799026076957773e+01 1.737278279693748317e-01
1.461446746676207198e+01 1.078444597478115270e+02 8.266310907820341447e-02 7.408665869014393479e+01 4.508252364908953425e-01
5.959741431505065634e+01 1.773434698573934838e+03 5.426910615589861098e-02 9.583531147152083918e+01 1.391930995339782928e-01
6.511329312680371117e+01 2.113761957134804561e+03 2.032907693285051793e-03 2.483041919071900594e+01 3.479521882308189151e-01
7.238136604591250745e+00 2.286419215043753184e+01 5.498380026681913557e-02 3.502284036725407645e+01 6.142087716325621560e-01
7.664558968927451588e+00 2.821382399969991184e+01 1.072994091862016358e-01 1.108202130004103481e+02 8.199626920520427520e-01
8.337912132749251271e+01 3.465212732176140889e+03 2.537958198335556626e-03 6.010466143976309894e+01 5.822466777682335781e-01
1.609446219098553144e+01 1.278871552882536662e+02 5.816339495584778307e-02 1.121063897583656797e+02 2.258617300918783211e-01
1.334354272934395738e+02 8.899574612947477362e+03 9.846896639349469419e-05 1.059045797172178709e+02 8.854523784870632630e-01
1.143109530144551371e+02 6.525703643426439157e+03 1.403976875674988823e-03 6.176381879927372154e+01 4.844593680751136389e-01
2.935905623280708809e+01 4.273734689783849490e+02 5.249666476081570748e-02 6.467823147375520421e+01 3.594260107357958867e-01
1.884697368304125575e+01 1.727066227822969608e+02 5.905914490820151491e-02 2.753248496515978161e+01 3.352324854178493352e-01
6.636304193544073371e+01 2.198377208173537838e+03 9.611841687313386201e-03 8.534106314751430489e+01 2.102633151263691713e-01
1.631395549061150803e+02 1.329817943773302432e+04 1.280096563115431119e-03 7.986515809110611031e+01 2.360038817087808383e-01
4.712962219083027549e+01 1.104259775497250530e+03 2.435677530017152717e-02 5.697215530825288710e+01 1.546158985289643462e-01
1.627640455297821802e+02 1.323873405383942918e+04 1.305507909281494088e-03 7.572398146101893701e+01 4.220061276166266473e-01
1.237651389828075565e+01 6.668781127819420362e+01 1.120513309192554541e-01 9.762782996709056249e+01 7.169932625177406760e-02
9.752810721340027555e+01 4.747827458354169721e+03 1.801029159519725552e-03 9.879635174931473784e+01 4.603420503966294541e-01
4.143248329814365860e+01 8.475370433636145435e+02 3.507718696397941344e-02 5.214384230895461769e+01 3.922397907167063380e-01
1.408860966548467673e+02 9.915749046710463517e+03 7.623403849818943681e-04 1.162795345224309784e+02 7.165218430608010225e-01
1.198299864499478815e+02 7.173139860766918900e+03 2.223492789530525249e-03 1.117621247870493875e+02 7.318971728050281955e-01
1.406342010189215159e+02 9.880954635641455752e+03 2.001143510577473028e-03 7.800830473984518676e+01 8.453575803380409814e-01
7.866556887912339846e+01 3.085987073420552406e+03 1.275967219363445711e-02 2.406674527379298212e+01 2.854146901799013702e-02
1.487057636209071632e+02 1.104944829208520423e+04 2.582428054126167417e-03 5.110305929744635733e+01 4.507249126495085911e-01
1.325346838891105676e+02 8.776759001337397422e+03 1.923003621116828668e-02 1.129034124162646862e+02 1.003403711929038919e-02
7.587505877773428153e+01 2.867310459677263225e+03 6.003430531732418867e-04 3.101981578410966733e+01 7.063621292388282402e-01
9.359068664897665712e+01 4.374779548113870987e+03 3.198653198653198578e-03 6.300579708075657237e+01 7.102589356532173874e-03
1.069384746912466824e+02 5.713187291201845255e+03 1.811193697986150652e-02 8.814004015154711169e+01 2.490809906184098671e-02
1.449626396741649614e+02 1.050148128792693751e+04 1.086335048599199439e-03 1.104528889261045208e+02 4.802262968641929919e-01
1.574499688469019532e+02 1.238524938821533760e+04 1.489740168985451965e-03 2.941317019838824365e+01 2.949198611480613463e-01
1.554320489945294241e+02 1.207307750887973270e+04 1.207038942887999570e-03 3.713846832561688416e+01 1.569096050509850848e-01
1.922879628093351201e+01 1.804659251607715760e+02 5.137221269296741305e-02 1.045646676327668274e+02 5.836958128514972977e-01
2.823568246019818062e+01 3.960306115694304481e+02 4.501619973318086304e-02 6.280994601127091670e+01 6.908789260428382928e-01
1.914776844771175774e+02 1.832279288662040926e+04 8.639857696461470012e-04 9.085212147919746428e+01 5.355345714666237544e-01
8.314639888719108285e+01 3.447955055886905484e+03 1.937615145162314902e-04 7.456028322095774286e+01 9.320465093015520841e-01
8.134943387527908953e+01 3.304068309747668991e+03 3.195476780382440572e-03 2.577753300509139578e+01 5.058826405600357345e-01
1.630832452625296014e+02 1.329118160083003568e+04 2.071024712534146571e-03 5.688699962607891081e+01 5.062109136755268413e-01
3.338867990907915839e+01 5.508051933374822511e+02 2.827012260974525034e-04 5.661275547926707929e+01 9.433480066361644711e-01
1.609399234642681904e+02 1.294395576330389667e+04 2.436312813671304318e-03 8.317779628459446428e+01 5.834918880608106484e-01
2.254301229058607134e+02 2.540294622664504641e+04 1.413506130487262626e-03 1.001545012345571308e+02 1.725906411531344109e-01
1.672448590088313267e+02 1.397884278260739484e+04 2.690426275331935738e-03 6.091484441153140494e+01 7.337385939913398936e-04
3.478155134486203792e+01 6.021457948420677440e+02 2.459818308874912526e-02 1.105811473662192554e+02 4.860171884601470760e-01
8.482118018046323016e+01 3.591121047744659791e+03 6.130487262562734794e-04 6.005590847909038388e+01 8.070744677181380666e-01
1.292112615621576843e+01 8.217750595816863779e+01 1.168191347436630390e-01 5.499298288533416468e+01 4.443779624328049183e-01
1.005229374619873255e+02 5.048067794255692206e+03 3.789466997014166987e-03 7.183205700004023697e+01 2.995113711983485305e-01
6.653151369548669436e+01 2.203567394377051642e+03 9.986659043262817101e-03 5.516403811244549615e+01 4.473355689326540818e-01
8.185053128881125417e+01 3.345141596143688730e+03 7.836223873959723835e-03 6.559737254594182332e+01 1.786718968677736552e-01
3.513706891389213638e+01 6.119800075977238976e+02 5.018740867797471736e-03 3.176896715862970666e+01 6.240247248320904827e-01
1.056760819753329486e+02 5.578031339811986072e+03 2.884187789848167201e-03 6.012339118231169266e+01 4.344939102211349269e-01
7.475655272286918773e+01 2.785056952208920848e+03 8.544565148338733067e-04 2.504768926894272241e+01 7.373393602140254632e-01
5.096314985075049719e+01 1.299678308160102461e+03 5.241090146750524391e-04 2.177043606194000702e+01 7.991449150572932369e-01
1.120496807785728777e+02 6.270501158310455139e+03 7.941045676894733227e-05 5.589712274103209211e+01 9.115817654254173563e-01
2.220169221167223128e+01 2.429340997493428631e+02 3.821866463375897527e-02 6.073857860887498816e+01 5.316209540900355135e-01
1.151659749712548546e+02 6.626518644358891834e+03 2.449018486754335911e-03 6.144205346509276211e+01 1.699397093410565107e-01
6.069973698342755597e+01 1.836244273510790890e+03 1.255638142430595336e-02 1.086531834512553587e+02 3.902281894197358603e-01
1.440225011946942857e+02 1.036577323861000332e+04 3.668763102725367074e-03 5.685176815530344641e+01 3.864891537687873968e-01
8.677620138108616743e+01 3.749476335582211505e+03 3.652881011371577474e-04 2.524974940271125590e+01 4.178675810638574628e-01
2.352630178960598784e+01 2.733951133185046842e+02 7.204116638078902207e-03 2.056366539347336797e+01 7.622070007855955009e-02
4.565884028153527652e+01 1.033732820118300879e+03 5.688965122927386840e-03 1.171002647355492456e+02 7.843079487202496702e-01
2.093684001297715724e+01 2.166085446345543915e+02 9.649958706562479505e-02 7.639395428436959889e+01 4.369680877707798894e-01
3.347426503884661741e+01 5.567287309406694931e+02 4.567689473349850413e-03 3.574842289318777233e+01 6.287520223150474541e-01
3.178151265412715532e+01 4.975184380593195783e+02 2.973127501429388350e-03 2.674059638981474762e+01 6.625733015444785767e-01
5.625586848145566421e+01 1.576563323662280027e+03 2.391842957880693527e-03 3.589447478291145188e+01 6.504825629003003762e-01
1.464704156170328702e+02 1.072424508695240729e+04 1.386506575185820524e-02 1.192637481972560067e+02 1.181913665329629298e-01
2.698463390124118888e+01 3.621738714011395928e+02 3.629057874340893552e-02 6.582520096249416497e+01 5.194586310681912344e-01
9.542519826009994688e+01 4.546454248077780903e+03 9.453020773775491076e-03 1.124437344234654148e+02 5.489165576950616465e-02
5.203768796987967704e+01 1.349668822860737009e+03 1.191792135188361572e-02 5.995076461462139150e+01 3.756774666125183293e-01
1.145906296632580421e+02 6.561088547069616652e+03 3.659233847913093054e-03 1.048079851662699298e+02 5.860519892478741610e-01
2.094203983746411382e+02 2.192617631704721498e+04 8.226923321262944334e-04 9.478315364001080923e+01 8.108635533908761239e-01
1.926765179411159181e+02 1.855680268899175280e+04 2.868305698494377602e-03 6.217068451619925185e+01 3.975695618933729886e-02
