# format=SNRtot_MF, evidence_inj-nofilter, occams, mass_in_solar, chi_inject]
5.715336214891363653e+01 1.623053623168675813e+03 1.527857188234546743e-03 9.104584578946412421e+01 6.985314293339183189e-01
7.556755132655376883e+01 2.847417370111204491e+03 1.673972428689409842e-03 1.007157112382449071e+02 5.897166289325073141e-01
5.110562989991989014e+01 1.301077533365502632e+03 8.839972047519217488e-03 7.623816835131287917e+01 1.141432498761562331e-01
4.373347107366207354e+01 9.490246305718335407e+02 2.315608919382504405e-03 9.994259909625786520e+01 7.262467006457152818e-01
1.077947481694533671e+01 5.487349953023800708e+01 2.763801537386443088e-02 4.871772622201552849e+01 6.142775921922404292e-01
1.499756596185487751e+02 1.123827837364902916e+04 7.108824089956165479e-03 7.549527846377264950e+01 6.159519893691924874e-01
1.580361116566753026e+02 1.247928608677675766e+04 7.813988946064417572e-04 1.070631645736625188e+02 4.237660839214353325e-01
2.277244474097535374e+02 2.592997881168593085e+04 4.267517946763229458e-02 1.130629098769765903e+02 2.834094865185401990e-01
1.497714510293357932e+02 1.120477678269239186e+04 3.906994473032208461e-03 8.136130684625996423e+01 6.959418981298947683e-03
4.995464372023967314e+01 1.241586297864498874e+03 6.606950003176418435e-04 2.665857849508351052e+01 6.907340006836136803e-01
1.548062725035367748e+01 1.146420161149058004e+02 1.227368019820850031e-02 7.593920927330819381e+01 6.381467200034428577e-01
5.086671646851037565e+01 1.290367035576792432e+03 5.911314401880439495e-02 6.710090918791311765e+01 4.844264167447213110e-01
9.241201446211556458e+01 4.264303877659946920e+03 1.022806683184041693e-03 3.212083586375945998e+01 4.010123887860692071e-01
2.259163935682239526e+02 2.551506159030256822e+04 3.134807191410964727e-02 8.117789831893270502e+01 2.728336299879298155e-01
1.114967319128161165e+02 6.207355019865368376e+03 7.559875484403786802e-04 5.415966076002086993e+01 2.744078176588219953e-01
1.730836554488529089e+02 1.496568328665705303e+04 5.399911060288419299e-04 4.593937222294545109e+01 7.273615617777193787e-01
1.555627511399152070e+02 1.209228052644426862e+04 2.776189568642398880e-03 7.977766912686220735e+01 5.774622943038408840e-01
1.191651598077348417e+01 6.761150535587790955e+01 1.314084238612540576e-02 4.634659873312126166e+01 8.526214339110534945e-01
2.400051110316244944e+02 2.879256956545634603e+04 3.494060097833682566e-05 1.192742576317034775e+02 9.443818691166065982e-01
4.482121023152244987e+01 1.001057887354352033e+03 3.371450352582427978e-02 5.436852574851051401e+01 5.888938884064121027e-01
1.499588144850047300e+01 1.112945026092048124e+02 9.135696588526777406e-02 9.769038634607971971e+01 3.322431512689550392e-01
1.925861189317296862e+02 1.853802714779839152e+04 2.309256082840988392e-03 1.095373810748372705e+02 5.391738521241407067e-01
3.727977695488226004e+02 6.948032671157953155e+04 1.905850962454736191e-05 6.776698336136206535e+01 9.253008137938055766e-01
8.474540614949878758e+00 3.033641016325952933e+01 3.076361095229019835e-02 3.015417509651945949e+01 3.868076851497526808e-02
2.028621171718754965e+02 2.057135948222972365e+04 5.272854329458102722e-03 8.105841366873900711e+01 2.444110713202667373e-01
2.257218575731639731e+01 2.502163625483239571e+02 1.618385108951146678e-02 5.242874685099582877e+01 1.028564446427811391e-01
1.794697851319166659e+02 1.609660406511546171e+04 1.289625817927704705e-03 1.164720453134465146e+02 8.070338211673786510e-01
7.836267265526080905e+01 3.063173117657217063e+03 1.943967981703830861e-03 9.873162607902710874e+01 5.544796578922823738e-01
2.574959925299222618e+01 3.240185590678792096e+02 8.172924210660060390e-03 3.829019484941879625e+01 7.671599546655951674e-01
6.718721295092274204e+01 2.252784635073589925e+03 1.581538657010355189e-02 9.712918325433358291e+01 5.175343193850809875e-01
3.457153338979188106e+01 5.817905215690918794e+02 6.578362238739597460e-03 2.007467356904060551e+01 3.709848616192977233e-01
3.858607731942453256e+01 7.444344046992382573e+02 2.871482116765135609e-02 4.920870938854962162e+01 2.037967634455551680e-01
8.181491398585065156e+01 3.339741269893902427e+03 1.237532558287275306e-02 1.016468175358451447e+02 1.481009460479382478e-01
5.333262660978602554e+01 1.416303930238201701e+03 4.967918175465345365e-03 5.850244014967342565e+01 7.605009691068824462e-02
2.896339224011292686e+02 4.193364238523555832e+04 1.270567308303157404e-05 8.712725339412875769e+01 9.323551908408327371e-01
2.331066015640928697e+02 2.716017299557350270e+04 2.639603582999809368e-03 5.139582247544313987e+01 5.358553418596496698e-01
1.591638099142592644e+01 1.247624189973946613e+02 5.832539228765643707e-02 1.017781462548278739e+02 2.546701926567400132e-01
1.863312557167395482e+02 1.735002871661306563e+04 3.335239184295788199e-04 8.033121643133503653e+01 4.548544327103547502e-01
5.972311990846019114e+01 1.777331940657649284e+03 2.328314592465535997e-03 5.424321105939108634e+01 5.161453039449742652e-01
5.218942445077673398e+01 1.356517302104528426e+03 4.440950384346610547e-02 1.146378457669680841e+02 5.605846992211558355e-01
7.251633576739985187e+01 2.627630802450798456e+03 6.743535988819007732e-03 5.033595231638083334e+01 5.163065666366716266e-01
1.435098420735089064e+02 1.029074946356120563e+04 4.837685026364271432e-03 9.708426129217646405e+01 3.944848278525951435e-01
6.621486283078299095e+01 2.184882073707106883e+03 1.140334159202083817e-03 2.466953352835211177e+01 5.148729311264829689e-02
5.105784037039844492e+01 1.298064201947425772e+03 6.152722190458039322e-03 7.551481419654984961e+01 5.687049108840742662e-01
2.385881823894121965e+02 2.845382041137522174e+04 1.218791690489803674e-02 7.054187994325019417e+01 3.109476441559184678e-01
2.205903849863220501e+01 2.351099460262341836e+02 1.238803125595578335e-03 3.485821472352004946e+01 9.319211690533719672e-01
2.774131696026291820e+02 3.847631348956334114e+04 1.845816657137411970e-02 9.072419471969492122e+01 9.626187099966497518e-02
4.160698656027778242e+01 8.629492774988094652e+02 3.688774537831141648e-02 7.546451458157420689e+01 3.343098720804746904e-01
5.242575790397225433e+01 1.367227903767412727e+03 6.406835652118671176e-03 8.999720988532041588e+01 5.024370442870712550e-01
2.191375385202081247e+02 2.400531234522629529e+04 1.673972428689409842e-03 4.709364927552236679e+01 3.668929027744410876e-01
1.236717565126782716e+02 7.644936910658570014e+03 6.486246108887618739e-03 1.132066455476455502e+02 4.918285581022127095e-01
2.231624023007429969e+01 2.427946837313070318e+02 3.020773775490756714e-03 3.958730638851405814e+01 8.398281718392541784e-01
2.343308823987117364e+02 2.744617247062939350e+04 9.211612985197891140e-05 1.084125713796312453e+02 8.966416974548119256e-01
1.589244015697240400e+02 1.261965614977091718e+04 1.143510577472841606e-03 9.624789695835396230e+01 7.475170457187643169e-01
3.579991303140156589e+01 6.330962436310311432e+02 1.335683882853694153e-02 7.726237169272909000e+01 1.918790382760324487e-01
4.382246471303956525e+01 9.495057292507827924e+02 1.416682548758020415e-03 3.796983337847846229e+01 8.549483276174839608e-01
6.893392399265479753e+01 2.374037198339880888e+03 3.363826948732609283e-03 2.773034055117327767e+01 6.869901814557369812e-01
1.212346197844030939e+02 7.340236318784016476e+03 1.140334159202083817e-03 7.206622706689901747e+01 2.831828737388596973e-01
2.692333874949335382e+01 3.575483704861359797e+02 2.708531859475255682e-02 2.955972808506547977e+01 4.054482255673365065e-01
2.700795907548739194e+01 3.591099940972248987e+02 1.135569531795946850e-02 9.995690028650987813e+01 6.262531198243770358e-01
2.070097377755037371e+02 2.141877234032299384e+04 3.906994473032208786e-04 5.145033887043560128e+01 1.390842819703840827e-01
8.882465837123524466e+01 3.926467536361290058e+03 1.632678991169557274e-03 2.316018546687238810e+01 4.300413132834011720e-01
1.301502037585775895e+01 7.789246866047540152e+01 1.408423861254049989e-02 6.188105471851615391e+01 8.569371591937646748e-01
1.967757745384332679e+01 1.894128431374281263e+02 8.849501302331491681e-02 1.013942625109701225e+02 4.699905569651409154e-01
1.611777126002895102e+02 1.297961469016648698e+04 1.410329712216504619e-03 8.979535155755715436e+01 6.234156784749802505e-01
1.021054416319121572e+02 5.204514133493929876e+03 1.797852741248967762e-03 3.299149644688493055e+01 4.496404254962856339e-01
5.943878764786829549e+01 1.764383536748946881e+03 2.301315037164093635e-02 3.101805251170372202e+01 5.493106827461581576e-02
2.214626000484269639e+02 2.451152989753098518e+04 1.905850962454736191e-05 7.153019994728595066e+01 8.994391652071103138e-01
3.151266891130272256e+02 4.964410987404051411e+04 1.207038942887999543e-04 8.859057751933104896e+01 8.614382492622473242e-01
1.677677482355405800e+02 1.406405183924734774e+04 8.893971158122101323e-05 6.807662024463412820e+01 7.696515552450778896e-01
2.162891434458514084e+02 2.338514436008172197e+04 2.118035702941363160e-02 5.957628910083856510e+01 5.267869458841933916e-02
2.846893392356903263e+01 3.964505737118705611e+02 5.908137983609681922e-04 4.567857999800959590e+01 9.247707336213691898e-01
1.323077828909623861e+02 8.742835203699343765e+03 1.937615145162314902e-04 4.541744387911796110e+01 6.204158656789424686e-01
1.916554594057213876e+02 1.836429185325382787e+04 9.719839908519154305e-04 9.569794522703334394e+01 3.899343687184664842e-01
2.430510967302876395e+02 2.952672028092992696e+04 1.359507019884378465e-03 7.652447057340185665e+01 6.477072718754086633e-01
1.862339446438575976e+02 1.732868581777518557e+04 1.791499904707451966e-03 6.189586422497456653e+01 5.766528548682918753e-01
1.720963581598383598e+02 1.479292691085391380e+04 5.717552887364207897e-05 6.124011092589820038e+01 8.151319586336759349e-01
1.152687312027645419e+02 6.636200219048963845e+03 4.961565338923829352e-03 9.140095832841348056e+01 3.085400667378091488e-01
1.660240835642571255e+01 1.326794830119113726e+02 1.687948669080744507e-02 4.008860739617986013e+01 8.438289471857719770e-02
4.408733143434327673e+01 9.183377708161789315e+02 2.061495457721872985e-03 2.020481159432410578e+01 6.578839850410335144e-01
4.512161872513249250e+01 1.014811647115091318e+03 1.628232005590496065e-02 4.389986305753535589e+01 7.265606605647240146e-01
1.836473325733051922e+02 1.685397780654473536e+04 8.639857696461470012e-04 1.117954366590772679e+02 5.221637292832503885e-01
3.619189047023504457e+01 6.373316229818813099e+02 8.824089956165428322e-03 2.051522342905778729e+01 4.263500937449837269e-01
2.412871999952998578e+02 2.909740037185868277e+04 3.811701924909472383e-05 6.524065844688431071e+01 9.465019408812067603e-01
1.990285373326103411e+02 1.979427868073960417e+04 1.429388221841052008e-04 6.382705933838663270e+01 8.382463496981822360e-01
1.211855331228561141e+02 7.335034007602635029e+03 1.397624039133473026e-04 7.012003920934824919e+01 7.985138002146682235e-01
2.597244994671572726e+01 3.308990023720389786e+02 2.675814751286449342e-02 9.009799026076957773e+01 1.737278279693748317e-01
8.537404659843522836e+01 3.632779989236797064e+03 6.035194714439997714e-05 9.513813967316934850e+01 9.492318204911246449e-01
2.458020373418784743e+01 2.980039044329244007e+02 4.217330538085255209e-02 3.904049700374407195e+01 7.181934635775020226e-01
1.546320043235081130e+02 1.194589954457360545e+04 4.002287021154945731e-04 8.649904311541197899e+01 4.599895860907224354e-01
1.461446746676207198e+01 1.078444597478115270e+02 8.266310907820341447e-02 7.408665869014393479e+01 4.508252364908953425e-01
5.015030568962594515e+01 1.253046005093068970e+03 6.437329267517946652e-02 1.123500211463929332e+02 3.295363154989050525e-01
2.228585715361968198e+02 2.482333955175029769e+04 4.224636300107998061e-04 1.169711513279242325e+02 7.512784709741378020e-01
5.959741431505065634e+01 1.773434698573934838e+03 5.426910615589861098e-02 9.583531147152083918e+01 1.391930995339782928e-01
1.062333743438488654e+02 5.634109495325467833e+03 1.079982212057683860e-03 4.709337199925041517e+01 1.083831777903390137e-01
6.511329312680371117e+01 2.113761957134804561e+03 2.032907693285051793e-03 2.483041919071900594e+01 3.479521882308189151e-01
9.571877185668189725e+01 4.575244082908250675e+03 6.752747601804205690e-02 7.398025481418140714e+01 3.439235118600830754e-01
7.238136604591250745e+00 2.286419215043753184e+01 5.498380026681913557e-02 3.502284036725407645e+01 6.142087716325621560e-01
2.118272646697034034e+01 2.185069820266712100e+02 4.265612095800774828e-02 6.251129995101222647e+01 2.395715690060913894e-01
1.488724755445876724e+02 1.107377700896648457e+04 1.099040721682231032e-03 7.633575411054067672e+01 1.500512704081862214e-01
5.991930898237151837e+01 1.785017152037198230e+03 1.219744615971031163e-03 3.000105205060657454e+01 1.164355035965313201e-01
3.076357128055509449e+01 4.659393453650912988e+02 4.262753319357093229e-02 3.117142685885301745e+01 1.281984719255314653e-01
2.290387569195266622e+02 2.621848367753962521e+04 3.557588463248840529e-04 7.989243106051850418e+01 4.552174934268202189e-02
1.496446518591143438e+01 1.063854389330695085e+02 2.179975859221142120e-02 6.586476490444049148e+01 7.167940406649667695e-01
1.648694599609380020e+02 1.358202226592606712e+04 9.910425004764627111e-04 1.174271377126229368e+02 3.437522470348625125e-01
7.664558968927451588e+00 2.821382399969991184e+01 1.072994091862016358e-01 1.108202130004103481e+02 8.199626920520427520e-01
1.491152355192737389e+02 1.111062960949203080e+04 7.464582936281049857e-04 6.931050835115206610e+01 3.135823220734723638e-01
3.392330537904709331e+01 5.681150218434456747e+02 3.659233847913093054e-03 1.086596424598036066e+02 8.857591507261920460e-01
8.337912132749251271e+01 3.465212732176140889e+03 2.537958198335556626e-03 6.010466143976309894e+01 5.822466777682335781e-01
7.957674748219992011e+01 3.158151289992970760e+03 4.116638078902229957e-03 1.193960553805287645e+02 3.286798266595534201e-01
1.609446219098553144e+01 1.278871552882536662e+02 5.816339495584778307e-02 1.121063897583656797e+02 2.258617300918783211e-01
6.512030231429433513e+01 2.112775582548785223e+03 3.176418270757893291e-04 5.823315559701057964e+01 8.216352112735932911e-01
1.960138156660767379e+02 1.920031094863813632e+04 7.305762022743154949e-05 2.101628180760923215e+01 8.712436928516645862e-01
7.379928308390157099e+01 2.715520464664108658e+03 9.275141350613048561e-04 4.175596033493435755e+01 5.722808824752156909e-01
7.308968015969804810e+01 2.665699735989167493e+03 1.445270313194841390e-03 3.934304356616871701e+01 3.621569051289506569e-01
5.211731439601662430e+01 1.342066278071065881e+03 7.934692840353217702e-03 2.679932477442907413e+01 6.166423147198756283e-01
1.267263908510395112e+02 8.018043988633998197e+03 8.576329331046311506e-05 7.043780281123781606e+01 8.427038868136017546e-01
1.417673966362011697e+02 1.003417415854119281e+04 2.287021154945683159e-04 6.765260854969474735e+01 6.297237645991101695e-01
1.681602958946681881e+01 1.357464973172300802e+02 1.754780509497490537e-01 8.030719886819548492e+01 2.205994913060482232e-01
1.335000952043779705e+02 8.902661835556706137e+03 6.035194714439997714e-05 4.080552632389386503e+01 8.283153130092074656e-01
2.731480164305641267e+01 3.736708575814301412e+02 1.160567943586811451e-01 5.424211236009549708e+01 3.599205268556869841e-01
1.334354272934395738e+02 8.899574612947477362e+03 9.846896639349469419e-05 1.059045797172178709e+02 8.854523784870632630e-01
1.587698529534910676e+02 1.258355088805326886e+04 4.542278127183787336e-04 2.084965627400272936e+01 3.815715268395173387e-01
1.143109530144551371e+02 6.525703643426439157e+03 1.403976875674988823e-03 6.176381879927372154e+01 4.844593680751136389e-01
4.487745124289934040e+01 9.985634899180035973e+02 9.592783177688838378e-04 5.942712193845828494e+01 7.758371645673338701e-01
1.184181424318889384e+02 7.005054175779636353e+03 1.454799568007115193e-03 8.948946822879750584e+01 1.009004684536961016e-01
2.337482003375853594e+02 2.731337960370023211e+04 8.433390508862206522e-03 9.535615519291238229e+01 3.914740365517971332e-01
2.935905623280708809e+01 4.273734689783849490e+02 5.249666476081570748e-02 6.467823147375520421e+01 3.594260107357958867e-01
1.894106769060783080e+01 1.746227294570301183e+02 5.380852550663871477e-03 7.966218193804630232e+01 8.845287267798864761e-01
1.148230905250685510e+02 6.588916647579838354e+03 4.348834254494631651e-02 7.536341146672995706e+01 3.594542817442001881e-01
1.884697368304125575e+01 1.727066227822969608e+02 5.905914490820151491e-02 2.753248496515978161e+01 3.352324854178493352e-01
1.049361351657942549e+02 5.501405389907781682e+03 4.409186201639031522e-02 8.310899594042692229e+01 2.847446265660102949e-01
2.195282056475928130e+02 2.408796011121461925e+04 6.140016517375008163e-03 6.119946929406557956e+01 4.353416605120023486e-01
6.636304193544073371e+01 2.198377208173537838e+03 9.611841687313386201e-03 8.534106314751430489e+01 2.102633151263691713e-01
1.631395549061150803e+02 1.329817943773302432e+04 1.280096563115431119e-03 7.986515809110611031e+01 2.360038817087808383e-01
6.097620237105297747e+01 1.856193998104386083e+03 2.636744806556127335e-02 4.471858344467378998e+01 1.668102784907745384e-01
2.391708331661252487e+02 2.859323503616957532e+04 4.415221396353471951e-04 1.078391229792507460e+02 3.167446099638218659e-01
1.888644068052327896e+02 1.782009074851122568e+04 5.990724858649387058e-03 2.770074620720468062e+01 4.096099768110031403e-02
4.712962219083027549e+01 1.104259775497250530e+03 2.435677530017152717e-02 5.697215530825288710e+01 1.546158985289643462e-01
1.627640455297821802e+02 1.323873405383942918e+04 1.305507909281494088e-03 7.572398146101893701e+01 4.220061276166266473e-01
1.198887881297727915e+02 7.179449572211471605e+03 1.013277428371767890e-03 6.203891548911285980e+01 9.272783640165042918e-02
8.584151597807577616e+01 3.670306735921511063e+03 4.364398704021345797e-03 2.062590155886799081e+01 2.224706313888026935e-02
1.237651389828075565e+01 6.668781127819420362e+01 1.120513309192554541e-01 9.762782996709056249e+01 7.169932625177406760e-02
2.020262270632535362e+01 1.965249272612711593e+02 7.801283272981385762e-03 2.165649353384494802e+01 6.889006382035935960e-01
9.752810721340027555e+01 4.747827458354169721e+03 1.801029159519725552e-03 9.879635174931473784e+01 4.603420503966294541e-01
1.490182321869118809e+01 1.075613723905095753e+02 1.032018296169239652e-02 2.664752348381107794e+01 5.891530858795900327e-01
2.905328018135469392e+02 4.219399371294961020e+04 3.811701924909472383e-05 1.174938558746412980e+02 8.380755168708432512e-01
1.907960283835064885e+01 1.788310855374765538e+02 5.263325074645829570e-03 8.909726977912021084e+01 7.555978326417090996e-01
1.423471564222034260e+02 1.009675903735455904e+04 3.494060097833682566e-05 2.127814249038909011e+01 6.358789347821931504e-01
1.152361078079114520e+02 6.633696365973613865e+03 1.369036274696652051e-03 9.944651113807967135e+01 3.964997339780818586e-01
4.143248329814365860e+01 8.475370433636145435e+02 3.507718696397941344e-02 5.214384230895461769e+01 3.922397907167063380e-01
6.875837079091434134e+01 2.361921219076300986e+03 1.050219172860682310e-01 9.608592493715885041e+01 2.441749849655907856e-01
1.408860966548467673e+02 9.915749046710463517e+03 7.623403849818943681e-04 1.162795345224309784e+02 7.165218430608010225e-01
3.553979238917630568e+01 6.269008348709112397e+02 2.206340130868432725e-01 8.521804868068834082e+01 8.206605326927397803e-02
1.255324699474186616e+02 7.868533205670391908e+03 1.191156851534209971e-03 8.155537738718021501e+01 9.053134254865460862e-02
5.818819480248396303e+01 1.685768199280643330e+03 1.696207356584715021e-03 5.074537425372034960e+01 4.419225733413867929e-01
2.525861189253831540e+01 3.149612691232086945e+02 9.840543802807954002e-03 1.153963923235583309e+02 6.727270550917393566e-01
1.740254969304121460e+02 1.512941054157214785e+04 1.461152404548630990e-04 1.041538044865343977e+02 8.268569066601308970e-01
1.198299864499478815e+02 7.173139860766918900e+03 2.223492789530525249e-03 1.117621247870493875e+02 7.318971728050281955e-01
1.041037164343068753e+02 5.411684816991422849e+03 2.207610698176736084e-03 1.154131913438778554e+02 2.527438644106615451e-01
6.555211673344689416e+01 2.139682902344010017e+03 2.509370433898735759e-04 5.071353597512194256e+01 8.391987508088273318e-01
1.406342010189215159e+02 9.880954635641455752e+03 2.001143510577473028e-03 7.800830473984518676e+01 8.453575803380409814e-01
1.566047255208801232e+02 1.225818908850713706e+04 8.544565148338733067e-04 8.581729614228709124e+01 7.576820515614467455e-01
1.442943915923744385e+02 1.040322099038897613e+04 1.778794231624420265e-04 4.222587121971455559e+01 6.196942014186814784e-01
7.866556887912339846e+01 3.085987073420552406e+03 1.275967219363445711e-02 2.406674527379298212e+01 2.854146901799013702e-02
1.130147185284199196e+02 6.373441126448848081e+03 7.305762022743154949e-05 5.024821633046687452e+01 9.079574787429819382e-01
3.104952496703780298e+02 4.819543754362824257e+04 4.415221396353471951e-04 8.991599556629651602e+01 7.014053095839657415e-01
1.613506104562656560e+02 1.301193913014769532e+04 2.985833174512419943e-04 5.001875659082253378e+01 8.193515186182307453e-01
7.287889222045903637e+01 2.647026912753130091e+03 3.239946636173051254e-04 2.234853621661139655e+01 6.379911985471414804e-01
1.863540569428889739e+02 1.735887993508976797e+04 4.170954831332189527e-02 9.620052263188880204e+01 1.272887639539285742e-01
1.487057636209071632e+02 1.104944829208520423e+04 2.582428054126167417e-03 5.110305929744635733e+01 4.507249126495085911e-01
1.325346838891105676e+02 8.776759001337397422e+03 1.923003621116828668e-02 1.129034124162646862e+02 1.003403711929038919e-02
1.336416395294630490e+02 8.928814339274056692e+03 6.228956228956228879e-03 8.853193511708558106e+01 5.372343711705854785e-01
1.517900482240976032e+02 1.151976577635686772e+04 3.209453020773775367e-02 4.337438744772531862e+01 1.234776733569363516e-01
7.587505877773428153e+01 2.867310459677263225e+03 6.003430531732418867e-04 3.101981578410966733e+01 7.063621292388282402e-01
9.359068664897665712e+01 4.374779548113870987e+03 3.198653198653198578e-03 6.300579708075657237e+01 7.102589356532173874e-03
5.254696552668156073e+01 1.375141610989011724e+03 2.658662092624356973e-03 3.487759010010080374e+01 6.443029240561821691e-01
1.069384746912466824e+02 5.713187291201845255e+03 1.811193697986150652e-02 8.814004015154711169e+01 2.490809906184098671e-02
2.220965956955394631e+02 2.465738312089190731e+04 1.988437837494441435e-03 7.309457242482322670e+01 5.179304088246694526e-01
1.296403134037375366e+02 8.392814752311634948e+03 6.035194714439997714e-05 8.310547572913613124e+01 8.876399643994389299e-01
1.274104938027813461e+02 8.105241320669996639e+03 6.241661902039260905e-03 2.683617099000341000e+01 3.311320563387453730e-01
7.207162652928245983e+00 2.286656028392411599e+01 9.386315990089574846e-02 5.815119433285618555e+01 6.930264866582005467e-01
1.941709216761793186e+02 1.884160312626429368e+04 4.859919954259577153e-04 9.530796390795971718e+01 2.522386056666274801e-01
1.449626396741649614e+02 1.050148128792693751e+04 1.086335048599199439e-03 1.104528889261045208e+02 4.802262968641929919e-01
1.574499688469019532e+02 1.238524938821533760e+04 1.489740168985451965e-03 2.941317019838824365e+01 2.949198611480613463e-01
1.554320489945294241e+02 1.207307750887973270e+04 1.207038942887999570e-03 3.713846832561688416e+01 1.569096050509850848e-01
3.057272182659639839e+02 4.672552520340902265e+04 3.221205768375579731e-02 9.669937728559399659e+01 8.626608576626026981e-02
1.922879628093351201e+01 1.804659251607715760e+02 5.137221269296741305e-02 1.045646676327668274e+02 5.836958128514972977e-01
2.823568246019818062e+01 3.960306115694304481e+02 4.501619973318086304e-02 6.280994601127091670e+01 6.908789260428382928e-01
7.256009349867632352e+01 2.622097517215087919e+03 4.351693030938313988e-04 2.475652422580362710e+01 5.985271888703603826e-01
1.914776844771175774e+02 1.832279288662040926e+04 8.639857696461470012e-04 9.085212147919746428e+01 5.355345714666237544e-01
2.316730688858214933e+02 2.682995787316043788e+04 3.817419477796836491e-02 9.577380617388797646e+01 5.693710869691606669e-02
8.314639888719108285e+01 3.447955055886905484e+03 1.937615145162314902e-04 7.456028322095774286e+01 9.320465093015520841e-01
6.697298288302836511e+01 2.234653737250717313e+03 1.651737500794104663e-03 1.006704827716253163e+02 6.695039612467833523e-01
2.707955667226665923e+02 3.666210130585682055e+04 6.117146305825551383e-02 1.061128942950128362e+02 3.723378712743198593e-02
8.134943387527908953e+01 3.304068309747668991e+03 3.195476780382440572e-03 2.577753300509139578e+01 5.058826405600357345e-01
1.630832452625296014e+02 1.329118160083003568e+04 2.071024712534146571e-03 5.688699962607891081e+01 5.062109136755268413e-01
1.324846477095213686e+02 8.767501288603334615e+03 1.905850962454735920e-04 4.324125924807690780e+01 8.341573600657012921e-01
2.641715500719821819e+01 3.439378317681600379e+02 1.836922685979289899e-02 8.635531073692455095e+01 5.142094759834603401e-01
2.830422849782648882e+02 4.004899632516355632e+04 2.280668318404167633e-03 5.787467565788200830e+01 5.317520704700168244e-01
2.684674296756580247e+01 3.546595271465742485e+02 1.747347690743917062e-02 9.634538223489072095e+01 3.440027813168944348e-01
3.338867990907915839e+01 5.508051933374822511e+02 2.827012260974525034e-04 5.661275547926707929e+01 9.433480066361644711e-01
2.573330281017958043e+01 3.300697684340704541e+02 6.199097897211104657e-02 4.652468463817406530e+01 5.576191167907943447e-01
1.609399234642681904e+02 1.294395576330389667e+04 2.436312813671304318e-03 8.317779628459446428e+01 5.834918880608106484e-01
2.254301229058607134e+02 2.540294622664504641e+04 1.413506130487262626e-03 1.001545012345571308e+02 1.725906411531344109e-01
4.173725835374170146e+01 8.690174871440592597e+02 2.203290769328505316e-01 1.149604183264365957e+02 1.550151642343792491e-01
3.128928713874804544e+02 4.894570635865531949e+04 1.921733053808525465e-03 9.700724291328685922e+01 6.496086935966987053e-01
1.672448590088313267e+02 1.397884278260739484e+04 2.690426275331935738e-03 6.091484441153140494e+01 7.337385939913398936e-04
3.478155134486203792e+01 6.021457948420677440e+02 2.459818308874912526e-02 1.105811473662192554e+02 4.860171884601470760e-01
1.724942891163631487e+02 1.487010564440059352e+04 1.397624039133473026e-04 1.187363319172761607e+02 9.105984092385521755e-01
1.067445940563648890e+02 5.688984717384917531e+03 9.370433898735785506e-04 9.650792567960334623e+01 5.434729616822931986e-01
8.376500504295330529e+01 3.510222254898648316e+03 2.272409630900196903e-02 6.323625069624906558e+01 2.036447556409740345e-01
8.482118018046323016e+01 3.591121047744659791e+03 6.130487262562734794e-04 6.005590847909038388e+01 8.070744677181380666e-01
4.944255955700889160e+01 1.214203690351587738e+03 1.788323486436693959e-03 3.071982681988731301e+01 4.390497255584267511e-01
4.222355319633397386e+01 8.856910190398327813e+02 3.992757766342672036e-03 4.569015080307460863e+01 1.188577479434912432e-01
1.810790056808762643e+02 1.638506420638173586e+04 1.874086779747157210e-04 4.061906540604512372e+01 4.700613913170477165e-01
6.230058945304487139e+01 1.931575887631055139e+03 2.191728606822946485e-04 2.750794633752916951e+01 7.858126700776461027e-01
4.275215623299659029e+01 9.089266920749671499e+02 6.472905152150434938e-02 6.321819411287472690e+01 2.921476582835031907e-02
1.292112615621576843e+01 8.217750595816863779e+01 1.168191347436630390e-01 5.499298288533416468e+01 4.443779624328049183e-01
5.536684041022625280e+01 1.525753051367708395e+03 4.161107934692840097e-04 8.713911855733688583e+01 8.929412207648036448e-01
3.934928283829435713e+01 7.677590203170311725e+02 9.173495965948796904e-03 8.295983673815713644e+01 2.857354367778890403e-01
1.942395478695666000e+01 1.837116470950373923e+02 2.272409630900196903e-02 7.005425264346584413e+01 3.023758023472140621e-01
1.479255833738313015e+02 1.093200054941611961e+04 2.541134616606314809e-05 1.179588577026181468e+02 9.440478460287161644e-01
7.003416971927838119e+01 2.443323396347168909e+03 1.874086779747157210e-04 3.558460807269055692e+01 8.065584727229210271e-01
1.005229374619873255e+02 5.048067794255692206e+03 3.789466997014166987e-03 7.183205700004023697e+01 2.995113711983485305e-01
6.653151369548669436e+01 2.203567394377051642e+03 9.986659043262817101e-03 5.516403811244549615e+01 4.473355689326540818e-01
6.038631680370462362e+01 1.813157137315300133e+03 5.622260339241471087e-04 5.390061936019197475e+01 8.649692619684210548e-01
8.185053128881125417e+01 3.345141596143688730e+03 7.836223873959723835e-03 6.559737254594182332e+01 1.786718968677736552e-01
9.154997674304438249e+01 4.184490687258860817e+03 5.145797598627787446e-04 5.704817401243306563e+01 8.684266652701458922e-01
3.513706891389213638e+01 6.119800075977238976e+02 5.018740867797471736e-03 3.176896715862970666e+01 6.240247248320904827e-01
1.047266459710951914e+01 5.427170400933312067e+01 2.394701734324375733e-02 3.532424667779000060e+01 1.142630721041584668e-01
6.052964444189196058e+01 1.826158770789930486e+03 9.834190966266437989e-03 3.035041797677425279e+01 4.339327055120406618e-01
6.214074509149916281e+01 1.927523069844740803e+03 2.158693856807064257e-02 2.946594053769421606e+01 1.546754013185143994e-01
1.056760819753329486e+02 5.578031339811986072e+03 2.884187789848167201e-03 6.012339118231169266e+01 4.344939102211349269e-01
1.184361400998538585e+02 7.006929512586059900e+03 2.572898799313893723e-04 5.889852790204295729e+01 8.024106402702299023e-01
1.827412874286466433e+02 1.668746745480146637e+04 2.474112191093323296e-02 3.873551694741644269e+01 1.775269851822309716e-02
7.475655272286918773e+01 2.785056952208920848e+03 8.544565148338733067e-04 2.504768926894272241e+01 7.373393602140254632e-01
5.096314985075049719e+01 1.299678308160102461e+03 5.241090146750524391e-04 2.177043606194000702e+01 7.991449150572932369e-01
1.460407115320001878e+02 1.065725626690136596e+04 1.289625817927704705e-03 1.105661994104860639e+02 6.979865356528588416e-01
1.077489853699026980e+02 5.796704659800918307e+03 4.053109713487071560e-03 7.189660664691994896e+01 6.035810878719325423e-01
1.120496807785728777e+02 6.270501158310455139e+03 7.941045676894733227e-05 5.589712274103209211e+01 9.115817654254173563e-01
8.096670984107525726e+01 3.276676147184541151e+03 8.664951400800458003e-02 1.165514133876013432e+02 3.221261993900769588e-02
2.220169221167223128e+01 2.429340997493428631e+02 3.821866463375897527e-02 6.073857860887498816e+01 5.316209540900355135e-01
6.040291008306265752e+01 1.821295048080795141e+03 8.228511530398323337e-02 7.830200666627916917e+01 5.483532176642820222e-01
1.197947316987472988e+02 7.171255783680200693e+03 5.444380916079029006e-03 5.223807422896538810e+01 5.395217026407185257e-01
1.479688853342076698e+02 1.093964333898446239e+04 3.525824280541261548e-04 4.901989519179907973e+01 3.301404237922050400e-01
1.151659749712548546e+02 6.626518644358891834e+03 2.449018486754335911e-03 6.144205346509276211e+01 1.699397093410565107e-01
1.158385033714792911e+02 6.700571683036664581e+03 1.543739279588336125e-03 7.571666554331241628e+01 1.769057672813288407e-01
4.245208188916257797e+01 8.956289312871106176e+02 2.299726828028714806e-03 2.814848259949395626e+01 4.955815461366840369e-01
9.304102725247118144e+01 4.324329028314830794e+03 6.143192935645766170e-03 6.709923083534195598e+01 4.911158928198176565e-01
6.069973698342755597e+01 1.836244273510790890e+03 1.255638142430595336e-02 1.086531834512553587e+02 3.902281894197358603e-01
9.736448501340044004e+01 4.731528082970738978e+03 7.909281494187154517e-04 1.152591488087639959e+02 6.387838164017075604e-01
7.825681241820852563e+01 3.061963521334195320e+03 6.577726955085445859e-02 9.364685433524455505e+01 4.940973867448814061e-01
1.440225011946942857e+02 1.036577323861000332e+04 3.668763102725367074e-03 5.685176815530344641e+01 3.864891537687873968e-01
3.291129324021228086e+01 5.370299377274216113e+02 1.656502128200241369e-02 1.053106158279574913e+02 4.274584387858033074e-01
1.069832108487607627e+02 5.715509104360333367e+03 1.540562861317578336e-03 9.306615817422573400e+01 2.577523414643382305e-01
8.989596546132244725e+01 4.032911044257530648e+03 1.835969760498062323e-03 6.970224751505087113e+01 2.374286137567435950e-01
2.071562505744341252e+02 2.144924678103561746e+04 2.858776443682103948e-05 5.520145294432486338e+01 9.038827849054581476e-01
9.408060762923241782e+01 4.418868260946466762e+03 3.636998920017787875e-03 1.133886481046403674e+02 2.136204145607383809e-01
1.467764772996361557e+02 1.076184350532124881e+04 3.049361539927577906e-04 6.591444992909822531e+01 5.226811175553816025e-01
1.513394133726233690e+02 1.144942539072639374e+04 3.930182326408741822e-02 6.694161900847166180e+01 1.226579110711014803e-01
6.287308037718975839e+01 1.964772345548449266e+03 1.365859856425894045e-04 3.019089877739381933e+01 8.635733088887643794e-01
7.482452603039234873e+01 2.793411944901651623e+03 4.542278127183787227e-03 7.787180695930675256e+01 6.795209233738043197e-01
8.677620138108616743e+01 3.749476335582211505e+03 3.652881011371577474e-04 2.524974940271125590e+01 4.178675810638574628e-01
2.339094710210123296e+01 2.685801308117211192e+02 1.207991868369226798e-02 4.785019282821713205e+01 4.746192029984135918e-01
6.891933766400103423e+01 2.365471967542518996e+03 7.813988946064417572e-04 6.902825127307583841e+01 6.990216522735245297e-01
2.081195521694371280e+02 2.164440558481425251e+04 2.541134616606314809e-05 9.130899576000931006e+01 8.938994332512079088e-01
6.382845105113943163e+01 2.025138656080670899e+03 8.893971158122101323e-05 5.032318497846941341e+01 9.271826223194530314e-01
3.853914382477227463e+01 7.345547997690518969e+02 3.573470554602629912e-03 2.209765380787992939e+01 2.060097432675171425e-01
2.572323644717862123e+01 3.256212820714164877e+02 6.740359570548249725e-03 4.881762233994062683e+01 8.434218819064361050e-02
1.173372248923011512e+02 6.875729409427062819e+03 2.064671875992630829e-04 1.016081679547898631e+02 7.988894526875344182e-01
2.352630178960598784e+01 2.733951133185046842e+02 7.204116638078902207e-03 2.056366539347336797e+01 7.622070007855955009e-02
1.928452771370149321e+02 1.858539584888852551e+04 3.414649641064735220e-03 4.562422039766615001e+01 4.636501670988028567e-01
4.565884028153527652e+01 1.033732820118300879e+03 5.688965122927386840e-03 1.171002647355492456e+02 7.843079487202496702e-01
6.910283383855220052e+01 2.385603809552038001e+03 9.567371831522774109e-03 3.066808585289474820e+01 7.014084964300900671e-01
4.409469581793134552e+01 9.650885140659505623e+02 3.792643415284924560e-03 3.311973684883729163e+01 2.864897471657866235e-01
2.093684001297715724e+01 2.166085446345543915e+02 9.649958706562479505e-02 7.639395428436959889e+01 4.369680877707798894e-01
3.212832862711223925e+02 5.160049057032274868e+04 3.811701924909472383e-05 9.553295498641419670e+01 8.753340309822903453e-01
1.198598208134198160e+02 7.178313711720336869e+03 4.985706117781589508e-02 8.367267198749892998e+01 1.683558763867576691e-01
3.347426503884661741e+01 5.567287309406694931e+02 4.567689473349850413e-03 3.574842289318777233e+01 6.287520223150474541e-01
1.450112550129154556e+02 1.050540837799252404e+04 8.068102407725049425e-04 9.317037872646504582e+01 3.823140061484164853e-01
2.665367767137071837e+02 3.550966193334706622e+04 2.858776443682103948e-05 8.324726605071063545e+01 8.492612776385269902e-01
3.178151265412715532e+01 4.975184380593195783e+02 2.973127501429388350e-03 2.674059638981474762e+01 6.625733015444785767e-01
5.625586848145566421e+01 1.576563323662280027e+03 2.391842957880693527e-03 3.589447478291145188e+01 6.504825629003003762e-01
5.745157622179987555e+01 1.638267192788561260e+03 1.838510895114668642e-02 3.400077724417264591e+01 3.362287810608192151e-01
2.523715385506715450e+02 3.184078815037041204e+04 7.899752239374880497e-03 5.971876326361164189e+01 3.677476192218991358e-01
1.464704156170328702e+02 1.072424508695240729e+04 1.386506575185820524e-02 1.192637481972560067e+02 1.181913665329629298e-01
2.698463390124118888e+01 3.621738714011395928e+02 3.629057874340893552e-02 6.582520096249416497e+01 5.194586310681912344e-01
2.147988212283274123e+01 2.252238309046961717e+02 5.710247125341465224e-02 4.276763592914971923e+01 7.100054915854870918e-01
9.542519826009994688e+01 4.546454248077780903e+03 9.453020773775491076e-03 1.124437344234654148e+02 5.489165576950616465e-02
2.721863483122708658e+02 3.703969773498251016e+04 3.488342544946318458e-02 1.049937740633536265e+02 1.571321554936734033e-01
1.531808569684083352e+02 1.172290046430666916e+04 5.241090146750524391e-04 6.431741330249306543e+01 2.881025893908832347e-01
1.422950348005730632e+02 1.009377847478173499e+04 2.719014039768756930e-03 2.263453796024303344e+01 7.278433452555306271e-01
5.203768796987967704e+01 1.349668822860737009e+03 1.191792135188361572e-02 5.995076461462139150e+01 3.756774666125183293e-01
1.145906296632580421e+02 6.561088547069616652e+03 3.659233847913093054e-03 1.048079851662699298e+02 5.860519892478741610e-01
9.340081116522198101e+01 4.357652966620743427e+03 2.468076996378883083e-03 1.034002651990567614e+02 1.104887324200850979e-01
2.094203983746411382e+02 2.192617631704721498e+04 8.226923321262944334e-04 9.478315364001080923e+01 8.108635533908761239e-01
1.926765179411159181e+02 1.855680268899175280e+04 2.868305698494377602e-03 6.217068451619925185e+01 3.975695618933729886e-02
2.245357359654902041e+01 2.485053707082632286e+02 9.809097261927450517e-02 9.589724580736101700e+01 3.381822145833645599e-01
7.042644169956024314e+01 2.472346854307229478e+03 2.090083222158693743e-03 7.325680219227285761e+01 4.453529570804287130e-01
