# thresh=9.60, format=SNRtot_MF, evidence_filt, evidence_inj, nofilter, mass_in_solar, chi_inject, time]
1.695117284563174209e+01 -7.954266998992918616e+02 -7.951753480991897050e+02 -9.334951888524810784e+02 5.873472832882518446e+01 3.777504359048987070e-01 -2.152500000000000000e+03
3.504841713272575277e+01 -7.947588591120187402e+02 -7.968413739244533645e+02 -1.403392240812951513e+03 6.013621230989500077e+01 3.301327632383969646e-01 -1.288500000000000000e+03
2.439122370301279474e+01 -8.005908461712542703e+02 -8.038240479583598699e+02 -1.094237835558826191e+03 3.810445522993585854e+01 8.159565796923274883e-01 4.405000000000000000e+02
2.353847756188212870e+01 -8.243155679947600447e+02 -8.252815156878854168e+02 -1.097733686123935968e+03 4.987926954176166561e+01 7.914234279905425495e-01 1.768500000000000000e+03
5.040781323438404904e+00 -7.493959266500198737e+02 -7.506333868930416884e+02 -7.578827792195398843e+02 5.783350137010246073e+01 5.458881601365601632e-01 3.285000000000000000e+02
4.753523159237362705e+01 -7.783558994876225370e+02 -7.793146839969780331e+02 -1.905149516744483890e+03 6.401014433738741616e+01 2.287629098448586140e-01 1.880500000000000000e+03
1.340781610084886033e+01 -8.287358380399904263e+02 -8.323031158306561110e+02 -9.179804552622687197e+02 4.931129232345033131e+01 3.489705614125359623e-01 -2.248500000000000000e+03
1.696464037299968552e+01 -7.836989349146708719e+02 -7.841935316739345581e+02 -9.277877057647625634e+02 6.823533239630948799e+01 3.685350370457273761e-01 -2.200500000000000000e+03
2.790440225848643863e+01 -8.027976165667756732e+02 -8.055039130453458256e+02 -1.187150357788045540e+03 7.182709049366940235e+01 7.236042578848249363e-02 -1.432500000000000000e+03
4.468990579272950470e+01 -8.041123770079199176e+02 -8.073809675884353965e+02 -1.798579420992880841e+03 5.795236904900347952e+01 4.570573664535390046e-01 1.912500000000000000e+03
8.887649499999502822e+00 -7.442535999679463430e+02 -7.456948596200502379e+02 -7.828000474236589525e+02 5.354140051271471634e+01 4.831297267080872371e-01 -2.280500000000000000e+03
2.034250416309971499e+01 -8.258567797636605974e+02 -8.262337023922284516e+02 -1.024608188964291458e+03 3.656016978435444287e+01 1.578464927988641187e-01 -7.605000000000000000e+02
2.738636041444297931e+01 -7.803499638613960769e+02 -7.817532196021904838e+02 -1.150274647806077155e+03 6.417426786997771160e+01 7.572912005771953448e-01 1.048500000000000000e+03
3.735827586610149353e+01 -8.058168116153140090e+02 -8.062730109904915707e+02 -1.494878282677214884e+03 5.498202857576390556e+01 8.863336520039823974e-01 -2.392500000000000000e+03
3.367257565996571600e+01 -7.836552672727101481e+02 -7.850757275944727098e+02 -1.347106655423381426e+03 5.414189828832782325e+01 3.969365903365956183e-01 -7.125000000000000000e+02
2.415968418018777797e+01 -8.149106943523632935e+02 -8.152237263404375653e+02 -1.102156742287357929e+03 4.067024017319494078e+01 4.164328800286061227e-01 1.000500000000000000e+03
2.505073578245460553e+01 -7.481234164403546174e+02 -7.515461825419553179e+02 -1.060580555007746170e+03 7.532452075297250360e+01 4.287483724188831946e-01 -1.320500000000000000e+03
2.137416622191323512e+01 -8.028395214467863070e+02 -8.024125978566248705e+02 -1.025762924983134326e+03 7.107426521088821403e+01 3.807640152089161178e-01 4.725000000000000000e+02
4.072932824504872684e+01 -8.290674280724472283e+02 -8.312179181344339440e+02 -1.654634610865523427e+03 4.216307483203230788e+01 6.263244736734291385e-01 1.240500000000000000e+03
8.209217643488157634e+00 -7.769754483189009306e+02 -7.787708373179832506e+02 -8.073893396222757701e+02 5.601569306453267671e+01 7.623894351987547946e-01 -3.125000000000000000e+02
3.835698778180385204e+01 -7.391024549894942766e+02 -7.418160076976846540e+02 -1.472451942384991753e+03 8.661400176420482921e+01 3.096282390036646515e-01 -1.064500000000000000e+03
1.446825504881406665e+01 -7.971013439036153159e+02 -7.984332300893648835e+02 -8.972310869740227872e+02 5.550802933159785368e+01 7.541278593595686086e-01 -1.560500000000000000e+03
1.854739921009180037e+01 -7.891097575416924883e+02 -7.917894831612427424e+02 -9.577776633657227876e+02 5.745890415070568480e+01 5.164295048034738267e-01 -1.048500000000000000e+03
3.136564748802774716e+01 -7.928036574558368557e+02 -7.946756268273626347e+02 -1.280540188712847339e+03 8.954245592035215395e+01 3.601970936543208990e-01 -1.512500000000000000e+03
1.893548576860774801e+01 -7.468620483339418570e+02 -7.481701610826123670e+02 -9.216860199494577728e+02 4.438721673936120027e+01 5.778271528678354807e-01 1.128500000000000000e+03
1.032765366907085003e+01 -7.599667633782947860e+02 -7.613432726171042759e+02 -8.135345919675154391e+02 7.842081870459929860e+01 1.095102465546896574e-02 -2.005000000000000000e+02
1.868134464480456458e+01 -8.230926620725535940e+02 -8.240406904554529319e+02 -9.927867433537381885e+02 6.754171753787062471e+01 8.314509433781156478e-01 -1.928500000000000000e+03
1.425108384352598456e+01 -7.867524038682231549e+02 -7.871138896400614158e+02 -8.870261506994896763e+02 4.893632500476361713e+01 2.334839593794807711e-01 1.640500000000000000e+03
1.219197560351766185e+01 -7.847376769286753415e+02 -7.899209556390732132e+02 -8.633567740032650590e+02 8.576423318145242547e+01 3.771711520389081640e-02 7.125000000000000000e+02
3.942554808966470148e+01 -8.391371058854242619e+02 -8.420575991553961330e+02 -1.612953414583721951e+03 7.074738120782900808e+01 3.081580473927111874e-01 -7.250000000000000000e+01
3.055189979205563944e+01 -7.962360015954243408e+02 -7.959631090127350035e+02 -1.249971377253315950e+03 5.336832114461344645e+01 7.787278948059120909e-01 2.136500000000000000e+03
1.380281313394297982e+01 -7.671262143808804694e+02 -7.682689261763970308e+02 -8.582119441197625065e+02 7.371316107168608767e+01 6.341026417236608204e-01 -1.685000000000000000e+02
3.508106167470638326e+01 -7.762199490879663699e+02 -7.761164442805768431e+02 -1.387958728682373021e+03 6.844438441315386967e+01 4.263409249407146828e-01 -1.960500000000000000e+03
3.348163944221961685e+01 -7.327047358551830030e+02 -7.371941388777891007e+02 -1.292922131808068116e+03 5.397803730501284747e+01 1.728045113170365854e-01 -2.072500000000000000e+03
1.146745240248677966e+01 -7.797118662149357533e+02 -7.800699118274557122e+02 -8.384720869868276623e+02 3.290982810002763870e+01 4.205576957540667071e-01 1.688500000000000000e+03
1.922918382512297342e+01 -7.526423731639811194e+02 -7.547978550406785416e+02 -9.351475193018488881e+02 5.407497554232023873e+01 1.398960479910790478e-01 6.965000000000000000e+02
3.038546823560317023e+01 -8.266360039418644874e+02 -8.282019179695957973e+02 -1.283611873479175529e+03 6.574451586348094168e+01 6.940525900974247042e-01 -1.205000000000000000e+02
5.235311264368887052e+00 -7.891734469788174238e+02 -7.926905211160838007e+02 -8.028195769184095525e+02 5.413725663991632331e+01 3.144005427884947190e-01 2.152500000000000000e+03
2.468898310385183592e+01 -7.906945386322795457e+02 -7.916441648289066961e+02 -1.090283449912561082e+03 4.028413206906914468e+01 1.948971535355567206e-02 -1.896500000000000000e+03
4.318062355464430624e+01 -8.169843584931001033e+02 -8.194283106505304204e+02 -1.740561002427351468e+03 5.895779618247485843e+01 1.302903355794304829e-04 1.416500000000000000e+03
2.952931129690786349e+01 -7.975019205845293300e+02 -7.984085283068610579e+02 -1.230802688521805067e+03 6.852756111595755328e+01 6.143509739456067820e-01 5.650000000000000000e+01
7.725435319227523578e+00 -7.729323420166230107e+02 -7.724364123761358769e+02 -7.975291895079906226e+02 7.562857454255531309e+01 8.405712110128569226e-01 2.328500000000000000e+03
2.684025172163380546e+01 -7.675775612389960543e+02 -7.693256791343004579e+02 -1.119377794434160933e+03 4.825615359561199824e+01 3.959153779286015973e-01 1.512500000000000000e+03
3.663626228528155337e+01 -7.967368662845924518e+02 -7.986556106769442067e+02 -1.464122267450024992e+03 5.753848443126425138e+01 2.758006514452533420e-01 5.205000000000000000e+02
4.309739676797966013e+01 -8.268549319761109473e+02 -8.291903070443449906e+02 -1.751361443109472930e+03 6.875481578997283805e+01 5.228465994562940811e-01 7.250000000000000000e+01
3.214642027815161640e+01 -7.837725961364271825e+02 -8.201946840044088276e+02 -1.286595930763903652e+03 3.557944617605187432e+01 1.672055907701253952e-01 2.280500000000000000e+03
1.237333285553878426e+01 -7.746888471376098551e+02 -7.777925572123530173e+02 -8.514391272979192991e+02 4.189357668145490265e+01 5.707234554896136736e-01 1.496500000000000000e+03
2.211319489815229389e+01 -7.873890794194852560e+02 -7.894048637564629871e+02 -1.029304337765402806e+03 8.137268913152058758e+01 2.975563962189840539e-01 5.685000000000000000e+02
4.573211816453841294e+01 -7.831755171483963522e+02 -7.850244591607641951e+02 -1.823240964481241690e+03 8.904625956062665182e+01 5.572157926273296757e-01 -3.445000000000000000e+02
4.774205124492378616e+01 -7.621944125823470131e+02 -7.660446522089632708e+02 -1.899711313732722829e+03 7.735549013245579886e+01 4.424426917157719963e-01 -1.816500000000000000e+03
3.801261950661863409e+01 -7.517884650705817648e+02 -7.552744804308920266e+02 -1.469539545852102492e+03 5.520538183269142962e+01 8.757879205277392387e-01 -1.688500000000000000e+03
3.504735541454606818e+01 -7.622446861377412688e+02 -7.613107548469004087e+02 -1.368205091805267330e+03 8.591649650357476276e+01 4.102516804703437020e-02 -8.725000000000000000e+02
2.704087085267590496e+01 -7.553765558519666001e+02 -7.572389529395288719e+02 -1.116340051285501431e+03 5.038748723936397766e+01 8.779910128429905258e-01 -3.765000000000000000e+02
3.172585152834813726e+01 -7.674815469960134351e+02 -7.684252207030643831e+02 -1.264618118347543714e+03 6.128584203903862004e+01 8.582041780463662839e-01 -1.784500000000000000e+03
3.715480276403999937e+01 -8.367782407103642299e+02 -8.361725310718877608e+02 -1.517254407091917074e+03 4.526033438482741644e+01 6.567630932659500598e-01 1.304500000000000000e+03
5.703592941049056897e+00 -7.801234815887092964e+02 -7.800519544526191567e+02 -7.923862878540993506e+02 3.390848028649231338e+01 7.116786378624193610e-01 -4.565000000000000000e+02
4.801822976328331549e+01 -7.878140378929763301e+02 -7.882951895710580175e+02 -1.937132894772153577e+03 5.821232826920694947e+01 4.025961382143822265e-01 1.384500000000000000e+03
1.743785545109397717e+01 -7.873364624519311974e+02 -7.893862871841165543e+02 -9.360806686719644176e+02 4.172404941821793045e+01 6.695766963645259640e-02 -1.704500000000000000e+03
3.191916862848832537e+01 -7.993167248877009570e+02 -8.000349592941456649e+02 -1.301362393397064807e+03 4.455919523916782765e+01 8.669139543188542074e-03 -9.205000000000000000e+02
4.437647915654211062e+01 -7.720765380080500790e+02 -7.735875410395410654e+02 -1.751872078886058262e+03 8.085942269464035803e+01 1.603895500248963268e-01 8.565000000000000000e+02
3.872152205521874180e+01 -7.900281913216567773e+02 -7.903683246960036968e+02 -1.536593507947933631e+03 6.917921913455595018e+01 3.183249176094510857e-01 -5.685000000000000000e+02
2.364650174233050350e+01 -7.549842800289691240e+02 -7.565765202802568865e+02 -1.030347591972049941e+03 4.723460801728218428e+01 3.869315931283104915e-01 -1.176500000000000000e+03
2.184192613062223032e+01 -7.843509816666663710e+02 -7.854954781354737179e+02 -1.016811138979815155e+03 4.661646981815560054e+01 5.082016943689393607e-01 2.965000000000000000e+02
6.099420822467926229e+01 -8.162196774304710516e+02 -8.153178849020360985e+02 -2.665303479854355373e+03 7.302893369734471207e+01 8.894566528083261980e-01 2.056500000000000000e+03
1.138399505860855854e+01 -7.374067144102127713e+02 -7.384401790216545578e+02 -7.984882321539004124e+02 6.359956855026949540e+01 8.662143586846748899e-01 -1.256500000000000000e+03
1.242683686013328703e+01 -7.630438278940571308e+02 -7.635606035474808095e+02 -8.359599446791797845e+02 4.943707873406226838e+01 1.655464789063967324e-01 8.725000000000000000e+02
1.827344456736981471e+01 -7.777869788087493816e+02 -7.809965580409349286e+02 -9.397158116861814960e+02 6.573259478576875381e+01 7.817016250221544560e-01 -5.845000000000000000e+02
2.764235802966723199e+01 -8.680446597406983074e+02 -8.695543519027978618e+02 -1.244175247977278559e+03 7.889505732107784297e+01 7.228216720622024916e-01 2.024500000000000000e+03
4.157690892302570518e+01 -7.263739342488551074e+02 -7.281399482116486297e+02 -1.585464331179357941e+03 5.131708947812372656e+01 4.353886095629168618e-01 1.845000000000000000e+02
1.969943506540661105e+01 -7.829395938298268902e+02 -7.854965392643056248e+02 -9.757922875897478434e+02 6.742938265611832094e+01 5.363753074427846101e-01 1.944500000000000000e+03
2.119540199863875429e+01 -7.632936952544569067e+02 -7.669998081942081853e+02 -9.869157657248723581e+02 8.038341129924265260e+01 8.201190895190053620e-01 -1.144500000000000000e+03
5.568124727709184896e+01 -8.060388171452121924e+02 -8.079111368123327566e+02 -2.355941450785362576e+03 8.287781157928074549e+01 1.886294732300232979e-01 2.645000000000000000e+02
4.390324498126665276e+01 -7.597728177320647092e+02 -7.604603610991043752e+02 -1.721202140374635746e+03 8.937919017078621664e+01 1.008991810356886787e-01 1.256500000000000000e+03
2.042379665652708098e+01 -7.936552261453214214e+02 -7.952027438345750170e+02 -9.976304355890584930e+02 6.092207571265566912e+01 7.873953111340699085e-01 -2.056500000000000000e+03
3.747997549434112585e+01 -7.541895516395562709e+02 -7.564817373928030975e+02 -1.453782426893273168e+03 8.725575490079634733e+01 6.310635883787641953e-01 1.672500000000000000e+03
1.562888793372702168e+01 -7.972589488431657401e+02 -7.969542102485972919e+02 -9.154781636187136655e+02 4.278332050613889947e+01 7.224036012884033076e-01 6.805000000000000000e+02
2.135153030127570162e+01 -7.704243341282829078e+02 -7.689429868905790499e+02 -9.911456387728965183e+02 7.812283138849785757e+01 1.390542202537128624e-01 -1.045000000000000000e+02
9.249226036343127788e+00 -8.203941678410465101e+02 -8.227409857189762761e+02 -8.593859060531094656e+02 6.705677719283694671e+01 3.479232571232352411e-01 2.168500000000000000e+03
3.216433311968269493e+01 -7.517482916598410156e+02 -7.535074391916427885e+02 -1.264501478142042743e+03 4.390861842687158401e+01 2.590901166873421091e-01 1.656500000000000000e+03
4.908841532176813161e+01 -7.867489580190868992e+02 -7.914397836409282263e+02 -1.986899208174851992e+03 7.589597247799100899e+01 3.634211634727397833e-01 7.285000000000000000e+02
1.949729457029545188e+01 -7.771646276129379203e+02 -7.805576527223497578e+02 -9.656600613394151651e+02 4.494914746926745863e+01 7.876839515180811919e-04 -8.850000000000000000e+01
9.883360796979966167e+00 -8.020921519917322939e+02 -8.002008610437047764e+02 -8.453509053796334456e+02 6.017267647081245485e+01 1.965323644028162675e-01 2.120500000000000000e+03
1.330494675416922412e+01 -7.494421667074510651e+02 -7.511103562705236527e+02 -8.335604507342646912e+02 3.292685175444846379e+01 2.164411989487269872e-01 -1.845000000000000000e+02
2.223536645109833643e+01 -8.031862718008796946e+02 -8.035857279156749655e+02 -1.046779371290189374e+03 4.574795127977751008e+01 2.062731495867907786e-02 -1.976500000000000000e+03
3.081922010652951016e+01 -7.582727952038874264e+02 -7.580959612668372074e+02 -1.226160476633977396e+03 4.675066605741512404e+01 1.722873633398247228e-01 -1.032500000000000000e+03
3.758595878069390039e+01 -7.774390219928894794e+02 -7.792818550941651665e+02 -1.477246787380737032e+03 8.121222942485631791e+01 4.049853156926632586e-02 -1.528500000000000000e+03
6.704072609399027272e+00 -7.948084021906738599e+02 -7.961594531808300417e+02 -8.165509313950939259e+02 4.358921975601241172e+01 1.535425214203246236e-01 1.144500000000000000e+03
4.371620475822390262e+01 -7.542308789560584046e+02 -7.543309408452427078e+02 -1.698388116331052288e+03 5.777695105651683605e+01 2.964064189500576485e-01 -2.165000000000000000e+02
2.507440795255216415e+01 -7.513032685755357534e+02 -7.515468231503191419e+02 -1.058764688435526750e+03 8.636850463694915447e+01 1.090496102190923328e-01 -1.944500000000000000e+03
2.056609387083985752e+01 -7.992802223738074190e+02 -7.954776186773417521e+02 -1.001316289926033164e+03 4.158062865665261398e+01 2.845040753907747688e-01 1.224500000000000000e+03
2.114454453738791173e+01 -8.334372339779883987e+02 -8.349416005594349599e+02 -1.054862112875635376e+03 5.740757082769940212e+01 5.166427780682163462e-01 -2.965000000000000000e+02
1.429214911432442925e+01 -8.153830571956850690e+02 -8.180880680516696657e+02 -9.183681158656144135e+02 6.007372893049453921e+01 3.629543076845848093e-01 -1.080500000000000000e+03
1.726037025561054605e+01 -7.996574437744429815e+02 -8.092197158480180406e+02 -9.493848028632895648e+02 4.699687084456866870e+01 1.180308778058732494e-01 -1.544500000000000000e+03
1.554318536788210992e+01 -7.758167310705115369e+02 -7.796084223892185037e+02 -8.926282180621431053e+02 7.185509585638476437e+01 5.795037064856054521e-01 -2.376500000000000000e+03
1.226271105165411690e+01 -7.640952367111686954e+02 -7.711689116764946448e+02 -8.411837300799357990e+02 3.730911689564990041e+01 2.638967389780337916e-02 -7.285000000000000000e+02
3.944347511621695901e+01 -7.773247548936923295e+02 -7.804635515399190808e+02 -1.554979083249802216e+03 8.603759273897627224e+01 1.302787190711311993e-01 1.016500000000000000e+03
3.197362806843061023e+01 -7.941904080567032906e+02 -7.957101004134760842e+02 -1.298424267254763890e+03 5.792803296103446087e+01 6.847242475200734368e-01 -1.336500000000000000e+03
1.308313412482434401e+01 -8.065687529244453344e+02 -8.080094743576261180e+02 -8.831405541249474709e+02 6.726269148316194446e+01 3.940204800425397003e-01 4.565000000000000000e+02
2.169347563044414429e+01 -8.044212789244184023e+02 -8.029498998145032829e+02 -1.037631587728363684e+03 5.944335297117566341e+01 5.676338849691330291e-01 -1.416500000000000000e+03
4.171974656566297313e+01 -7.646541447973402228e+02 -7.706084947299451642e+02 -1.633283744338619726e+03 5.235184976820264069e+01 3.285414768889062254e-01 1.896500000000000000e+03
1.494394393174836111e+01 -8.030767183694986215e+02 -8.055913259764355416e+02 -9.123527769984458473e+02 8.208042773572074680e+01 1.509284692632517078e-01 -2.296500000000000000e+03
2.319949772865209070e+01 -7.942315134611047824e+02 -7.993722729028642107e+02 -1.060257468877610336e+03 5.320418344327549676e+01 1.795313475665908098e-01 -7.445000000000000000e+02
2.530671574351169539e+01 -8.175411035640261161e+02 -8.197465570254576051e+02 -1.129354481772450072e+03 4.221489214759476738e+01 6.007517817253330700e-02 1.032500000000000000e+03
2.810189465632532446e+01 -7.815539592180465434e+02 -7.815696019081401573e+02 -1.171580189035190870e+03 3.884125211270101374e+01 2.292535290976099038e-01 3.445000000000000000e+02
1.457327290552738042e+01 -7.481772825274900924e+02 -7.490388430227679919e+02 -8.459805127898856654e+02 3.799346831703213923e+01 4.269792843268919169e-01 1.864500000000000000e+03
1.324667453045899634e+01 -7.820354917090189701e+02 -7.830274838710412268e+02 -8.616749622908099582e+02 8.264391644511790957e+01 5.962735384029267394e-01 -2.264500000000000000e+03
5.874279543509869583e+00 -8.066358222827226427e+02 -8.081658747499344599e+02 -8.218346023719024060e+02 4.613473062067681951e+01 2.813837510215523308e-01 -2.184500000000000000e+03
2.577522437121855248e+01 -7.735327145348541080e+02 -7.746583870981099835e+02 -1.100285874052538020e+03 5.528085066598161745e+01 4.484146644743537691e-02 -2.168500000000000000e+03
9.042708317373026716e+00 -7.383519943473665990e+02 -7.390120047208808955e+02 -7.748525928250215884e+02 5.165085939789351244e+01 6.717062389834490554e-01 -1.304500000000000000e+03
3.782954178014229996e+01 -8.182487671282146948e+02 -8.215402236347555345e+02 -1.531388750522665759e+03 7.164293758937834866e+01 5.575772455305162412e-01 4.245000000000000000e+02
3.388817862000366432e+01 -8.196634402460230149e+02 -8.214637685282266375e+02 -1.388471027531793425e+03 6.627037155940111290e+01 3.538624673105337792e-01 1.784500000000000000e+03
6.510731221799240132e+01 -8.412547082854136988e+02 -8.418724941260645664e+02 -2.951457212654427622e+03 7.301982098563411228e+01 7.302365736546970743e-01 1.928500000000000000e+03
8.568594741055020947e+00 -7.650232505848748588e+02 -7.654142528183796230e+02 -7.975015537123138074e+02 3.419139160215539164e+01 4.651852050706358210e-01 -1.128500000000000000e+03
9.710251068722973500e+00 -8.176381593997908794e+02 -8.181357758903006925e+02 -8.621566152152004179e+02 3.730925955091876745e+01 1.362838978500814091e-01 2.805000000000000000e+02
2.236855639344209834e+01 -8.331581325318849167e+02 -8.329328127078998705e+02 -1.076519691431747106e+03 4.261737200805457348e+01 3.603456909731496127e-01 2.040500000000000000e+03
3.575459792212667764e+01 -7.979320172607360746e+02 -7.996048879358925205e+02 -1.433979674382774874e+03 7.727667719837441496e+01 4.283763185287149389e-01 1.685000000000000000e+02
4.916666523673033140e+01 -8.409281817808519008e+02 -8.466113784632511852e+02 -2.045412636065577317e+03 7.663223155568542211e+01 3.483070756349092023e-01 2.072500000000000000e+03
3.845380077876389180e+01 -7.630934123498086592e+02 -7.639278803142885863e+02 -1.495402463195053770e+03 7.560504945129827092e+01 8.197528204020410048e-01 -1.272500000000000000e+03
5.093844622284380108e+01 -7.542081556365354800e+02 -7.590541723078822542e+02 -2.049825920711530216e+03 6.260761521563751586e+01 6.455905423863986803e-01 8.885000000000000000e+02
4.455412135157289732e+00 -7.932749598354103000e+02 -7.974653717316807615e+02 -8.059287826782170896e+02 4.673058139281388890e+01 2.401306023323795669e-01 -6.005000000000000000e+02
5.289038531728345305e+01 -7.699236076893835161e+02 -7.714791720237351456e+02 -2.157442112795506546e+03 8.383791060891053348e+01 4.869453552672907137e-01 8.405000000000000000e+02
1.099181348960740578e+01 -7.530355896013638812e+02 -7.543699876822188344e+02 -8.109283919832708989e+02 6.293121659470392615e+01 3.467665405513278842e-01 -5.525000000000000000e+02
1.741664078635279012e+01 -7.690081648704882582e+02 -7.704621326075847492e+02 -9.129488441161566925e+02 6.428939589357881346e+01 5.595630162647167172e-01 -1.160500000000000000e+03
1.707294977280022508e+01 -7.950630005627651826e+02 -7.972045010381189059e+02 -9.387682243815044103e+02 4.877750819841651975e+01 2.250772639504632910e-01 3.125000000000000000e+02
1.879716516108352664e+01 -8.308073377647859843e+02 -8.313542060393065185e+02 -1.002481896578327564e+03 6.862649538703743701e+01 5.378248749684770846e-01 -4.725000000000000000e+02
9.215070775230159938e+00 -7.912400123406807779e+02 -7.945508753492165397e+02 -8.291352704374276072e+02 4.179853311480634659e+01 9.717130951211354339e-02 1.400500000000000000e+03
2.835626110843401904e+01 -7.934906181761681410e+02 -7.961135014190920174e+02 -1.192268454685453889e+03 5.946237069158365784e+01 5.372391067495223549e-01 -1.720500000000000000e+03
4.089970684590502970e+01 -7.878489165422612359e+02 -7.889689568179904882e+02 -1.620000741738892884e+03 5.696392979329191064e+01 8.317822066675771564e-02 -9.045000000000000000e+02
5.296510243415800545e+01 -8.151531907431560739e+02 -8.195597160956561993e+02 -2.214368497660090725e+03 8.333569129161156752e+01 7.349241713338844351e-01 -1.672500000000000000e+03
3.826028544533858167e+01 -8.013325649977257399e+02 -8.021714113279098228e+02 -1.528762743892978961e+03 7.448813618949677107e+01 2.582279369922498291e-01 -8.885000000000000000e+02
1.716231956858476693e+01 -7.328918319046526904e+02 -7.333931027050889497e+02 -8.756847535550283510e+02 8.926812829378872038e+01 4.861447436857135873e-01 -3.605000000000000000e+02
1.844028107064874433e+01 -7.967549689629406657e+02 -7.947445563910347346e+02 -9.577046340633626187e+02 3.944271969261463084e+01 8.258677149710327292e-01 -1.768500000000000000e+03
2.121029836947974445e+01 -8.050672954183247612e+02 -8.072109612687128219e+02 -1.023741719666687800e+03 4.013756618118735275e+01 5.262266113345800411e-01 1.288500000000000000e+03
3.039746844843962492e+01 -7.590952281295431021e+02 -7.613996230689928097e+02 -1.215284543019371995e+03 7.677824234095884037e+01 7.739285839706145156e-03 8.850000000000000000e+01
1.528773677930287356e+01 -7.772317670530021587e+02 -7.795793693960218889e+02 -8.934414931921927518e+02 4.328386224334815324e+01 7.406904890420368259e-01 2.296500000000000000e+03
1.356384395471306092e+01 -7.580899726750686796e+02 -7.573555637375139895e+02 -8.427789545744784618e+02 7.712363158061933177e+01 5.717669463208640002e-01 1.480500000000000000e+03
2.027513486071671522e+01 -8.102944763249247444e+02 -8.128712734646187528e+02 -1.010047480980132946e+03 3.671293872863821406e+01 1.451992778308155430e-01 5.525000000000000000e+02
2.398813130204543853e+01 -7.938278193699401299e+02 -7.942616823155734664e+02 -1.069506592433408514e+03 7.912282882962148278e+01 5.846324511968988835e-01 -3.285000000000000000e+02
3.668419567007122595e+01 -8.008195719472977316e+02 -8.034069345752926665e+02 -1.472245943825454106e+03 6.344612536553638904e+01 3.867670312026768586e-01 -1.800500000000000000e+03
3.437595220449456423e+00 -7.468072092388747478e+02 -7.469774825220949879e+02 -7.519309082861254865e+02 3.877983311770024955e+01 7.563417913267342918e-01 -1.912500000000000000e+03
4.707614362791682083e+01 -8.059545831473519684e+02 -8.068474977465289157e+02 -1.907108249031290143e+03 6.633802320626470816e+01 6.226047289092703219e-01 1.432500000000000000e+03
2.206231670435712289e+01 -8.187213499417001685e+02 -8.223814664688857192e+02 -1.060067012101686487e+03 8.885734811556363866e+01 3.043419836123604783e-01 4.050000000000000000e+01
5.516112441971823266e+00 -7.977890483763396787e+02 -7.990633188469736297e+02 -8.105096087430368925e+02 5.474667284534577050e+01 8.943968495338053826e-01 2.312500000000000000e+03
3.807245416867259991e+01 -8.053700072777598962e+02 -8.066186726374916134e+02 -1.520397889224053870e+03 3.742083478978049271e+01 5.918048748656309366e-01 1.528500000000000000e+03
6.056862919745171325e+00 -7.835822535311907586e+02 -7.833054935188921490e+02 -7.994234541561635297e+02 8.735155949890659599e+01 3.239908890604196179e-01 5.365000000000000000e+02
1.193966301657436269e+01 -7.939384886772819527e+02 -7.934232794666910422e+02 -8.563627779778757940e+02 6.040009614722018938e+01 3.052631112965309423e-01 1.992500000000000000e+03
7.783517400585153290e+00 -7.433604484700884996e+02 -7.478772704783887093e+02 -7.744244332177430579e+02 4.101716002287612639e+01 7.842596020883772778e-02 2.165000000000000000e+02
2.300259808236681280e+01 -7.523072933445134822e+02 -7.547450584458226786e+02 -1.014226053194037263e+03 3.729333199928392162e+01 6.977194248881724015e-01 9.365000000000000000e+02
1.562295200540263806e+01 -7.650886633843529125e+02 -7.696551450910651511e+02 -8.887692642017826756e+02 7.624876127824859395e+01 8.167011179768371987e-01 -5.045000000000000000e+02
5.136566846692036847e+01 -8.104848706165761314e+02 -8.090992642053350892e+02 -2.122036247551557153e+03 6.808141185146037344e+01 6.624785573439312403e-01 1.976500000000000000e+03
5.008525719749021476e+01 -7.728356071301095653e+02 -7.758636698237239671e+02 -2.026455346102754902e+03 8.822921478378370352e+01 2.434747678047138320e-01 2.325000000000000000e+02
2.920372526738303876e+01 -7.508174838247722391e+02 -7.540732266850558290e+02 -1.172370621642088508e+03 5.191761660528922562e+01 5.013071630599474915e-01 8.245000000000000000e+02
1.735042020342226365e+01 -7.423310971909894533e+02 -7.431254632902399635e+02 -8.878448923951065126e+02 6.093655369519152032e+01 9.952376260241743711e-02 -5.365000000000000000e+02
9.872574661586453360e+00 -7.630139817229129449e+02 -7.668199144958283568e+02 -8.121241315018229443e+02 7.845186369803272441e+01 7.619009678955703802e-01 -1.208500000000000000e+03
1.995305949417620894e+01 -8.650301323765738744e+02 -8.659594102554049186e+02 -1.056999705106501096e+03 8.011726820699803397e+01 7.959680037548239051e-01 -1.224500000000000000e+03
1.250735993903533938e+01 -7.543378013149905428e+02 -7.553536032840694361e+02 -8.295503545715558857e+02 3.322146392517064584e+01 5.366118098375126655e-01 9.045000000000000000e+02
5.831533852014924690e+00 -8.583632174467846880e+02 -8.582271569048384663e+02 -8.747992472745305577e+02 8.791865739694219428e+01 4.599455137743667654e-01 -6.165000000000000000e+02
1.933739304163277595e+01 -7.578920011139562121e+02 -7.595635140954234430e+02 -9.424583919255834417e+02 3.364003347861932269e+01 3.448724243337764617e-01 -1.656500000000000000e+03
1.180597493227761241e+01 -7.456166644628738140e+02 -7.475817049944173505e+02 -8.147084565322860499e+02 4.534542715300764115e+01 4.580908280554736589e-02 1.365000000000000000e+02
2.523765232323150798e+01 -7.996378444770427905e+02 -8.007112252453867995e+02 -1.116356712458766197e+03 4.205309890627528802e+01 2.903915552828710278e-01 6.325000000000000000e+02
3.828898656111190402e+00 -8.109591316066897662e+02 -8.118371799162854359e+02 -8.193318427814828055e+02 4.674757742198908517e+01 2.362425172038629395e-01 -8.405000000000000000e+02
2.309165372225420398e+01 -7.547462939050616342e+02 -7.574105054935007502e+02 -1.018005391300952283e+03 6.052839997769073932e+01 7.369594472633250737e-01 -4.085000000000000000e+02
1.182836253025515383e+01 -7.826910508099631443e+02 -7.852202822434328482e+02 -8.500052148376640844e+02 4.982085135095151429e+01 6.235293633575038630e-01 1.336500000000000000e+03
5.630754022273213977e+00 -7.917941642426460476e+02 -7.959182915395716691e+02 -8.093093338252384683e+02 3.236566260296556408e+01 3.880229159961565699e-01 -4.245000000000000000e+02
3.133336607272590513e+01 -7.984645051321814435e+02 -8.012656024151218617e+02 -1.284064335494602801e+03 6.375136454836645328e+01 2.457240665089406306e-01 1.352500000000000000e+03
4.738535359278562709e+01 -8.219517853295876648e+02 -8.227952360440093571e+02 -1.936354772209817156e+03 7.561077689497896870e+01 8.641442094014321063e-01 -1.736500000000000000e+03
5.830067242796178384e+00 -7.558555393983709791e+02 -7.589462562070011700e+02 -7.760634249747246258e+02 3.837192902500044056e+01 1.287667941962172546e-01 2.392500000000000000e+03
2.143580348400270097e+01 -7.873010625926423245e+02 -7.995641717504209964e+02 -1.014016437430332985e+03 3.356532531660083407e+01 6.508234337159006788e-01 1.576500000000000000e+03
3.939483884059038843e+01 -7.874369575772134340e+02 -7.913721414904700850e+02 -1.561570027996337558e+03 8.524675375111735320e+01 4.090251402588435115e-01 -9.525000000000000000e+02
1.015701040839304703e+01 -8.070169468810518083e+02 -8.091380987061512542e+02 -8.586712294659432700e+02 5.499555643951045880e+01 1.489614204928652874e-01 -1.864500000000000000e+03
2.305360521477466662e+01 -7.721800383210770633e+02 -7.741261000780837094e+02 -1.036739071158126080e+03 3.796952570503213309e+01 1.619921244227442991e-01 2.360500000000000000e+03
1.437481737526678849e+01 -8.370746191977657418e+02 -8.384637038332029988e+02 -9.373579067987188864e+02 3.051109248443389532e+01 1.770001594825146018e-01 2.450000000000000000e+01
4.100707460112274561e+01 -7.616297312229989984e+02 -7.611003277338867292e+02 -1.596918364944071300e+03 8.857487413647194785e+01 5.336157180866397676e-01 4.885000000000000000e+02
3.440818186807536705e+01 -7.655986537224193853e+02 -7.676693395093632262e+02 -1.350769077935239920e+03 6.870965110337911597e+01 7.941022661409076200e-01 1.544500000000000000e+03
2.317315602385758311e+01 -7.589042618937207862e+02 -7.620137169387503491e+02 -1.022936196169881782e+03 3.874504959851088159e+01 6.663839836970851804e-01 -1.624500000000000000e+03
3.178019949897164764e+01 -8.269714168325862147e+02 -8.309051925450688714e+02 -1.330168351551041042e+03 8.263747625651336648e+01 1.291140590111149178e-01 2.248500000000000000e+03
1.222964910608258471e+01 -8.138577452089226654e+02 -8.142610293392961012e+02 -8.846472252065581188e+02 8.784948489838016883e+01 1.488239918772622794e-01 1.045000000000000000e+02
5.007043674622440221e+01 -7.372702749085717642e+02 -7.412180074957534544e+02 -1.991612947572955818e+03 7.365046192004312786e+01 7.186176840578012426e-01 6.005000000000000000e+02
1.734716529826038922e+01 -7.905520537843837019e+02 -7.949681804687321574e+02 -9.355008490757522850e+02 3.429796993962648344e+01 8.110702295145207907e-01 1.464500000000000000e+03
7.399807580871748058e+00 -7.713715982712568575e+02 -7.721381033930911144e+02 -7.939483582888525461e+02 4.953295000627144162e+01 5.337321702883376373e-01 -8.085000000000000000e+02
7.319618539415409408e+00 -7.838471917334628642e+02 -7.861510213558188980e+02 -8.077183176710904036e+02 5.017459422927318968e+01 6.098664195361741536e-01 -1.848500000000000000e+03
2.243133333297909005e+01 -7.767787260513384808e+02 -7.792474201639025750e+02 -1.021134042002808314e+03 4.789441097346055187e+01 8.870372752877483391e-01 7.445000000000000000e+02
5.047633331629644005e+01 -7.894374761928706903e+02 -7.930712528129859038e+02 -2.061437059222141670e+03 6.163963926796606785e+01 5.630800858293077971e-01 1.608500000000000000e+03
3.535098269469921917e+01 -8.133342448902848218e+02 -8.123927475704707604e+02 -1.432890577908905016e+03 5.007124752149088920e+01 4.664912119906720611e-01 -9.845000000000000000e+02
7.143593030618448303e+00 -8.020488682478795681e+02 -8.035974665551876797e+02 -8.254671161024697312e+02 6.346893937316513501e+01 2.902134335285742189e-02 -1.448500000000000000e+03
4.664281174955794995e+01 -7.717929929813732315e+02 -7.735183641656398095e+02 -1.853025065132115969e+03 6.044160750923045100e+01 3.926387038436204291e-01 2.104500000000000000e+03
5.058889956548836153e+01 -7.784618290535929646e+02 -7.816775393246916792e+02 -2.048623191231558849e+03 6.934459140376836217e+01 7.451941795119509937e-01 -4.050000000000000000e+01
1.232279393137669388e+01 -7.741118399142095541e+02 -7.760581825307372128e+02 -8.481319967182954542e+02 3.785360661426157947e+01 7.165894536081482968e-01 -1.992500000000000000e+03
1.732225836216396786e+01 -8.119552000182532083e+02 -8.126109662080735916e+02 -9.558517982700492439e+02 7.742125666342883505e+01 7.307755495173782201e-01 -2.040500000000000000e+03
1.163729162771121750e+01 -8.102080666365717434e+02 -8.101620771781416579e+02 -8.741342403617129548e+02 6.478983503386442067e+01 9.294226284869008814e-02 6.645000000000000000e+02
5.013112155082731647e+01 -8.009411093400436812e+02 -8.016874795343107962e+02 -2.050624945223867599e+03 5.271693667167017594e+01 6.177988639272983251e-01 1.720500000000000000e+03
3.980903791646790069e+01 -8.109799985902780008e+02 -8.193860757588917068e+02 -1.594998620684379603e+03 4.004270694690922738e+01 4.075200041240806814e-01 2.184500000000000000e+03
5.358947406538356972e+01 -8.064490062905065315e+02 -8.080465348132214558e+02 -2.237707134155018139e+03 7.729228484381923181e+01 6.545551840313551528e-01 -1.525000000000000000e+02
5.671426637260276848e+00 -7.527075226855533856e+02 -7.554038764580957377e+02 -7.667974796056106470e+02 8.402169891505027977e+01 3.016344413150420789e-01 1.208500000000000000e+03
2.513127343107976586e+01 -8.044433968340352976e+02 -8.108133139557488676e+02 -1.124753160518232562e+03 5.997014395677818044e+01 6.852915694220295117e-01 -2.805000000000000000e+02
4.276209732334278257e+00 -7.800285688095189016e+02 -7.814110748321123765e+02 -7.870747436470350067e+02 4.201800555246435920e+01 3.926353497882169030e-01 1.752500000000000000e+03
1.806426888162305033e+01 -7.614142311598159267e+02 -7.615069533249750293e+02 -9.168495947173462355e+02 3.780121326491550349e+01 7.735379330215891303e-01 -1.096500000000000000e+03
3.045582997468928355e+01 -8.159310946364583970e+02 -8.181545606875963585e+02 -1.276279666336886976e+03 5.015735385156953896e+01 1.334280303344632657e-01 -1.592500000000000000e+03
2.200225168090705452e+01 -7.935674596269675476e+02 -7.960029990070356689e+02 -1.031349740923329591e+03 6.695730470210708063e+01 8.518846636781445270e-01 2.216500000000000000e+03
7.667036948963979626e+01 -8.394020376827894552e+02 -8.412981307357788410e+02 -3.773494671414608547e+03 8.929013201862099436e+01 8.625536868072454233e-01 7.765000000000000000e+02
2.704261919436124018e+01 -7.748499776204707814e+02 -7.764731085196435743e+02 -1.135681313461979244e+03 6.302581049829851878e+01 6.560036939539369838e-01 -1.016500000000000000e+03
2.263935685380187834e+01 -8.211315237561972253e+02 -8.232739379345214275e+02 -1.073777818586445846e+03 5.887186766151527451e+01 7.265871185579587666e-01 -1.480500000000000000e+03
1.443871478225674210e+01 -7.624349246288155655e+02 -7.627267166940570178e+02 -8.595238619033515306e+02 4.292203163906656016e+01 8.349050928967218788e-01 -8.500000000000000000e+00
4.175960330315722757e+01 -7.841706569083763725e+02 -7.856951505281319896e+02 -1.650873351658665797e+03 4.620321231326518330e+01 1.961043208362025711e-02 1.160500000000000000e+03
1.859511332692737184e+01 -7.978757687767345033e+02 -8.016518042142973854e+02 -9.710464429709747947e+02 4.090438063899568277e+01 8.370158409072577799e-01 -2.325000000000000000e+02
1.527532146477537545e+01 -7.537373028574556884e+02 -7.530714623313606353e+02 -8.671086390560604968e+02 7.665598364918056973e+01 7.682814526650046938e-01 -1.400500000000000000e+03
2.143363814037316928e+01 -8.093364134445331501e+02 -8.088965360536649314e+02 -1.035828826733942606e+03 7.446319914367035153e+01 6.415913092911292859e-01 -2.312500000000000000e+03
5.439257094787119939e+01 -8.189381915775747984e+02 -8.202959670068642026e+02 -2.291357779146515895e+03 8.758111081188249614e+01 6.924212672126833779e-01 -7.925000000000000000e+02
1.345905540923268440e+01 -7.564996547902841257e+02 -7.587109976196148864e+02 -8.452269533466995881e+02 7.895978190109872230e+01 1.047702773567318058e-01 1.080500000000000000e+03
1.576815921233587581e+01 -7.597149239691717639e+02 -7.600249113996580945e+02 -8.810309056113303541e+02 3.856423083994437206e+01 2.827356144102390334e-01 -2.360500000000000000e+03
1.133563936988337062e+01 -7.825999868722349220e+02 -7.832337076178166626e+02 -8.439335717298412192e+02 5.046069250117145799e+01 4.164570758529216321e-01 -6.805000000000000000e+02
9.466179267285223631e+00 -7.858364257593937054e+02 -7.879734722559823012e+02 -8.290695459426176512e+02 7.123508650874892112e+01 3.139058824123278080e-01 -2.088500000000000000e+03
8.075482335411932056e+00 -8.223743567166714001e+02 -8.231947204238292670e+02 -8.435088394040473077e+02 4.262536504779615854e+01 7.363950418898151939e-01 9.685000000000000000e+02
1.911534447015537452e+01 -8.046053562488008311e+02 -8.049068382190807824e+02 -9.843006573947712923e+02 8.751906671070241828e+01 5.565386217701517868e-01 -1.352500000000000000e+03
5.712502837787880594e+00 -7.767771408312308949e+02 -7.775749837930796957e+02 -7.927510869837439031e+02 5.895298474833299451e+01 2.773249500920749733e-01 -6.485000000000000000e+02
2.423753764213775952e+01 -7.508836671742778890e+02 -7.522065763564049803e+02 -1.040747225825007490e+03 4.920062605823530077e+01 5.387837354077049667e-01 -2.120500000000000000e+03
9.102259060225282639e+00 -7.630553145430163795e+02 -7.653209051940365271e+02 -8.038950170809363271e+02 6.640696957960555835e+01 3.315353762005882610e-01 4.085000000000000000e+02
1.224921814177507073e+01 -7.532626732173046094e+02 -7.539559642276677778e+02 -8.263688757015438568e+02 4.942307351356559764e+01 7.975842229856991983e-01 1.800500000000000000e+03
1.936664330074900775e+01 -7.897581470445728655e+02 -7.911031829777305120e+02 -9.714471872889323549e+02 3.335562060304082621e+01 8.053180322181568984e-01 3.605000000000000000e+02
5.162362191383628840e+01 -8.083255903208024620e+02 -8.096065445592024616e+02 -2.134558240652788299e+03 8.052942508592785487e+01 6.510059307366110326e-02 1.848500000000000000e+03
1.216396960870238964e+01 -7.646680896792930753e+02 -7.696612439084484549e+02 -8.412911481951396127e+02 5.661862404798502268e+01 1.444814684069172517e-01 -2.232500000000000000e+03
8.742892449324667581e+00 -7.519175471292603561e+02 -7.535042643175295325e+02 -7.881221162378031977e+02 6.460715831487559058e+01 1.811547291162242390e-01 1.112500000000000000e+03
2.378254072858283763e+01 -7.497406212988848893e+02 -7.522202099578743173e+02 -1.025802131827684661e+03 3.991093049092944511e+01 1.005945583889291395e-01 -1.608500000000000000e+03
1.612743770886675065e+01 -7.867712856378859669e+02 -7.907099276261621981e+02 -9.138299954139469037e+02 8.819423399545280517e+01 4.583448792332892041e-01 2.264500000000000000e+03
1.519992312304565552e+01 -8.377573035875871028e+02 -8.387065835822460258e+02 -9.482506301469114760e+02 4.262243792531837983e+01 4.997388699155635300e-02 1.205000000000000000e+02
1.563481925379797843e+01 -7.730090426887360309e+02 -7.744734358833781016e+02 -8.916232572438281068e+02 4.644335872539917887e+01 7.470858386522529759e-01 5.845000000000000000e+02
2.335656063076192268e+01 -7.933693528854121269e+02 -7.930308204606437812e+02 -1.059247295470525387e+03 4.996930999952401464e+01 3.786394541450013307e-01 1.448500000000000000e+03
4.579070609384339008e+01 -7.603543723876427975e+02 -7.604703184837139815e+02 -1.796014075025956117e+03 6.196913089508399253e+01 1.955359821138545617e-01 -8.245000000000000000e+02
1.356302636947440732e+01 -8.333107752787244635e+02 -8.336567233204542617e+02 -9.253780688972110511e+02 7.476756113237351542e+01 7.230633051632617651e-03 -1.832500000000000000e+03
3.353334168906543233e+00 -8.270522054424774296e+02 -8.278106352122429143e+02 -8.323347532024469047e+02 8.860154622698749449e+01 3.480341338479679969e-01 -1.880500000000000000e+03
4.208730673620626561e+01 -7.640593255474345824e+02 -7.630895802648120707e+02 -1.638970817045228159e+03 8.511139558223413815e+01 4.879604050401217114e-02 2.344500000000000000e+03
1.774397758383702239e+01 -7.865264305174233641e+02 -7.881715795329605498e+02 -9.407532028513217028e+02 4.982387747801728040e+01 3.181268408896058553e-01 8.500000000000000000e+00
3.007885174244019666e+01 -8.234772326168776999e+02 -8.246078368396669021e+02 -1.269359523318239553e+03 4.417783340801321401e+01 4.638813263793649666e-01 5.045000000000000000e+02
1.544373268010090605e+01 -8.317656518521765747e+02 -8.328819022848513214e+02 -9.464925522245761158e+02 6.982626412101595292e+01 2.688640499698511377e-01 1.560500000000000000e+03
2.027932602827707953e+01 -7.503914582263388411e+02 -7.534984906295114797e+02 -9.544149581904661090e+02 3.076653360581076058e+01 7.034445297598246327e-01 -4.405000000000000000e+02
2.030251240057711470e+01 -7.835530006636940925e+02 -7.899855240997105739e+02 -9.803728922914400528e+02 3.077490252471309873e+01 3.177797267654599023e-01 1.368500000000000000e+03
2.629163980457251970e+00 -8.472187568582819495e+02 -8.486854820408949536e+02 -8.504261274438464397e+02 8.589277433172811982e+01 4.507035446988177929e-01 -1.752500000000000000e+03
1.876005308492309709e+01 -7.438068450560713245e+02 -7.463439256211928523e+02 -9.157651946641441327e+02 5.983734852024266360e+01 6.155813591003793661e-01 2.376500000000000000e+03
1.658821001634630932e+01 -7.751669623285102944e+02 -7.759679002304236519e+02 -9.039465099456421058e+02 6.521357290862417244e+01 2.632145668640556435e-01 1.592500000000000000e+03
1.483176009394235173e+01 -7.679734695856209328e+02 -7.696891932918050543e+02 -8.736639695611252137e+02 6.125524698093173015e+01 7.200530809993135328e-01 -9.365000000000000000e+02
6.323690902849957496e+00 -7.973937075384457103e+02 -7.990984246743166750e+02 -8.157024344283183837e+02 7.862060185518190281e+01 6.528911235573063854e-01 -1.640500000000000000e+03
4.638125319940201763e+01 -8.274986965448017600e+02 -8.253816132553904481e+02 -1.890697605953112543e+03 5.976632069267057545e+01 8.024832765762264231e-01 1.525000000000000000e+02
3.815478234594599627e+01 -8.276026811274241481e+02 -8.328110433844625504e+02 -1.555776179557004525e+03 6.889138047751023919e+01 5.546977522370952762e-01 6.165000000000000000e+02
1.753150552137530482e+01 -8.008013633566492899e+02 -8.049039915718954035e+02 -9.595774661622803023e+02 5.508519234250366736e+01 5.187191979497736138e-01 -8.565000000000000000e+02
3.053045497998773339e+00 -7.906928012353716895e+02 -7.921518580699097356e+02 -7.961369077402338235e+02 4.528727784501343478e+01 4.129282759450058071e-01 -3.925000000000000000e+02
1.276246502729906318e+01 -8.241710794791243870e+02 -8.218172473979025199e+02 -9.004459866283108340e+02 4.170478080176000191e+01 6.111136834909626225e-01 1.320500000000000000e+03
1.802342905371442683e+01 -7.634144777872946861e+02 -7.686809176658919114e+02 -9.250630196996936547e+02 4.019407713431154860e+01 8.735070973418338491e-01 -1.240500000000000000e+03
4.230127636941769964e+01 -7.879136283119880773e+02 -7.895710879952646337e+02 -1.677397655980946638e+03 8.718071025132712748e+01 4.263762030824959637e-01 9.205000000000000000e+02
7.089303622970394514e+00 -7.852694125411132973e+02 -7.864611659256320308e+02 -8.097731044921270041e+02 6.287561033552377410e+01 7.907650495108812239e-01 -6.325000000000000000e+02
1.984816621375288648e+01 -7.306926685456126052e+02 -7.337198665012183483e+02 -9.270283293052390263e+02 8.966610937767303824e+01 4.997645904028453212e-01 8.085000000000000000e+02
2.480939121052210439e+01 -7.528396943563384411e+02 -7.548023340537808963e+02 -1.056292856966600311e+03 3.872838817166258707e+01 3.510971560319312568e-01 -5.205000000000000000e+02
2.484574347654972826e+01 -8.372746850202892119e+02 -8.385700088785196158e+02 -1.146426089198263981e+03 5.222116499307284698e+01 1.939206856316189054e-02 -1.192500000000000000e+03
3.158742702550116910e+00 -7.335395188838102740e+02 -7.327996994398038169e+02 -7.356176118750216801e+02 3.930268586265314923e+01 3.290341441184072013e-01 -4.885000000000000000e+02
8.543976290046719768e+00 -7.721098390718874498e+02 -7.749165595567524178e+02 -8.090848851893606479e+02 6.332624310418089664e+01 3.287674498793039524e-01 1.960500000000000000e+03
1.493542815285754521e+01 -7.971653401675409896e+02 -8.009723758230634303e+02 -9.082742057954191068e+02 8.759756018599526328e+01 3.898602927967253495e-01 2.485000000000000000e+02
3.817713462492919518e+01 -7.982817887865542161e+02 -8.024307313915575151e+02 -1.520014165666899999e+03 5.788748841031974024e+01 7.047974257282189070e-01 2.008500000000000000e+03
1.127170513717701539e+01 -7.394430736953423775e+02 -7.411860788663872199e+02 -8.011754201473285093e+02 5.020730662176025305e+01 1.631219835231107473e-01 2.005000000000000000e+02
5.832963717131518422e+01 -7.513259500747226411e+02 -7.540731469767531507e+02 -2.445243677838326676e+03 8.369229738574193789e+01 3.950000242909576520e-01 9.525000000000000000e+02
2.295067885994473045e+01 -8.195957531866297359e+02 -8.212716115999868407e+02 -1.078422539667397814e+03 8.884751283572001057e+01 6.606002595261489807e-01 3.765000000000000000e+02
8.658954345237154016e+00 -7.731702143408108441e+02 -7.784007376772292446e+02 -8.136153721013043878e+02 3.251607446449400385e+01 7.300280161032893789e-01 1.832500000000000000e+03
1.815795213444087253e+01 -8.418326072775175817e+02 -8.433944262894647181e+02 -1.002037663514237352e+03 7.707578555735346981e+01 7.263175234397470925e-01 -2.216500000000000000e+03
6.758829614107001227e+00 -7.871914384758595133e+02 -7.872690464573402096e+02 -8.070685427112127854e+02 4.742906276433228641e+01 4.043573108075500522e-01 1.096500000000000000e+03
2.045420177312721677e+01 -7.669978432088074669e+02 -7.694942746247244258e+02 -9.745893373813755716e+02 4.039817140441120102e+01 2.677803281759221221e-01 -6.645000000000000000e+02
2.857380219133408517e+01 -7.833125497609664762e+02 -7.843529733890691205e+02 -1.188448585159349932e+03 7.564113528672990583e+01 3.630599353520255201e-01 -2.136500000000000000e+03
2.000672050278360459e+01 -7.286714092775512199e+02 -7.294856592168852103e+02 -9.270021133796900585e+02 8.082225542355004677e+01 2.340692670545521381e-01 3.925000000000000000e+02
1.379694395222136372e+01 -8.159083307411048054e+02 -8.162340947606234067e+02 -9.046630864251872026e+02 6.176477137494498493e+01 2.500278706839128562e-01 1.816500000000000000e+03
1.709935567439977078e+01 -8.126936009326207113e+02 -8.150101444731178617e+02 -9.552381188173980036e+02 3.328288492787527275e+01 4.292390501429742961e-02 -2.344500000000000000e+03
3.436961241752438667e+01 -7.707208493800682163e+02 -7.715158385452140237e+02 -1.356922404299660002e+03 5.666777865859220498e+01 7.556399521913162998e-01 -6.965000000000000000e+02
2.632051072823168880e+01 -7.467600052256142362e+02 -7.496030459019968930e+02 -1.092517147619674233e+03 5.356882603383425590e+01 4.556897222664249569e-01 -2.104500000000000000e+03
6.087306615573596247e+01 -7.785355984081725182e+02 -7.802448355932509685e+02 -2.624937011850125600e+03 8.747852481320373386e+01 7.461348625756729636e-01 9.845000000000000000e+02
1.614877421348321107e+01 -7.732481654641439945e+02 -7.741636572492187724e+02 -8.994964282725977682e+02 5.324679019771007660e+01 5.565290119593602203e-01 -1.368500000000000000e+03
1.641287082148478405e+01 -7.710839508481253688e+02 -7.752322791423338231e+02 -9.049535160267910214e+02 3.104949485744766946e+01 4.800008701732374483e-01 -1.384500000000000000e+03
9.103848150753824697e+00 -7.314367131911293427e+02 -7.310602290937844145e+02 -7.666026860323685241e+02 3.405416674665546140e+01 6.492933852144938678e-01 -2.328500000000000000e+03
3.374364357812000037e+01 -7.466807142155770407e+02 -7.509884526293639055e+02 -1.313161784234401921e+03 7.087702644139848474e+01 4.276919067429815202e-01 -7.765000000000000000e+02
1.465925315780815197e+01 -7.890706743453522449e+02 -7.882971349163436798e+02 -8.942876373797488441e+02 8.007100868736846166e+01 2.899783633250050396e-01 1.064500000000000000e+03
1.776762425852214733e+01 -7.388986713988288102e+02 -7.403416883682948537e+02 -8.922494161445187046e+02 3.142524259974830159e+01 2.265492465841536518e-01 7.925000000000000000e+02
3.652850525698490003e+01 -8.527275975696985597e+02 -8.538255593005093260e+02 -1.512472893820119680e+03 7.172211417043158121e+01 1.655175518042711902e-01 -1.000500000000000000e+03
1.704721975180869009e+01 -7.729173972810198165e+02 -7.755106605741431167e+02 -9.113831080074277224e+02 3.023149158471711218e+01 3.439547691007221464e-01 -1.496500000000000000e+03
1.241028445392772994e+01 -7.331787799694295700e+02 -7.335448837340954924e+02 -8.068955094007233129e+02 6.984056416784943622e+01 2.684043403069367173e-01 -2.450000000000000000e+01
3.081289909906099211e+01 -7.564157023090243683e+02 -7.558329796681641710e+02 -1.223313519590161150e+03 4.697103170866630961e+01 3.094442220391265264e-01 1.176500000000000000e+03
4.317674816560444384e+01 -8.368112485037090664e+02 -8.388153066366603525e+02 -1.767380373404845159e+03 6.081801542905406421e+01 3.026374746105446947e-02 -2.485000000000000000e+02
3.248076117785953443e+01 -7.905481293789871415e+02 -7.900163304208736008e+02 -1.308862721217279386e+03 8.143627094601977490e+01 5.493406803215956646e-01 1.192500000000000000e+03
6.430426910862528267e+00 -7.963623274545686854e+02 -7.953168353595622193e+02 -8.167387207425523457e+02 6.867227057491930964e+01 2.060475164754822230e-01 -2.645000000000000000e+02
3.595309482184750749e+01 -7.491093244508005000e+02 -7.501314734144070826e+02 -1.389150785777370402e+03 7.947680635868015031e+01 1.866784886735932403e-01 1.736500000000000000e+03
4.899987788757801610e+00 -8.123402964248572289e+02 -8.130251705097069816e+02 -8.202668401857243907e+02 4.748547700216798262e+01 7.291815635507705728e-01 -1.112500000000000000e+03
3.381578385456677438e+01 -7.708294280164443535e+02 -7.718987148565830694e+02 -1.341120864848488054e+03 6.781991952481716623e+01 8.518161861316807526e-01 -1.576500000000000000e+03
5.110569585730436870e+01 -7.106758129271718190e+02 -7.129903664947215702e+02 -2.010439058492184586e+03 8.762721107952651778e+01 6.693388031797066207e-01 2.232500000000000000e+03
2.831711382133993382e+01 -7.636257276862934305e+02 -7.632556779596799288e+02 -1.159175222327788788e+03 8.103635037359444482e+01 2.065647672391694167e-01 -2.024500000000000000e+03
1.240476453103721255e+01 -7.896998483956360815e+02 -7.913126827551310498e+02 -8.583505728914661859e+02 3.112683964261956149e+01 5.068948692380106369e-01 6.485000000000000000e+02
1.055181633657292117e+01 -7.783091173354447392e+02 -7.785970899180780407e+02 -8.305254683804762408e+02 4.954647890309382774e+01 2.087387743747539104e-01 1.704500000000000000e+03
3.350367503396871882e+01 -8.058497561312242397e+02 -8.090950173121266289e+02 -1.362464685634142597e+03 7.016240303807914813e+01 7.447209303990074414e-01 2.200500000000000000e+03
2.471122829271603649e+01 -7.929919774152764376e+02 -7.921459375058307160e+02 -1.088316780422183911e+03 6.532536739997118502e+01 2.549221247268876334e-01 -1.365000000000000000e+02
1.928500267698316506e+01 -8.294250019115020223e+02 -8.311447888000209332e+02 -1.011529370220398846e+03 6.373038146515953883e+01 8.351677441001057467e-01 7.605000000000000000e+02
1.798364823850323901e+01 -7.739049633775209713e+02 -7.753078260933726824e+02 -9.315808493042054579e+02 8.225039807241179801e+01 4.271100191401173141e-01 1.624500000000000000e+03
1.209632413638255422e+01 -8.377633960075540926e+02 -8.384239799843452374e+02 -9.080646942640479438e+02 8.594692771487348182e+01 3.792798081704260027e-01 -9.685000000000000000e+02
9.993285018930947672e+00 -7.970507596849832908e+02 -7.982024927154709530e+02 -8.462638384650770149e+02 7.515629426732814977e+01 3.381967334055435009e-02 -1.464500000000000000e+03
3.267624239219002646e+01 -7.732212492864493925e+02 -7.846297320437705594e+02 -1.298245209019091362e+03 3.168048470616876244e+01 4.056292022382516627e-01 2.088500000000000000e+03
2.299886786216082868e+01 -8.040063443658102642e+02 -8.032267204620039820e+02 -1.062512752354290342e+03 6.109106353159162950e+01 8.909260769063004348e-02 -5.650000000000000000e+01
7.531753336036063118e+00 -8.166079950191108310e+02 -8.178204294131026018e+02 -8.425876076897088751e+02 3.583687588414838388e+01 4.256415240933047461e-01 -2.008500000000000000e+03
