# format=SNRtot_MF, evidence_inj, evidence_filt, nofilter,         occams_inj,occams_filt, mass_in_solar, chi_inject]
4.697172330070491597e+01 -4.015049020282697256e+02 -4.126999414084986597e+02 -1.501023452404585441e+03 3.675409557762499089e-03 2.958152958152958367e-03 7.000000000000000000e+01 6.999999999999999556e-01
4.455756719792598020e+00 -3.662389824892489401e+02 -3.698960784638733799e+02 -3.796070857184517422e+02 1.487522281639928612e-01 2.288812494694847655e-01 7.000000000000000000e+01 6.999999999999999556e-01
1.672285564124065615e+02 -3.781079702580921662e+02 -5.274951264961699735e+02 -1.435234608155808201e+04 1.952296069943128829e-04 1.655207537560478672e-04 7.000000000000000000e+01 6.999999999999999556e-01
2.108545683110703806e+02 -4.166670092827112626e+02 -5.612225868757153648e+02 -2.263974052426766139e+04 1.188354129530600086e-04 1.018589253883371522e-04 7.000000000000000000e+01 6.999999999999999556e-01
3.699299402449619834e+01 -4.389193468078745468e+02 -4.415630712539852993e+02 -1.122597628538226218e+03 7.520583991172226715e-03 3.034547152194211079e-03 7.000000000000000000e+01 6.999999999999999556e-01
1.086454401182974827e+01 -3.878774616373405593e+02 -3.902131507367033691e+02 -4.460178401070318728e+02 3.543417366946778613e-02 4.764451235039470628e-02 7.000000000000000000e+01 6.999999999999999556e-01
1.841171919889043238e+02 -3.849245025137226435e+02 -5.430080492458246226e+02 -1.732882119100369528e+04 1.740089975384093157e-04 1.443001443001443000e-04 7.000000000000000000e+01 6.999999999999999556e-01
2.165570323393169190e+02 -4.095634167922587494e+02 -6.182921468239487695e+02 -2.384681756111853247e+04 1.188354129530600086e-04 9.761480349715644144e-05 7.000000000000000000e+01 6.999999999999999556e-01
5.361337786201082167e+01 -4.095518359387440341e+02 -4.278753197828264092e+02 -1.841791215604886020e+03 1.769798828622357956e-03 1.476954418130888794e-03 7.000000000000000000e+01 6.999999999999999556e-01
1.095865680507928630e+02 -4.033269278054164602e+02 -4.645161148149089740e+02 -6.398852932574322949e+03 4.668534080298786400e-04 3.904592139886257657e-04 7.000000000000000000e+01 6.999999999999999556e-01
1.423942849085308922e+02 -4.076758866848529124e+02 -5.023069066136552578e+02 -1.053556966344008833e+04 2.801120448179271515e-04 2.291825821237585957e-04 7.000000000000000000e+01 6.999999999999999556e-01
1.408267195833517249e+01 -4.158731588398409258e+02 -4.163435219402031180e+02 -5.102064837236134167e+02 5.731262201850437221e-02 3.538748832866479843e-02 7.000000000000000000e+01 6.999999999999999556e-01
1.848048089370302023e+02 -4.055819654728304045e+02 -5.593329490627055520e+02 -1.747230641999167347e+04 1.655207537560478672e-04 1.400560224089635757e-04 7.000000000000000000e+01 6.999999999999999556e-01
2.207548115420018178e+02 -4.404305319772163330e+02 -6.570533059814276839e+02 -2.480076616337992164e+04 1.273236567354214300e-04 1.061030472795178629e-04 7.000000000000000000e+01 6.999999999999999556e-01
4.619739743254869069e+01 -3.926193423722353941e+02 -3.965026492246742009e+02 -1.453979114001663902e+03 2.321534674475851136e-03 1.948051948051948050e-03 7.000000000000000000e+01 6.999999999999999556e-01
5.396185720088510607e+01 -4.295953854362912239e+02 -4.471973508286326933e+02 -1.877113181570862253e+03 1.782531194295900075e-03 1.489686783804430913e-03 7.000000000000000000e+01 6.999999999999999556e-01
1.071369271966081556e+02 -4.168863000528101566e+02 -4.790136709416074723e+02 -6.142713127381016420e+03 5.262711145064086172e-04 4.286563110092521758e-04 7.000000000000000000e+01 6.999999999999999556e-01
1.382830620621630544e+02 -4.135793682515133582e+02 -4.944751067558580644e+02 -9.965853063003056377e+03 2.928444104914693243e-04 2.419149477973007415e-04 7.000000000000000000e+01 6.999999999999999556e-01
8.191093191283628983e+01 -3.994071286229129782e+02 -4.398711020879676994e+02 -3.743775706342393278e+03 8.912655971479500373e-04 7.257448433919021702e-04 7.000000000000000000e+01 6.999999999999999556e-01
1.383003789883977106e+02 -4.030903211036447829e+02 -4.579112008578306359e+02 -9.957686368089907774e+03 3.055767761650114429e-04 2.546473134708428601e-04 7.000000000000000000e+01 6.999999999999999556e-01
8.646012858843467086e+01 -4.035493564283009391e+02 -4.376008834166255497e+02 -4.128359559283554518e+03 7.257448433919021702e-04 6.069094304388422158e-04 7.000000000000000000e+01 6.999999999999999556e-01
1.280931159621722202e+02 -4.256011626588298213e+02 -5.027942096476631946e+02 -8.620501604468025107e+03 3.395297512944571829e-04 2.758679229267464814e-04 7.000000000000000000e+01 6.999999999999999556e-01
9.214843866063658595e+01 -3.945984524907529476e+02 -4.293377101234306110e+02 -4.630563508078450468e+03 6.705712588065529172e-04 5.602240896358543030e-04 7.000000000000000000e+01 6.999999999999999556e-01
1.834450331684895161e+02 -4.254729526561905004e+02 -5.485586208043397392e+02 -1.724321152576736495e+04 1.782531194295900129e-04 1.485442661913250243e-04 7.000000000000000000e+01 6.999999999999999556e-01
1.874204373146654348e+02 -4.252879211274998283e+02 -6.002042955431031714e+02 -1.797475436387917216e+04 1.612766318648671700e-04 1.358119005177828786e-04 7.000000000000000000e+01 6.999999999999999556e-01
1.388410006261784702e+02 -3.821370020006033883e+02 -4.856601091015191969e+02 -1.001260094205489986e+04 3.183091418385536157e-04 2.631355572532043086e-04 7.000000000000000000e+01 6.999999999999999556e-01
2.093697367960042754e+02 -4.167027047413636183e+02 -5.855920197626949175e+02 -2.232202922668541942e+04 1.358119005177828786e-04 1.145912910618792979e-04 7.000000000000000000e+01 6.999999999999999556e-01
1.846202826881862080e+01 -4.100451029603838151e+02 -4.156296170738398246e+02 -5.771226157959001739e+02 1.388676682794329903e-02 1.302945420592479392e-02 7.000000000000000000e+01 6.999999999999999556e-01
1.226574836063671796e+02 -3.821932548475874114e+02 -4.489686050769121266e+02 -7.897168667277846907e+03 3.734827264239028687e-04 3.098208980561921672e-04 7.000000000000000000e+01 6.999999999999999556e-01
8.497494561983529593e+01 -4.417834455577616950e+02 -4.825968738089726457e+02 -4.043748646869953518e+03 7.596978185213479643e-04 6.451065274594686800e-04 7.000000000000000000e+01 6.999999999999999556e-01
1.956276545475377020e+02 -3.818493797874657503e+02 -5.599077170233591687e+02 -1.950798810193864119e+04 1.527883880825057215e-04 1.273236567354214300e-04 7.000000000000000000e+01 6.999999999999999556e-01
1.778337912579218028e+01 -4.494596590785263857e+02 -4.528339992185922256e+02 -6.049182449181230368e+02 3.692810457516339934e-02 1.969696969696969543e-02 7.000000000000000000e+01 6.999999999999999556e-01
1.206443320463190787e+02 -4.358698648217908271e+02 -4.833672875019572643e+02 -7.700503900314742168e+03 4.031915796621678844e-04 3.310415075120957343e-04 7.000000000000000000e+01 6.999999999999999556e-01
7.850528676752760759e+01 -4.086649097472330254e+02 -4.377077573853765671e+02 -3.482490418244617103e+03 8.573126220185043516e-04 7.002801120448179329e-04 7.000000000000000000e+01 6.999999999999999556e-01
1.226399080645974351e+02 -4.095313824734036530e+02 -4.658972092963737168e+02 -7.922262147235236625e+03 4.074357015533486086e-04 3.352856294032764586e-04 7.000000000000000000e+01 6.999999999999999556e-01
7.004452089988568275e+01 -4.192002042081026616e+02 -4.399913168667346781e+02 -2.860680880945514673e+03 1.243527714115949447e-03 1.005856888209829322e-03 7.000000000000000000e+01 6.999999999999999556e-01
3.765135030971229213e+01 -4.244203161448847936e+02 -4.289689448456153400e+02 -1.124718111859859164e+03 3.781512605042016816e-03 3.242509124862066189e-03 7.000000000000000000e+01 6.999999999999999556e-01
1.546803230867190848e+02 -4.136683671107593341e+02 -5.099486408866857232e+02 -1.236589674528143587e+04 2.376708259061200172e-04 1.994737288854935800e-04 7.000000000000000000e+01 6.999999999999999556e-01
9.832611790686755171e+01 -3.866825062468157057e+02 -4.352667720339685502e+02 -5.211814714169388026e+03 5.856888209829386486e-04 4.965622612681436015e-04 7.000000000000000000e+01 6.999999999999999556e-01
6.464496009745619176e+01 -4.055189949439191537e+02 -4.158247971435853287e+02 -2.489010461935909461e+03 1.277480689245395025e-03 1.082251082251082250e-03 7.000000000000000000e+01 6.999999999999999556e-01
1.595362333363069922e+02 -3.879468117395789477e+02 -4.893624834621254536e+02 -1.310477062950467189e+04 2.291825821237585957e-04 1.952296069943128829e-04 7.000000000000000000e+01 6.999999999999999556e-01
9.499646701486500433e+01 -4.011504924427251240e+02 -4.507119182810901066e+02 -4.905898329659095907e+03 5.729564553093965300e-04 4.710975299210593101e-04 7.000000000000000000e+01 6.999999999999999556e-01
6.145713303423261920e+01 -4.065695803731162528e+02 -4.173536507072188328e+02 -2.290410828292854148e+03 1.735845853492912379e-03 1.438757321110262222e-03 7.000000000000000000e+01 6.999999999999999556e-01
2.191956625718549958e+02 -4.080292120892721073e+02 -6.239657022506390831e+02 -2.441964225550356423e+04 1.230795348442407329e-04 1.061030472795178629e-04 7.000000000000000000e+01 6.999999999999999556e-01
1.697090945569763107e+02 -4.124288327797401621e+02 -5.495264476774337936e+02 -1.480515853970961325e+04 2.079619726678550286e-04 1.740089975384093157e-04 7.000000000000000000e+01 6.999999999999999556e-01
2.227020237098977304e+02 -4.086672639691136055e+02 -5.851246251079335252e+02 -2.519652958050132656e+04 1.145912910618792979e-04 9.761480349715644144e-05 7.000000000000000000e+01 6.999999999999999556e-01
1.747602379400696009e+02 -4.072155068152366653e+02 -5.448131926473186013e+02 -1.566956549918105702e+04 1.909854851031321586e-04 1.570325099736864457e-04 7.000000000000000000e+01 6.999999999999999556e-01
2.742781180960400533e+01 -4.218929891005238346e+02 -4.235337129970795900e+02 -7.900913237452392650e+02 1.059757236227824514e-02 5.182072829131652465e-03 7.000000000000000000e+01 6.999999999999999556e-01
2.217043370135956479e+02 -3.968975347791385957e+02 -5.765879991208248612e+02 -2.496986724744753519e+04 1.145912910618792979e-04 9.761480349715644144e-05 7.000000000000000000e+01 6.999999999999999556e-01
1.559293802106848545e+02 -3.820051690470941139e+02 -4.841958683186429653e+02 -1.252908170056417839e+04 2.164502164502164500e-04 1.824972413207707372e-04 7.000000000000000000e+01 6.999999999999999556e-01
3.284863469013149029e+01 -4.257975550637718811e+02 -4.326817033582813679e+02 -9.583947228914332754e+02 3.705118411000764105e-03 3.386809269162210489e-03 7.000000000000000000e+01 6.999999999999999556e-01
1.974170188647000543e+02 -4.066690714714068235e+02 -5.859525789777118234e+02 -1.988363041596891344e+04 1.527883880825057215e-04 1.273236567354214300e-04 7.000000000000000000e+01 6.999999999999999556e-01
1.416233727030641774e+02 -4.054022324599748686e+02 -4.881468516012022292e+02 -1.042577166976743683e+04 2.928444104914693243e-04 2.419149477973007415e-04 7.000000000000000000e+01 6.999999999999999556e-01
9.038264776288555424e+01 -4.120556456883015244e+02 -4.470421087448928574e+02 -4.488435578833511499e+03 7.342330871742636187e-04 5.899329428741193187e-04 7.000000000000000000e+01 6.999999999999999556e-01
1.861925871825465038e+02 -4.068959587173990258e+02 -5.421724560721789885e+02 -1.773214886313080206e+04 1.655207537560478672e-04 1.400560224089635757e-04 7.000000000000000000e+01 6.999999999999999556e-01
8.800325871963879365e+01 -4.307215226565708690e+02 -4.811397769403560574e+02 -4.297062510465567357e+03 7.342330871742636187e-04 6.196417961123843344e-04 7.000000000000000000e+01 6.999999999999999556e-01
1.315769694932780851e+02 -4.006026603741103713e+02 -4.588644121337830484e+02 -9.049938786335369514e+03 3.395297512944571829e-04 2.886002886002886000e-04 7.000000000000000000e+01 6.999999999999999556e-01
8.518908667335961127e+01 -4.153204297953711261e+02 -4.369074702048876588e+02 -4.037564311210195228e+03 8.997538409303114859e-04 7.596978185213479643e-04 7.000000000000000000e+01 6.999999999999999556e-01
1.433145685564802250e+02 -4.312367901349181238e+02 -5.194349150621319495e+02 -1.069186881269796868e+04 2.758679229267464814e-04 2.291825821237585957e-04 7.000000000000000000e+01 6.999999999999999556e-01
4.568724249931061365e+01 -4.118078841164618211e+02 -4.189064020237057093e+02 -1.447757844005300740e+03 2.550717256599609704e-03 2.083863848569731010e-03 7.000000000000000000e+01 6.999999999999999556e-01
5.013786912895550785e+01 -3.932983271294767746e+02 -3.951639611048282177e+02 -1.642725380781341073e+03 2.020202020202020200e-03 1.744334097275273719e-03 7.000000000000000000e+01 6.999999999999999556e-01
1.112945570113231781e+02 -3.982614840921611403e+02 -4.494125570709445583e+02 -6.582666262353583079e+03 4.498769204651557429e-04 3.777268483150835929e-04 7.000000000000000000e+01 6.999999999999999556e-01
1.390489755073886045e+02 -4.575448465722664650e+02 -5.652934194581026759e+02 -1.011789118012049221e+04 2.928444104914693243e-04 2.419149477973007415e-04 7.000000000000000000e+01 6.999999999999999556e-01
5.259007709077220483e+01 -4.058403157147486127e+02 -4.263957071807511738e+02 -1.785630871978705272e+03 1.807995925642984529e-03 1.519395637042695929e-03 7.000000000000000000e+01 6.999999999999999556e-01
1.053455361518751374e+02 -4.155320667030644017e+02 -4.613788359752907127e+02 -5.955744303053546901e+03 5.050505050505050501e-04 4.244121891180714515e-04 7.000000000000000000e+01 6.999999999999999556e-01
1.450543137702057379e+02 -3.937071622341005082e+02 -4.556193815476407281e+02 -1.090726515813822334e+04 2.843561667091078758e-04 2.419149477973007415e-04 7.000000000000000000e+01 6.999999999999999556e-01
1.028493443475298719e+01 -4.171660546381845620e+02 -4.157385806200977640e+02 -4.629571314382916967e+02 6.090739326033443868e-02 3.135132841015193794e-02 7.000000000000000000e+01 6.999999999999999556e-01
1.916456005150500914e+02 -4.273201184608303720e+02 -5.549414472004409618e+02 -1.878406488705090669e+04 1.485442661913250243e-04 1.230795348442407329e-04 7.000000000000000000e+01 6.999999999999999556e-01
2.129647345544392181e+02 -4.432752022939079666e+02 -6.777822000287155788e+02 -2.310870690631382968e+04 1.315677786266021543e-04 1.061030472795178629e-04 7.000000000000000000e+01 6.999999999999999556e-01
3.849463808699103851e+01 -3.945279471876397110e+02 -4.026041103355643145e+02 -1.125824238860664309e+03 4.341736694677871336e-03 3.683897801544860212e-03 7.000000000000000000e+01 6.999999999999999556e-01
1.105758802486142933e+01 -4.022636858159317512e+02 -4.030969110784441227e+02 -4.599152237134896950e+02 8.134284016636958436e-02 5.257618198794669628e-02 7.000000000000000000e+01 6.999999999999999556e-01
1.879429143407265599e+02 -4.373283474315075523e+02 -5.720687987851105163e+02 -1.808931219688910278e+04 1.612766318648671700e-04 1.358119005177828786e-04 7.000000000000000000e+01 6.999999999999999556e-01
2.083017477476643080e+02 -4.322024132221944228e+02 -6.159029084570063333e+02 -2.212298591482172560e+04 1.315677786266021543e-04 1.145912910618792979e-04 7.000000000000000000e+01 6.999999999999999556e-01
4.656008679852408960e+01 -4.113487134021099223e+02 -4.232110519063240872e+02 -1.489610852283537497e+03 3.136406077582548028e-03 2.669552669552669767e-03 7.000000000000000000e+01 6.999999999999999556e-01
4.578699867605407370e+00 -4.164514434352096828e+02 -4.180923831261421810e+02 -4.245830545701963388e+02 2.174857821916645340e-01 3.448858331211272499e-01 7.000000000000000000e+01 6.999999999999999556e-01
1.731414406476133649e+02 -4.121368120511908728e+02 -5.217560325874907221e+02 -1.539313776350592343e+04 1.824972413207707372e-04 1.527883880825057215e-04 7.000000000000000000e+01 6.999999999999999556e-01
2.084906301200191194e+02 -4.149386446394905761e+02 -6.022309100043619310e+02 -2.213803214550771736e+04 1.315677786266021543e-04 1.103471691706985872e-04 7.000000000000000000e+01 6.999999999999999556e-01
2.145825545068013298e+02 -4.110298750838860542e+02 -6.083065029017670895e+02 -2.342352164673979496e+04 1.273236567354214300e-04 1.061030472795178629e-04 7.000000000000000000e+01 6.999999999999999556e-01
1.613900851912073904e+02 -4.165911234222078292e+02 -5.411275001044150486e+02 -1.342974314529863841e+04 2.334267040149393200e-04 1.909854851031321586e-04 7.000000000000000000e+01 6.999999999999999556e-01
3.355397780737425961e+01 -4.357540606508658811e+02 -4.381566136729643404e+02 -9.931233874030865536e+02 6.701468466174348611e-03 5.517358458534928761e-03 7.000000000000000000e+01 6.999999999999999556e-01
2.340625763749250439e+02 -4.096736501078117385e+02 -6.111970744181271584e+02 -2.779269339510787177e+04 1.061030472795178629e-04 8.912655971479500644e-05 7.000000000000000000e+01 6.999999999999999556e-01
1.659813636134625199e+02 -4.006338271809246976e+02 -5.197270077868836324e+02 -1.416613672736236003e+04 2.206943383413971743e-04 1.867413632119514343e-04 7.000000000000000000e+01 6.999999999999999556e-01
2.548987063453806456e+01 -4.094666932383801736e+02 -4.072227587090004022e+02 -7.197686898162143052e+02 1.895000424412189230e-02 7.138613020965961856e-03 7.000000000000000000e+01 6.999999999999999556e-01
1.572145356087048071e+02 -4.435990699013311769e+02 -5.578615361962489487e+02 -1.279177389043134463e+04 2.291825821237585957e-04 1.909854851031321586e-04 7.000000000000000000e+01 6.999999999999999556e-01
9.854252679223759515e+01 -4.038419018364027693e+02 -4.383256179836729416e+02 -5.254961004319390668e+03 5.432476020711315143e-04 4.583651642475171915e-04 7.000000000000000000e+01 6.999999999999999556e-01
6.038489804620737544e+01 -3.982608414405499957e+02 -4.126673318383463993e+02 -2.216053852486121286e+03 1.264748323571852906e-03 1.099227569815805147e-03 7.000000000000000000e+01 6.999999999999999556e-01
2.406737923380829329e+02 -4.081016505670955894e+02 -6.228488614137902459e+02 -2.935958689927162777e+04 9.337068160597571716e-05 8.488243782361429572e-05 7.000000000000000000e+01 6.999999999999999556e-01
1.684129950855552522e+02 -4.044640217609693309e+02 -5.382441573801045251e+02 -1.457826764801841273e+04 2.164502164502164500e-04 1.824972413207707372e-04 7.000000000000000000e+01 6.999999999999999556e-01
3.298521071526008797e+01 -4.213937904512665114e+02 -4.296892635885979530e+02 -9.606388638107257520e+02 7.652151769798828246e-03 5.373058314234784895e-03 7.000000000000000000e+01 6.999999999999999556e-01
1.576066965615306970e+02 -4.480861588314421056e+02 -5.453142173379793576e+02 -1.285855798205006067e+04 2.334267040149393200e-04 1.909854851031321586e-04 7.000000000000000000e+01 6.999999999999999556e-01
9.826574097373703864e+01 -4.086484537804992101e+02 -4.603868678151294489e+02 -5.228147483990646833e+03 5.899329428741193187e-04 4.965622612681436015e-04 7.000000000000000000e+01 6.999999999999999556e-01
6.830357000561973280e+01 -3.913827675206904360e+02 -4.095597931572713719e+02 -2.718985472572880553e+03 1.336898395721925056e-03 1.082251082251082250e-03 7.000000000000000000e+01 6.999999999999999556e-01
1.223440090436543244e+02 -4.333283803364984124e+02 -4.891711928520712718e+02 -7.911623912475035468e+03 4.456327985739750187e-04 3.607503607503607500e-04 7.000000000000000000e+01 6.999999999999999556e-01
7.600908238904104053e+01 -3.901475524720531212e+02 -4.105825315777075843e+02 -3.268698499393005022e+03 9.379509379509379501e-04 7.894066717596129800e-04 7.000000000000000000e+01 6.999999999999999556e-01
1.165899034770150990e+02 -4.184837088101109543e+02 -4.773306177722284929e+02 -7.207979381170765919e+03 4.583651642475171915e-04 3.734827264239028687e-04 7.000000000000000000e+01 6.999999999999999556e-01
7.727456675415412235e+01 -3.996715170808646462e+02 -4.348419618785276839e+02 -3.378590866875841130e+03 9.167303284950343830e-04 7.681860623037094129e-04 7.000000000000000000e+01 6.999999999999999556e-01
8.500315905332296040e+01 -3.920219395830012559e+02 -4.250456679463923706e+02 -3.997885576404824405e+03 8.658008658008658001e-04 7.215007215007215001e-04 7.000000000000000000e+01 6.999999999999999556e-01
1.992284380126046415e+02 -3.995724399332576127e+02 -5.675609693284703781e+02 -2.023444939065782455e+04 1.443001443001443000e-04 1.188354129530600086e-04 7.000000000000000000e+01 6.999999999999999556e-01
2.216314069434589840e+01 -4.064540479830633330e+02 -4.076451011662466044e+02 -6.428845462834598266e+02 1.243103301926831369e-02 9.069688481453187442e-03 7.000000000000000000e+01 6.999999999999999556e-01
1.933135361235051164e+02 -4.342951201851743690e+02 -5.767226038202416021e+02 -1.911392862534070446e+04 1.527883880825057215e-04 1.273236567354214300e-04 7.000000000000000000e+01 6.999999999999999556e-01
1.725189840733063562e+01 -4.231101956654566720e+02 -4.241203698404192437e+02 -5.695349391301683681e+02 3.985230455818691148e-02 1.716747304982598962e-02 7.000000000000000000e+01 6.999999999999999556e-01
1.287018736472583100e+02 -4.062713373124890381e+02 -4.727390356438423851e+02 -8.683628222145447580e+03 3.183091418385536157e-04 2.673796791443850329e-04 7.000000000000000000e+01 6.999999999999999556e-01
1.577364847751850050e+02 -4.039301514590017064e+02 -5.055787147426365777e+02 -1.283703260886926000e+04 2.461590696884814657e-04 2.037178507766743043e-04 7.000000000000000000e+01 6.999999999999999556e-01
2.176291988497577847e+02 -4.425274044193669170e+02 -6.408884282145693305e+02 -2.411377678103035942e+04 1.230795348442407329e-04 1.018589253883371522e-04 7.000000000000000000e+01 6.999999999999999556e-01
1.698133390785662868e+02 -4.125741589884265750e+02 -5.539185417322505600e+02 -1.482186406479471407e+04 1.824972413207707372e-04 1.527883880825057215e-04 7.000000000000000000e+01 6.999999999999999556e-01
2.943683673043160454e+01 -4.296346196439472465e+02 -4.320287377584252795e+02 -8.575852370487609733e+02 6.459553518377047707e-03 5.241490535608182497e-03 7.000000000000000000e+01 6.999999999999999556e-01
2.125716978208936041e+02 -4.325067478991228995e+02 -6.436805311830472647e+02 -2.301652949818777415e+04 1.315677786266021543e-04 1.103471691706985872e-04 7.000000000000000000e+01 6.999999999999999556e-01
1.621967811648122506e+02 -4.143327925857724949e+02 -5.346274366685630639e+02 -1.355587982266105973e+04 2.164502164502164500e-04 1.824972413207707372e-04 7.000000000000000000e+01 6.999999999999999556e-01
3.150058757947706667e+01 -4.046000961216893188e+02 -4.073837809054228956e+02 -8.906572831402274915e+02 9.600203717850776947e-03 6.476530005941770821e-03 7.000000000000000000e+01 6.999999999999999556e-01
1.015838057578718150e+02 -4.035795122020549002e+02 -4.474728969869283333e+02 -5.552729816941182435e+03 5.559799677446736329e-04 4.583651642475171915e-04 7.000000000000000000e+01 6.999999999999999556e-01
6.976694329471224876e+01 -4.130377082874156258e+02 -4.352507899637690798e+02 -2.837006728677833053e+03 1.141668788727612282e-03 9.719039130803836359e-04 7.000000000000000000e+01 6.999999999999999556e-01
1.535599816081231666e+02 -4.058805367690843582e+02 -4.825550591422999105e+02 -1.218786323082368472e+04 2.461590696884814657e-04 2.122060945590357258e-04 7.000000000000000000e+01 6.999999999999999556e-01
1.012656709590240069e+02 -3.846295530153021787e+02 -4.475864888416844565e+02 -5.505741120163990672e+03 5.941770647653000972e-04 4.795857737034207586e-04 7.000000000000000000e+01 6.999999999999999556e-01
6.918697323662426868e+01 -4.196923752613083707e+02 -4.331725583765850729e+02 -2.805721612421129066e+03 1.073762838468720910e-03 9.379509379509379501e-04 7.000000000000000000e+01 6.999999999999999556e-01
1.645489708759402561e+02 -4.130319319724021625e+02 -5.156630958090383956e+02 -1.394101908920055030e+04 2.291825821237585957e-04 1.909854851031321586e-04 7.000000000000000000e+01 6.999999999999999556e-01
9.406664682978036751e+01 -3.970541579297263297e+02 -4.309375567121536506e+02 -4.812645104972577428e+03 6.875477463712758143e-04 5.687123334182157515e-04 7.000000000000000000e+01 6.999999999999999556e-01
6.121895715536244609e+01 -4.037927443369860612e+02 -4.164948427508356872e+02 -2.263643808181001077e+03 1.434513199219081660e-03 1.196842373312961534e-03 7.000000000000000000e+01 6.999999999999999556e-01
1.204874607979519396e+02 -4.183117956959906678e+02 -4.862245026781163233e+02 -7.667937447199133203e+03 4.074357015533486086e-04 3.395297512944571829e-04 7.000000000000000000e+01 6.999999999999999556e-01
7.709973258419569220e+01 -4.203274708741352583e+02 -4.459841803007768135e+02 -3.383435454140341335e+03 9.634156692980221873e-04 7.681860623037094129e-04 7.000000000000000000e+01 6.999999999999999556e-01
2.434106384033265869e+01 -3.771856752032135773e+02 -3.848230365439791854e+02 -6.713169785813204271e+02 5.317884729649435642e-03 4.604872251931075265e-03 7.000000000000000000e+01 6.999999999999999556e-01
2.130829355438690413e+02 -4.599074795074627104e+02 -6.294906462376671925e+02 -2.315300575285898594e+04 1.273236567354214300e-04 1.061030472795178629e-04 7.000000000000000000e+01 6.999999999999999556e-01
1.204584647145016305e+02 -3.873876847249248954e+02 -4.363868544744711926e+02 -7.632677396754821530e+03 3.947033358798064900e-04 3.310415075120957343e-04 7.000000000000000000e+01 6.999999999999999556e-01
7.464862485788329138e+01 -4.231259260547205372e+02 -4.523256715539334891e+02 -3.204351361412791903e+03 1.090739326033443590e-03 9.337068160597572801e-04 7.000000000000000000e+01 6.999999999999999556e-01
2.078777028706616079e+02 -3.858442962068897373e+02 -5.438004826131553955e+02 -2.198238805303192203e+04 1.273236567354214300e-04 1.103471691706985872e-04 7.000000000000000000e+01 6.999999999999999556e-01
1.598804903611694250e+01 -4.119436427079548935e+02 -4.117632931111561447e+02 -5.343884671614582658e+02 5.570409982174687885e-02 3.088023088023087934e-02 7.000000000000000000e+01 6.999999999999999556e-01
1.938471306831022218e+02 -3.958321899504944668e+02 -5.597194056793447317e+02 -1.917319293475857194e+04 1.527883880825057215e-04 1.230795348442407329e-04 7.000000000000000000e+01 6.999999999999999556e-01
2.220890117473672376e+01 -4.061600139603004322e+02 -4.088464324117308024e+02 -6.472567105699216654e+02 1.454036159918512851e-02 1.033868092691622026e-02 7.000000000000000000e+01 6.999999999999999556e-01
1.886575998123794875e+02 -4.049561692121660599e+02 -5.479789900925363781e+02 -1.818809946855562521e+04 1.655207537560478672e-04 1.400560224089635757e-04 7.000000000000000000e+01 6.999999999999999556e-01
1.988491817878245911e+02 -4.315888923139816598e+02 -5.961545324491833071e+02 -2.019202526976299487e+04 1.443001443001443000e-04 1.230795348442407329e-04 7.000000000000000000e+01 6.999999999999999556e-01
1.912045300682853508e+02 -4.136195690914213401e+02 -5.587767765716773738e+02 -1.868181218458891090e+04 1.612766318648671700e-04 1.400560224089635757e-04 7.000000000000000000e+01 6.999999999999999556e-01
8.353920870616039451e+01 -4.307769674747692648e+02 -4.530382998842258075e+02 -3.911329879394126237e+03 8.997538409303114859e-04 7.427213309566250673e-04 7.000000000000000000e+01 6.999999999999999556e-01
1.327733525705771456e+02 -3.758322968335684209e+02 -4.393889083449636814e+02 -9.178674760592854000e+03 3.395297512944571829e-04 2.843561667091078758e-04 7.000000000000000000e+01 6.999999999999999556e-01
9.030685953188441317e+01 -4.196641585458775126e+02 -4.449018203238420028e+02 -4.489071820071818365e+03 6.875477463712758143e-04 5.729564553093965300e-04 7.000000000000000000e+01 6.999999999999999556e-01
1.302586830503466615e+02 -3.876267657504403701e+02 -4.539118470053796273e+02 -8.862799508202710058e+03 3.437738731856379072e-04 2.928444104914693243e-04 7.000000000000000000e+01 6.999999999999999556e-01
4.660535589093421294e+01 -4.384091085701856514e+02 -4.527767754384459522e+02 -1.516993679138897505e+03 2.962397080044138712e-03 2.296069943128766465e-03 7.000000000000000000e+01 6.999999999999999556e-01
1.070551855588165608e+02 -4.416876196439227442e+02 -4.809721971470277708e+02 -6.167244257730601930e+03 4.795857737034207586e-04 4.159239453357100572e-04 7.000000000000000000e+01 6.999999999999999556e-01
1.483829148833516740e+02 -4.073174571977435789e+02 -4.936702310480903293e+02 -1.140507220539738591e+04 2.419149477973007415e-04 2.079619726678550286e-04 7.000000000000000000e+01 6.999999999999999556e-01
5.763454128464288573e+01 -4.089579000665242461e+02 -4.244230887875023654e+02 -2.063222405951551991e+03 1.718869365928189482e-03 1.421780833545539325e-03 7.000000000000000000e+01 6.999999999999999556e-01
1.127020568711366053e+02 -4.400038791280440478e+02 -4.886879081822912099e+02 -6.780796624485636130e+03 4.116798234445293329e-04 3.480179950768186314e-04 7.000000000000000000e+01 6.999999999999999556e-01
1.439566065477330312e+02 -3.913377180651993399e+02 -4.553933698576092866e+02 -1.074788526172740785e+04 3.013326542738307186e-04 2.546473134708428601e-04 7.000000000000000000e+01 6.999999999999999556e-01
4.444289652770752497e+01 -4.101657493578222784e+02 -4.218465652547519085e+02 -1.390730796818458884e+03 3.386809269162210489e-03 2.716238010355657463e-03 7.000000000000000000e+01 6.999999999999999556e-01
6.345555890222569495e+00 -4.065740675846982981e+02 -4.050574788517026832e+02 -4.225083926489701867e+02 1.599482217129276074e-01 1.040488922841864006e-01 7.000000000000000000e+01 6.999999999999999556e-01
1.793961239283996179e+02 -4.619116424221857642e+02 -6.103558086109437681e+02 -1.654185227394971298e+04 1.655207537560478672e-04 1.400560224089635757e-04 7.000000000000000000e+01 6.999999999999999556e-01
2.086441772707680968e+02 -4.077242592691820278e+02 -5.980140310175916056e+02 -2.216114711784903920e+04 1.358119005177828786e-04 1.145912910618792979e-04 7.000000000000000000e+01 6.999999999999999556e-01
6.016624519184972542e+01 -4.287257125920685894e+02 -4.488561974443707072e+02 -2.230747140255236445e+03 1.595789831083948640e-03 1.345386639504286613e-03 7.000000000000000000e+01 6.999999999999999556e-01
1.182317344407174460e+02 -3.761424028294013056e+02 -4.040511743899935482e+02 -7.359783349459937199e+03 4.159239453357100572e-04 3.565062388591800258e-04 7.000000000000000000e+01 6.999999999999999556e-01
1.432995835390211425e+02 -4.351041499180441861e+02 -5.434563075938677912e+02 -1.069379152250398147e+04 2.970885323826500486e-04 2.461590696884814657e-04 7.000000000000000000e+01 6.999999999999999556e-01
4.050220955824265445e+01 -4.626503133646867809e+02 -4.770512501079180083e+02 -1.276606867760101295e+03 3.378321025379848932e-03 2.898735251676428336e-03 7.000000000000000000e+01 6.999999999999999556e-01
7.687345179178290522e+00 -3.964409636190626998e+02 -3.973119583226365990e+02 -4.228325067256272973e+02 1.343052372464137167e-01 5.619641796112384569e-02 7.000000000000000000e+01 6.999999999999999556e-01
1.777275338814850159e+02 -4.205000935486364142e+02 -5.573947276168524922e+02 -1.620278163033044075e+04 1.867413632119514343e-04 1.527883880825057215e-04 7.000000000000000000e+01 6.999999999999999556e-01
2.154485843398731220e+02 -4.097500137179272883e+02 -5.590038843116526550e+02 -2.361214618327968856e+04 1.188354129530600086e-04 1.018589253883371522e-04 7.000000000000000000e+01 6.999999999999999556e-01
2.032915554848066222e+02 -4.212307370532489585e+02 -6.099330803530748426e+02 -2.107714002329071809e+04 1.443001443001443000e-04 1.188354129530600086e-04 7.000000000000000000e+01 6.999999999999999556e-01
2.178320583894756979e+01 -3.954059639228883611e+02 -3.979172742579121973e+02 -6.275311102125596108e+02 1.485867074102368256e-02 1.337747220100161255e-02 7.000000000000000000e+01 6.999999999999999556e-01
2.043616829477978740e+02 -4.087082621360848975e+02 -5.981734029820979686e+02 -2.128219504776715985e+04 1.485442661913250243e-04 1.230795348442407329e-04 7.000000000000000000e+01 6.999999999999999556e-01
1.416108038925524326e+01 -4.279978453175036748e+02 -4.281903480299304761e+02 -5.266675971298470813e+02 5.238519650284356038e-02 3.716153127917833782e-02 7.000000000000000000e+01 6.999999999999999556e-01
2.043252376237052772e+02 -4.073358182935739933e+02 -5.770050045050544441e+02 -2.127138651906147425e+04 1.485442661913250243e-04 1.230795348442407329e-04 7.000000000000000000e+01 6.999999999999999556e-01
1.186143367369591175e+02 -3.960626693008173902e+02 -4.363026649196448261e+02 -7.425740343629411655e+03 3.649944826415414743e-04 3.098208980561921672e-04 7.000000000000000000e+01 6.999999999999999556e-01
7.413836352466562118e+01 -4.278197712837065296e+02 -4.543742145506414545e+02 -3.167156750985656799e+03 8.997538409303114859e-04 7.512095747389865158e-04 7.000000000000000000e+01 6.999999999999999556e-01
1.171462693010622331e+02 -3.829534136159783770e+02 -4.630621780186359047e+02 -7.237531859774625445e+03 3.947033358798064900e-04 3.267973856209150101e-04 7.000000000000000000e+01 6.999999999999999556e-01
7.944096409900551237e+01 -4.212968351296203764e+02 -4.479627782965633855e+02 -3.570683545898645207e+03 7.851625498684322016e-04 6.663271369153722472e-04 7.000000000000000000e+01 6.999999999999999556e-01
2.528101833281466782e+01 -3.974845074693613469e+02 -4.011369534944743123e+02 -7.085487927307276550e+02 1.152279093455564098e-02 1.010101010101010187e-02 7.000000000000000000e+01 6.999999999999999556e-01
1.544179417509062375e+02 -3.869196681062614402e+02 -4.929797322510733579e+02 -1.229948316270422220e+04 2.631355572532043086e-04 2.164502164502164500e-04 7.000000000000000000e+01 6.999999999999999556e-01
9.153800058407465201e+01 -4.395342755465284768e+02 -4.659515748448137060e+02 -4.620156778592437149e+03 6.238859180035651129e-04 5.347593582887700658e-04 7.000000000000000000e+01 6.999999999999999556e-01
6.168052528032278303e+01 -4.082893200376184950e+02 -4.165837275896479923e+02 -2.302100908168399201e+03 1.459977930566165897e-03 1.230795348442407329e-03 7.000000000000000000e+01 6.999999999999999556e-01
1.607528422898635085e+02 -4.421574442236070581e+02 -5.156774910161240086e+02 -1.335495945137634044e+04 2.164502164502164500e-04 1.824972413207707372e-04 7.000000000000000000e+01 6.999999999999999556e-01
1.007010729225446113e+02 -4.152089951578362843e+02 -4.686632693990860048e+02 -5.476151450393406776e+03 5.517358458534929629e-04 4.583651642475171915e-04 7.000000000000000000e+01 6.999999999999999556e-01
6.876948553860647451e+01 -4.084353056074794495e+02 -4.188774191759789574e+02 -2.764113884645818871e+03 1.111959935489347266e-03 9.676597911892029658e-04 7.000000000000000000e+01 6.999999999999999556e-01
2.119710224233889164e+02 -3.943070822225656684e+02 -5.753423851818115509e+02 -2.285127706912884241e+04 1.273236567354214300e-04 1.018589253883371522e-04 7.000000000000000000e+01 6.999999999999999556e-01
1.630755681920103370e+02 -4.447873425371658413e+02 -5.380659684008037402e+02 -1.373489294024684204e+04 2.206943383413971743e-04 1.867413632119514343e-04 7.000000000000000000e+01 6.999999999999999556e-01
3.212616949958166401e+01 -3.988961583025608775e+02 -4.047111879857442318e+02 -9.085344556583087297e+02 7.079195314489431824e-03 5.742296918767507419e-03 7.000000000000000000e+01 6.999999999999999556e-01
1.013470730990179334e+02 -3.695696703249348616e+02 -4.222504246699658097e+02 -5.498890071555711074e+03 5.899329428741193187e-04 4.795857737034207586e-04 7.000000000000000000e+01 6.999999999999999556e-01
6.939757691440968301e+01 -4.634010732810019135e+02 -4.822533503843101244e+02 -2.863339064503104055e+03 1.141668788727612282e-03 9.337068160597572801e-04 7.000000000000000000e+01 6.999999999999999556e-01
1.622864560272225845e+02 -4.181798922624057582e+02 -5.374355864689564442e+02 -1.357666086765188084e+04 2.122060945590357258e-04 1.782531194295900129e-04 7.000000000000000000e+01 6.999999999999999556e-01
2.180280495658672351e+02 -4.317703491005894421e+02 -6.082956744605452286e+02 -2.419096171696305464e+04 1.188354129530600086e-04 9.761480349715644144e-05 7.000000000000000000e+01 6.999999999999999556e-01
1.634611614953307708e+02 -4.052013744037339507e+02 -5.280103345891587878e+02 -1.375163124121810688e+04 2.122060945590357258e-04 1.824972413207707372e-04 7.000000000000000000e+01 6.999999999999999556e-01
2.976788115883894648e+01 -4.116347047384497841e+02 -4.142826175304264780e+02 -8.501116174721853440e+02 1.211272387742975964e-02 3.756047873694932579e-03 7.000000000000000000e+01 6.999999999999999556e-01
1.437170481726934383e+02 -4.084869723571188729e+02 -4.928054721553772879e+02 -1.072439034495009219e+04 2.928444104914693243e-04 2.419149477973007415e-04 7.000000000000000000e+01 6.999999999999999556e-01
4.153628794325307894e+01 -4.053191956774108462e+02 -4.165473747709578447e+02 -1.261157803165960786e+03 2.852049910873440206e-03 2.296069943128766465e-03 7.000000000000000000e+01 6.999999999999999556e-01
9.254827487419545307e+00 -4.591405311721655949e+02 -4.611239960588833355e+02 -5.002208017854505329e+02 1.653000594177064797e-01 6.282998047703930444e-02 7.000000000000000000e+01 6.999999999999999556e-01
1.800471030386050870e+02 -4.078837357366449510e+02 -5.466603588916938179e+02 -1.660677893969632350e+04 1.697648756472285914e-04 1.400560224089635757e-04 7.000000000000000000e+01 6.999999999999999556e-01
2.028079645941976707e+02 -3.888004771474759877e+02 -5.766968558669112781e+02 -2.094739112487481179e+04 1.315677786266021543e-04 1.103471691706985872e-04 7.000000000000000000e+01 6.999999999999999556e-01
4.493192662436371876e+01 -4.225866479333976145e+02 -4.333583397221743212e+02 -1.424781076663544354e+03 2.584670231729055065e-03 2.223919870978694532e-03 7.000000000000000000e+01 6.999999999999999556e-01
5.755583186057321221e+00 -3.994337096910469995e+02 -4.004827092131840800e+02 -4.167626253549419744e+02 1.265172735760971001e-01 7.893217893217893688e-02 7.000000000000000000e+01 6.999999999999999556e-01
1.749993320483060018e+02 -3.822369033780567520e+02 -4.938863500609000994e+02 -1.567976168448168755e+04 1.909854851031321586e-04 1.612766318648671700e-04 7.000000000000000000e+01 6.999999999999999556e-01
2.184724752393774168e+02 -4.170376550729137080e+02 -6.154114361852701904e+02 -2.427315673711322961e+04 1.188354129530600086e-04 1.018589253883371522e-04 7.000000000000000000e+01 6.999999999999999556e-01
5.884630888003673732e+01 -4.084742212789053042e+02 -4.288993378790509041e+02 -2.133746713046612513e+03 1.285968933027756582e-03 1.086495204142263029e-03 7.000000000000000000e+01 6.999999999999999556e-01
1.166565166972814893e+02 -3.989028320265948651e+02 -4.486934287267214927e+02 -7.193613742862462459e+03 4.286563110092521758e-04 3.522621169679993015e-04 7.000000000000000000e+01 6.999999999999999556e-01
5.665574930072363458e+01 -4.213447270653898613e+02 -4.322401446316820852e+02 -2.019362598991213645e+03 1.638231049995755775e-03 1.396316102198455087e-03 7.000000000000000000e+01 6.999999999999999556e-01
1.161406472949156807e+02 -3.970951057307362362e+02 -4.402431851429900007e+02 -7.135612316360074146e+03 3.777268483150835929e-04 3.183091418385536157e-04 7.000000000000000000e+01 6.999999999999999556e-01
1.448665371246505345e+02 -4.434113048245188793e+02 -5.119583254078856953e+02 -1.092464871874090932e+04 2.716238010355657572e-04 2.291825821237585957e-04 7.000000000000000000e+01 6.999999999999999556e-01
4.918310578586323345e+01 -3.832839582055559049e+02 -3.888805260543931581e+02 -1.581817308775458741e+03 2.648332060096765875e-03 2.189966895849248738e-03 7.000000000000000000e+01 6.999999999999999556e-01
1.062814217413080513e+02 -3.718358265506171847e+02 -4.070171320789420406e+02 -6.011423008665762609e+03 4.838298955946014829e-04 4.074357015533486086e-04 7.000000000000000000e+01 6.999999999999999556e-01
1.439685048710299213e+02 -4.030226420120678767e+02 -5.004295736936894627e+02 -1.075446683775988458e+04 2.758679229267464814e-04 2.334267040149393200e-04 7.000000000000000000e+01 6.999999999999999556e-01
8.681818151214150703e+01 -3.969765993829449258e+02 -4.237123357152583480e+02 -4.158476097243409640e+03 7.681860623037094129e-04 6.493506493506493501e-04 7.000000000000000000e+01 6.999999999999999556e-01
1.311689294993045110e+02 -4.259616810438320726e+02 -4.977416611204465653e+02 -9.019212574076844248e+03 3.395297512944571829e-04 2.801120448179271515e-04 7.000000000000000000e+01 6.999999999999999556e-01
1.950905752517129201e+02 -4.106577285024065986e+02 -5.731180396412257778e+02 -1.942900866425580170e+04 1.527883880825057215e-04 1.315677786266021543e-04 7.000000000000000000e+01 6.999999999999999556e-01
8.566364921641756780e+01 -4.080345407872464989e+02 -4.374175639387739807e+02 -4.069463752172116529e+03 7.045242339359986030e-04 5.984211866564807672e-04 7.000000000000000000e+01 6.999999999999999556e-01
1.276857681831594249e+02 -4.278772656863013140e+02 -5.121737145213512576e+02 -8.568577205025443618e+03 3.649944826415414743e-04 2.970885323826500486e-04 7.000000000000000000e+01 6.999999999999999556e-01
1.994143254708639006e+02 -3.956438764882304895e+02 -5.438344485092669629e+02 -2.026928241896492909e+04 1.400560224089635757e-04 1.188354129530600086e-04 7.000000000000000000e+01 6.999999999999999556e-01
1.890845743374285064e+02 -4.381966633827675537e+02 -5.889051026239421844e+02 -1.830618739930116135e+04 1.655207537560478672e-04 1.400560224089635757e-04 7.000000000000000000e+01 6.999999999999999556e-01
