# thresh=6.35, format=SNRtot_MF, evidence_filt, evidence_inj, nofilter, mass_in_solar, chi_inject, time]
3.213757063422154658e+01 -7.931097939521425815e+02 -7.988915359439171198e+02 -1.303723158273288163e+03 6.520310839239974143e+01 6.529988551498826510e-01 3.605000000000000000e+02
2.293930656389416711e+01 -8.024323235749734522e+02 -8.044208122692011784e+02 -1.060602719047395112e+03 6.645440168643865775e+01 6.479014260561278826e-01 1.848500000000000000e+03
2.147533114264381382e+01 -7.735590805899678344e+02 -7.767199260624664703e+02 -1.004944032841586932e+03 6.379644421695340384e+01 6.317831000788677320e-01 -1.960500000000000000e+03
5.378517273022318790e+01 -7.561091132592069926e+02 -7.564755244266852969e+02 -2.194400644469494182e+03 6.905878786302687899e+01 6.803285408676188473e-01 1.112500000000000000e+03
4.678823883896512825e+01 -7.789485283537701434e+02 -7.823860857485140059e+02 -1.868880685876275038e+03 6.999586540761821141e+01 6.835939313701845377e-01 -6.485000000000000000e+02
3.813206569108455568e+01 -7.676466369209866798e+02 -7.677096531695823387e+02 -1.491141164377530458e+03 6.548786810246505752e+01 6.508608086124781922e-01 4.085000000000000000e+02
1.425265982549812982e+01 -7.534076624364431609e+02 -7.536220431147694399e+02 -8.546648490630378774e+02 6.807928235707993281e+01 6.841129666067127246e-01 1.800500000000000000e+03
4.012482967210133467e+01 -7.258641821711099738e+02 -7.317741961157181549e+02 -1.531721317629886471e+03 6.922909150139602730e+01 6.855037982179287281e-01 -2.072500000000000000e+03
5.864110511380698831e+00 -7.810948231656922189e+02 -7.819476393641656387e+02 -7.956526352126437587e+02 6.807953847961900351e+01 6.840416984880240969e-01 -6.805000000000000000e+02
2.954281087499222025e+01 -8.232777884473026688e+02 -8.206535185108714359e+02 -1.249293533838604617e+03 6.903923771468558357e+01 7.016429125452253723e-01 9.685000000000000000e+02
1.920520821595151162e+01 -7.404965920753414821e+02 -7.417859912020769571e+02 -9.204032771829171224e+02 6.823550339977413159e+01 7.138723632870666025e-01 -1.064500000000000000e+03
3.747104964332470534e+00 -7.940271113174430866e+02 -7.926178150816223251e+02 -7.995249317422873219e+02 6.913266483302456322e+01 7.251321050023259440e-01 -1.560500000000000000e+03
2.158983676193466650e+01 -8.169258062593522709e+02 -8.229116532264636135e+02 -1.052164166582745111e+03 6.604015077185827920e+01 6.528767183376876782e-01 -1.928500000000000000e+03
2.234980907134277217e+01 -8.075843037345604216e+02 -8.076371089967337866e+02 -1.052222706406445923e+03 6.624631660105237074e+01 6.439332867102987024e-01 -7.925000000000000000e+02
3.000824446605301787e+01 -7.466872531324660258e+02 -7.475940627127044991e+02 -1.194740194434951491e+03 6.993155875883886097e+01 7.076763083066056614e-01 1.080500000000000000e+03
1.088601957689665234e+01 -7.823445782886000188e+02 -7.840853578145726033e+02 -8.408471668724031360e+02 6.675442976153669861e+01 6.785669819204328546e-01 -1.048500000000000000e+03
1.804082641980659574e+01 -7.980178460558892084e+02 -7.984127010231002259e+02 -9.546344629404895841e+02 6.707618119108832389e+01 7.103687296696059583e-01 -1.512500000000000000e+03
5.363916111370026840e+01 -8.328578335250681448e+02 -8.398480280794065038e+02 -2.266905806374662916e+03 6.088604380687631590e+01 4.417794065387164459e-01 7.765000000000000000e+02
4.165891069231337696e+01 -7.602933278556952246e+02 -7.624045461683535905e+02 -1.625823238595449766e+03 6.531290542590230075e+01 6.542214127188746842e-01 -8.500000000000000000e+00
3.420238763367392920e+01 -7.912017595115619315e+02 -7.925566241925615714e+02 -1.370498757560256990e+03 6.723428966083257308e+01 6.843997528733156699e-01 1.160500000000000000e+03
3.755099881096401049e+01 -7.994315625270293140e+02 -8.007302699487451036e+02 -1.498724151970389812e+03 6.737634529641148617e+01 6.598318147581053728e-01 -2.325000000000000000e+02
9.659413249646036093e+00 -8.295844873246822999e+02 -8.322737251378073324e+02 -8.757792084968352810e+02 6.721213456094338312e+01 6.631903284428273260e-01 -2.248500000000000000e+03
5.178645420035452140e+00 -7.985675992715464417e+02 -7.993524623395304616e+02 -8.111048468250611450e+02 6.798780784639794206e+01 6.960613943485755017e-01 -1.432500000000000000e+03
4.590107817593325024e+01 -7.561078751689479986e+02 -7.618717997160509867e+02 -1.804653912009947362e+03 6.478959696548005809e+01 6.390556463585578273e-01 1.208500000000000000e+03
2.287980385175511699e+01 -8.067563029529374035e+02 -8.112116424773211065e+02 -1.068126871921516795e+03 6.811422775156690079e+01 7.073604194834813841e-01 -2.805000000000000000e+02
2.201851538035624145e+01 -7.435137385755913328e+02 -7.433486544360572452e+02 -9.817228912589433776e+02 6.888759601153114431e+01 6.909259964217389083e-01 -1.320500000000000000e+03
3.179122149027121225e+01 -7.885066568457460789e+02 -7.892626271379887157e+02 -1.287166381869522411e+03 6.444230300852555615e+01 6.454364894214261739e-01 1.752500000000000000e+03
4.118651265033965814e+01 -8.031796551953013932e+02 -8.029143619668037672e+02 -1.643569115276325419e+03 6.612597882153380624e+01 6.780613181018955160e-01 2.216500000000000000e+03
2.985398516088564591e+01 -7.956410436778460280e+02 -7.979130370309146656e+02 -1.234169004180933371e+03 6.441095707575668428e+01 6.306081041645109631e-01 -2.392500000000000000e+03
2.394115069259818185e+01 -7.978644551790367814e+02 -7.981592755047694254e+02 -1.079103213600191339e+03 7.020328936548639831e+01 7.132432825425626399e-01 -1.288500000000000000e+03
3.187185903078540150e+01 -8.117586938507190553e+02 -8.098374567155053683e+02 -1.315112927905411198e+03 6.807809154181234135e+01 6.936569033257972139e-01 6.645000000000000000e+02
2.072760546074339061e+01 -7.978915337293797165e+02 -7.999499792063488712e+02 -1.011010048528605580e+03 6.686778318036843416e+01 6.861668602900531377e-01 1.720500000000000000e+03
3.479579385175980377e+01 -8.072076909037970154e+02 -8.084302133782003921e+02 -1.407201346477740572e+03 6.291083060719311959e+01 5.916550350482591147e-01 2.184500000000000000e+03
4.396625727479179346e+01 -7.842907465143778154e+02 -7.885505212277195142e+02 -1.747102307965336422e+03 6.874743767647018444e+01 6.930467525742929347e-01 -1.525000000000000000e+02
2.896207288164013249e+01 -7.866949185320902416e+02 -7.864143107934135060e+02 -1.198033278087145845e+03 6.756556993952121104e+01 6.884192653308663923e-01 -2.152500000000000000e+03
3.628490834788847508e+01 -7.768813009624859660e+02 -7.790251112805744924e+02 -1.429687534268641684e+03 6.811422775156690079e+01 7.073604194834813841e-01 7.445000000000000000e+02
5.204458040219149240e+01 -7.926991409765283834e+02 -7.972738438250426043e+02 -2.145618597400767612e+03 6.634033528837173321e+01 6.581768840900020789e-01 1.608500000000000000e+03
5.341932075628646714e+01 -7.702200700131912754e+02 -7.745839355881629444e+02 -2.192921962443369011e+03 6.233217316962281984e+01 6.236575667226752495e-01 2.104500000000000000e+03
2.054163650563784316e+01 -7.697055173381909299e+02 -7.720264632228836490e+02 -9.740964104934756733e+02 6.720910798844300871e+01 7.326194851725090773e-01 -4.050000000000000000e+01
8.711893690791161049e+00 -7.851962741660871643e+02 -7.853408723668105722e+02 -8.223311867978715100e+02 6.716081774618720601e+01 6.944332659341472258e-01 -2.200500000000000000e+03
3.242012709614564869e+01 -7.416760554226250406e+02 -7.435843792004950501e+02 -1.259672750730919006e+03 6.484049661438874068e+01 6.665426777232372757e-01 -2.280500000000000000e+03
4.147786095945865270e+01 -8.309351805871229999e+02 -8.333148337219001860e+02 -1.685822692040965194e+03 6.709284675642194884e+01 6.687407070635585926e-01 2.248500000000000000e+03
4.478958436439845059e+01 -8.160137079034657290e+02 -8.173149288553316865e+02 -1.812716969476865870e+03 7.003469984692549133e+01 6.956422344652205547e-01 1.045000000000000000e+02
1.563664952503060235e+01 -7.453874281299124505e+02 -7.487915576307954098e+02 -8.680431306239125888e+02 6.406659605052124107e+01 6.231840682571654355e-01 6.005000000000000000e+02
5.170552725249781822e+00 -7.818283974332797470e+02 -7.836868155954689428e+02 -7.952347837858116009e+02 6.699297095182791395e+01 6.794283816545839683e-01 1.464500000000000000e+03
3.125861298326755744e+01 -7.666114871460132463e+02 -7.684378121457868929e+02 -1.251033381504429144e+03 6.604597212223768565e+01 6.775641440835747931e-01 -1.144500000000000000e+03
1.067200193119005469e+01 -7.666093743998246737e+02 -7.696867807252166358e+02 -8.225765632999903119e+02 6.229684384299219602e+01 6.269419657310023597e-01 2.360500000000000000e+03
3.281055416840632688e+01 -8.377984444089518092e+02 -8.400352715621336301e+02 -1.369048479332617717e+03 6.565057600918433423e+01 6.660373756298519909e-01 2.450000000000000000e+01
2.658211278802370714e+01 -7.650248172694437017e+02 -7.666762671609072868e+02 -1.112558596789558806e+03 6.837817518654459548e+01 6.844871632538490624e-01 4.885000000000000000e+02
3.855797763443665360e+01 -7.651288258978979684e+02 -7.660276152613155318e+02 -1.502212791660124822e+03 6.774906603847615827e+01 6.878567379119159275e-01 1.544500000000000000e+03
1.462385693748819193e+01 -7.528786058951608311e+02 -7.573142289384278456e+02 -8.596300908193107944e+02 6.548786810246505752e+01 6.508608086124781922e-01 -1.176500000000000000e+03
1.933814868458044600e+01 -7.975260554134941913e+02 -8.018667151993970492e+02 -9.807451369838228175e+02 6.726975512910406962e+01 6.738307126664051516e-01 -4.245000000000000000e+02
2.627366630863800268e+01 -8.066041558757972325e+02 -8.082932298514676859e+02 -1.146742876339972554e+03 6.848869295607906338e+01 6.834743651015857679e-01 1.352500000000000000e+03
2.176524115165928563e+01 -7.606444735963933681e+02 -7.597376396471840962e+02 -9.939317714479459482e+02 7.216929117200706401e+01 7.211703619990195158e-01 2.392500000000000000e+03
9.689676440940917956e+00 -7.866835121550493568e+02 -7.870917114110170587e+02 -8.301144918685032508e+02 6.574525244829641224e+01 6.450560143322727757e-01 1.576500000000000000e+03
1.029433344889151947e+01 -7.479731403458894192e+02 -7.494831055532198434e+02 -7.993870190279027383e+02 6.943604826214078685e+01 7.091699813585025103e-01 1.365000000000000000e+02
4.554991594260641818e+01 -8.067038875453761193e+02 -8.072734337789343044e+02 -1.840731186234435427e+03 6.772671836541347545e+01 7.135576155557813438e-01 6.325000000000000000e+02
1.051680982513369145e+01 -7.253577141061684870e+02 -7.262448244965792128e+02 -7.772670575551434240e+02 7.184235558523607779e+01 7.412752430155401528e-01 -1.256500000000000000e+03
1.980705443093075502e+01 -7.609776924611470577e+02 -7.620609013267542196e+02 -9.533707157982621538e+02 6.851062951037201287e+01 6.774057304813466684e-01 -4.085000000000000000e+02
3.747744235710182892e+01 -7.901812508024892168e+02 -7.924744268091477579e+02 -1.486358469556246519e+03 6.572383264906429190e+01 6.794429637366171670e-01 1.336500000000000000e+03
4.476586347570675883e+01 -7.658193557337401671e+02 -7.654717024933906941e+02 -1.763625608687657632e+03 7.142390164001071184e+01 7.181605952666175741e-01 -1.784500000000000000e+03
2.951241992114854540e+01 -7.517959303178909067e+02 -7.532895439732756131e+02 -1.182608064187281343e+03 6.935198230686353327e+01 6.778031459658472313e-01 -1.688500000000000000e+03
3.057891003737606894e+01 -7.763640838931721646e+02 -7.792445054243077038e+02 -1.237062908242329286e+03 6.419140266814459039e+01 6.308800995672035894e-01 -8.725000000000000000e+02
1.516368453944731520e+01 -7.524748298623323990e+02 -7.557859717103951880e+02 -8.652682884141562454e+02 6.753114709890765255e+01 6.744490984575562953e-01 9.045000000000000000e+02
3.930261257298289479e+01 -8.737897246297944776e+02 -8.739198350563444819e+02 -1.638708456524127541e+03 6.623794489664251728e+01 6.626492460143419416e-01 -6.165000000000000000e+02
8.116705016637082437e+00 -7.854907035585848689e+02 -7.877203689111769336e+02 -8.194284309703022018e+02 7.006511288134822735e+01 7.121588758583060619e-01 -1.704500000000000000e+03
4.804173054212157012e+01 -8.018829436197133873e+02 -8.037773279060928644e+02 -1.948592576354697030e+03 7.172461201458000346e+01 7.465836631732672979e-01 -9.205000000000000000e+02
4.197115646417005053e+01 -7.509568041916512584e+02 -7.543240138687779108e+02 -1.625248035788668858e+03 6.410469903018343985e+01 6.237999730711435431e-01 8.245000000000000000e+02
2.850003484286843403e+01 -7.406958722650778100e+02 -7.430380271539710293e+02 -1.141033075692409966e+03 6.553450804386230288e+01 6.456728709071911654e-01 -5.365000000000000000e+02
2.379610326821986632e+01 -7.688174297169273359e+02 -7.710429656385475710e+02 -1.053069867375150352e+03 6.827363377290858182e+01 6.905716780964693546e-01 -5.045000000000000000e+02
3.047442063868815154e+01 -7.897946153874188440e+02 -7.906683235087677986e+02 -1.248117646196883470e+03 6.922909150139602730e+01 6.855037982179287281e-01 -1.896500000000000000e+03
1.745849601665084450e+01 -8.110828487233142141e+02 -8.111553781455912713e+02 -9.581299130065655163e+02 6.908612758402887266e+01 7.115677323224917084e-01 1.976500000000000000e+03
2.362868541331943462e+01 -7.809087984536779459e+02 -7.834184822028221333e+02 -1.055560108440937711e+03 6.874260014402685215e+01 7.045751600860726827e-01 2.325000000000000000e+02
3.210775179819651726e+01 -7.520858478819519632e+02 -7.555042442062083410e+02 -1.264467884338477006e+03 6.696171842745451386e+01 6.704537754853790998e-01 -1.816500000000000000e+03
3.807021313999663903e+01 -7.889997671388044864e+02 -7.862082333202481550e+02 -1.501770666333714189e+03 6.587388073100188990e+01 6.635675451749766252e-01 1.992500000000000000e+03
5.250510783667596826e+01 -7.530233638639263063e+02 -7.550032978237907173e+02 -2.123524871991455257e+03 6.820522712328873638e+01 6.828154780695703252e-01 2.165000000000000000e+02
3.693305202376235741e+01 -7.642475713250576064e+02 -7.654536705944213963e+02 -1.439585898365897492e+03 6.686312661204686947e+01 6.787751635581825704e-01 9.365000000000000000e+02
2.537912150543844803e+01 -8.235428437488184272e+02 -8.254277694546046860e+02 -1.139644059120144675e+03 6.915934902080917368e+01 6.830651025503278184e-01 7.605000000000000000e+02
2.259260474444026201e+01 -7.755725694882223706e+02 -7.786134540545698428e+02 -1.026340686814983201e+03 6.496337761919802745e+01 6.973207288973298779e-01 1.624500000000000000e+03
9.789267534347789734e+00 -7.689789306997600988e+02 -7.689894544316960037e+02 -8.145591844600631930e+02 6.441073007754511082e+01 6.242513066523636134e-01 2.088500000000000000e+03
5.993479738690538738e+00 -8.002659393450680909e+02 -8.008485041014174612e+02 -8.160192337470319899e+02 6.241167737428844475e+01 6.180265812949095050e-01 -5.650000000000000000e+01
2.038776761589199182e+01 -8.084277518675193051e+02 -8.122681364748315218e+02 -1.013227404856204089e+03 6.644566099439020945e+01 6.667600453332885868e-01 -2.184500000000000000e+03
2.317314718671968876e+01 -8.080288304528378376e+02 -8.111116012654929364e+02 -1.073285137497111009e+03 6.720600223008771934e+01 6.817532203411250658e-01 -2.296500000000000000e+03
2.717379423618174172e+01 -7.816985985805577002e+02 -7.837989395762842832e+02 -1.144788064194760409e+03 6.511259062788451502e+01 6.482362505284071652e-01 -2.376500000000000000e+03
2.782972175168632845e+01 -7.399527597444132425e+02 -7.391794540204315354e+02 -1.119883159363272853e+03 6.925647749889824922e+01 7.227036652315587117e-01 -1.304500000000000000e+03
3.836859149032006400e+01 -7.892747802828932890e+02 -7.897435347576440563e+02 -1.517741232513536715e+03 6.801077856294304524e+01 7.060510325977308321e-01 6.485000000000000000e+02
2.035747053789531336e+01 -7.814356051478014251e+02 -7.804626721081286860e+02 -9.819828753956420542e+02 6.765371687980464799e+01 7.003822012587844759e-01 1.704500000000000000e+03
4.175462823313937832e+01 -8.133568061124574342e+02 -8.189207282667623531e+02 -1.681768401681768182e+03 6.569571651895375908e+01 6.737237139449646639e-01 2.200500000000000000e+03
4.031861324277398495e+01 -7.929859351901255877e+02 -7.938759336780207150e+02 -1.596856727388873651e+03 6.714454709854896919e+01 6.634308141954037286e-01 -1.365000000000000000e+02
6.741132794805847261e+00 -7.755059579174053397e+02 -7.743203939985753550e+02 -7.930542733962314514e+02 7.124986768580095031e+01 7.132208924943895800e-01 -2.168500000000000000e+03
5.159000872941230398e+01 -7.761036733712509204e+02 -7.780742710716864394e+02 -2.101851220942544387e+03 6.975793718236239727e+01 6.981386088809230506e-01 1.192500000000000000e+03
4.329001559308973412e+01 -7.993042400341741995e+02 -7.985123348211653820e+02 -1.729368036309137551e+03 6.853388871340095534e+01 6.510386255979478953e-01 -2.645000000000000000e+02
1.630328766507229332e+01 -7.891326463152918222e+02 -7.895268568186064613e+02 -9.170083862609983498e+02 6.652423570551884779e+01 6.594964931269098329e-01 -1.336500000000000000e+03
2.170953956536401819e+01 -7.489499342138085467e+02 -7.490572944366655292e+02 -9.782107702178626596e+02 6.766977047344326479e+01 6.970032569816161372e-01 1.736500000000000000e+03
6.331127836665129571e+00 -7.049910539061215786e+02 -7.048310728012966138e+02 -7.227350161927463432e+02 6.765346348029356705e+01 6.999123360658779935e-01 2.232500000000000000e+03
4.368491623934738755e+01 -7.355557012264296191e+02 -7.391998650202760928e+02 -1.685041889964041957e+03 6.710168020489146556e+01 6.984912102421212410e-01 7.925000000000000000e+02
3.821493714960663368e+01 -7.354818718600231477e+02 -7.377716393262566044e+02 -1.462264575378495920e+03 6.772671836541347545e+01 7.135576155557813438e-01 -2.450000000000000000e+01
1.671820652418308484e+01 -7.569671714853128606e+02 -7.575135083068718131e+02 -8.920177073967980732e+02 6.639571399221566139e+01 6.654654218530294818e-01 1.176500000000000000e+03
3.411616012170262024e+01 -8.334878943429013134e+02 -8.367723904226571676e+02 -1.414759739311838530e+03 6.771035534306052739e+01 6.857824841330434351e-01 -2.485000000000000000e+02
1.910880423802641914e+01 -7.840808777432379202e+02 -7.869499093857992875e+02 -9.609872215556314359e+02 7.139389205603139033e+01 7.284757435599734654e-01 -2.264500000000000000e+03
3.733967920999305079e+01 -8.060655840974765169e+02 -8.067357604047538189e+02 -1.500316328985917607e+03 6.868477821588251686e+01 6.915504175879917392e-01 -1.416500000000000000e+03
3.758811173976390307e+01 -7.505814918184607905e+02 -7.524914456522943738e+02 -1.446403289994133729e+03 6.727058774728040191e+01 6.897276740760971414e-01 -1.944500000000000000e+03
3.381228614056063719e+01 -7.505852984947628102e+02 -7.536522855053675585e+02 -1.319652043978622032e+03 6.816121007125852316e+01 6.990108135467890671e-01 -7.765000000000000000e+02
3.815680859214980103e+01 -7.839206148004675470e+02 -7.893193900352601986e+02 -1.510327729741293751e+03 6.803692968254091511e+01 6.920305184997874726e-01 1.064500000000000000e+03
3.125101836586637205e+01 -7.638209508265625800e+02 -7.646562791700584967e+02 -1.244062332648969914e+03 6.899503461787186609e+01 7.071128829668188454e-01 -1.032500000000000000e+03
2.148506371455598796e+01 -7.672988444157623462e+02 -7.696893390361096863e+02 -9.941207749104577260e+02 7.309216469778954206e+01 7.410926909207824487e-01 -1.528500000000000000e+03
1.821341267916298889e+01 -7.723772253991761545e+02 -7.747747718755990718e+02 -9.340715976619279672e+02 6.629746375857494911e+01 6.902258962229869121e-01 -6.965000000000000000e+02
1.603402366372518628e+01 -7.740201678291539338e+02 -7.759716769828330598e+02 -9.007804276506077485e+02 6.915934902080917368e+01 6.830651025503278184e-01 9.845000000000000000e+02
3.713842468699941435e+01 -8.181619918628880441e+02 -8.173357319883257333e+02 -1.503272652213433503e+03 6.833658279698535409e+01 6.980205535089377689e-01 -1.080500000000000000e+03
2.386551275501559388e+01 -8.021790046220700106e+02 -8.085652857464510816e+02 -1.084728966845700370e+03 6.564469165951425111e+01 7.103015812500235171e-01 -1.544500000000000000e+03
2.490962673147332751e+01 -7.723194556439384542e+02 -7.752318352024951764e+02 -1.078791315252780123e+03 6.585242152310422625e+01 6.674744884401194733e-01 -6.645000000000000000e+02
2.637450166984704580e+01 -7.244505529876765877e+02 -7.271686946826351914e+02 -1.069190103793280286e+03 6.911725393498943504e+01 6.945265257728016062e-01 3.925000000000000000e+02
1.440943303260803177e+01 -8.084813852040165330e+02 -8.099736345830893924e+02 -9.069529583026143200e+02 6.694912554213630074e+01 6.781348560487664434e-01 1.816500000000000000e+03
1.059046712081057073e+01 -7.995294669199748796e+02 -8.036822597777219244e+02 -8.559598438697096299e+02 6.868819632218399818e+01 7.124926022851546525e-01 -2.056500000000000000e+03
4.998923269152270876e+01 -8.238277810081340249e+02 -8.277086729006095993e+02 -2.067447926506514705e+03 6.859664435442616082e+01 7.088269161845301980e-01 3.765000000000000000e+02
5.124244445900647804e+01 -7.836212068188291369e+02 -7.822111198811552413e+02 -2.085653166705309559e+03 6.736452989813497538e+01 6.657204058072291319e-01 1.832500000000000000e+03
4.659460415607537698e+01 -8.076316828488132842e+02 -8.091271256969592969e+02 -1.886714691900772323e+03 6.988183211902307335e+01 7.115864090784694840e-01 -1.976500000000000000e+03
5.021114259851482586e+01 -7.892490328888370641e+02 -7.905579506996282362e+02 -2.043561011514520487e+03 6.605590060098263905e+01 6.251126285083560274e-01 1.096500000000000000e+03
2.626012944342341626e+01 -8.012398318442011487e+02 -8.075929664816733293e+02 -1.146239372766688120e+03 6.943050741728612252e+01 7.035013435327082121e-01 -1.800500000000000000e+03
2.452851792518189811e+01 -7.991345064904162427e+02 -8.000676500727145140e+02 -1.093837876983815931e+03 6.586261543195615786e+01 6.766536709045434250e-01 2.008500000000000000e+03
1.831750618400587882e+01 -7.429379414511322466e+02 -7.442569863036767401e+02 -9.051137382752823441e+02 6.775318298901511582e+01 7.002405147510869510e-01 2.005000000000000000e+02
1.516038043345861297e+01 -7.483859661594344743e+02 -7.498558224235380294e+02 -8.586342254542013279e+02 6.667643994474015301e+01 6.770481421436719272e-01 9.525000000000000000e+02
2.918343097552887144e+01 -7.304059774989276548e+02 -7.332855017241546420e+02 -1.151237459141859517e+03 6.498025738632946968e+01 6.741278730710429379e-01 -4.885000000000000000e+02
1.863210116281488382e+01 -7.461489867140779779e+02 -7.479812171029230967e+02 -9.142590674153024111e+02 6.733233645463528205e+01 6.985777442085611133e-01 -1.912500000000000000e+03
4.492244519811077907e+01 -7.739139533043629626e+02 -7.741018054902166341e+02 -1.777868449323695813e+03 6.641059443905876947e+01 6.693261324479915508e-01 1.960500000000000000e+03
1.847290916485149381e+01 -7.987983295366339007e+02 -8.007350927345502214e+02 -9.657768541446542940e+02 6.870185060968553614e+01 6.873706722561420124e-01 2.485000000000000000e+02
4.228532726506456640e+01 -7.920962182933012627e+02 -7.952040597638849704e+02 -1.681668878317099370e+03 6.305121419344396827e+01 6.301856040012071558e-01 -1.720500000000000000e+03
8.789294517604441026e+00 -7.735952454650503114e+02 -7.747469074212385749e+02 -8.104298874925760856e+02 6.413737629911841509e+01 6.251177541433960982e-01 -9.045000000000000000e+02
2.273429224793993342e+01 -7.379534385117312922e+02 -7.385191530229791397e+02 -9.921056373532910584e+02 6.323669325025061028e+01 6.139549222248420479e-01 8.085000000000000000e+02
3.471292090286350884e+01 -7.612162503759644778e+02 -7.625667381354651297e+02 -1.358492136431111248e+03 6.754728193556221072e+01 6.469640809376597801e-01 -5.205000000000000000e+02
2.131965289852028178e+01 -7.932982015105096707e+02 -7.958783759805774025e+02 -1.018153055546548444e+03 6.948860520541200003e+01 7.016692550868649514e-01 -1.768500000000000000e+03
1.839092315002086764e+01 -8.150035176591138679e+02 -8.142188921337740339e+02 -9.795591989109606175e+02 6.676935614046934120e+01 7.009616535339598942e-01 -1.672500000000000000e+03
4.738134159705608539e+01 -8.023489776059196856e+02 -8.050963035940018244e+02 -1.917719103124516096e+03 6.946603637995639247e+01 7.011562134048204831e-01 -8.885000000000000000e+02
1.485494800379464131e+01 -7.855739753710039395e+02 -7.862425052349299222e+02 -8.935964614631509448e+02 6.763813726501568624e+01 6.643355735889265867e-01 9.205000000000000000e+02
3.980892357571742224e+01 -7.862202917702794593e+02 -7.874278767101437779e+02 -1.573595140637885606e+03 6.548462626311734880e+01 6.584885643973765745e-01 -6.325000000000000000e+02
5.172761697854758722e+01 -8.242082313981677544e+02 -8.259989337543347574e+02 -2.156419211998513219e+03 6.919789112588080116e+01 7.159976191877778229e-01 1.525000000000000000e+02
4.012495942698293305e+01 -8.304237145477403601e+02 -8.325041746469901227e+02 -1.630664799753086072e+03 6.615139902850647502e+01 6.522187741037756004e-01 6.165000000000000000e+02
7.849654910646369110e+00 -7.558576730872259759e+02 -7.569848309546014207e+02 -7.835676448554241915e+02 6.797154877279076857e+01 6.686424123793618390e-01 -1.272500000000000000e+03
2.397830376476757408e+01 -7.993097343327492581e+02 -8.020531459006687101e+02 -1.084263746746237757e+03 6.941157079825495657e+01 6.980159872314372072e-01 -3.925000000000000000e+02
4.948032375252510917e+01 -8.414885055231604838e+02 -8.396329600640918898e+02 -2.053367567268765924e+03 6.637202547753622639e+01 6.698844564348558350e-01 1.320500000000000000e+03
5.824443141766472820e+00 -7.663502034774775211e+02 -7.683789535133440722e+02 -7.780076577597450296e+02 6.442397012736189765e+01 6.466232379442985456e-01 -1.160500000000000000e+03
4.372967562645546025e+01 -7.513268502166962435e+02 -7.521255881896988740e+02 -1.705668787095030439e+03 6.803268910384801416e+01 7.103913324480527480e-01 -4.405000000000000000e+02
2.704243227043222930e+01 -7.752682273364930552e+02 -7.757265336188198717e+02 -1.137175011973591609e+03 6.914410495840066062e+01 7.252450975305628766e-01 1.368500000000000000e+03
5.330696969207482283e+01 -7.593831447082699242e+02 -7.640946707544255787e+02 -2.177997508752680915e+03 6.740042992277315648e+01 6.723232071386768816e-01 2.376500000000000000e+03
4.731278197667830909e+01 -7.757336788738060704e+02 -7.763043651463171955e+02 -1.884547617801106526e+03 6.537470524351299161e+01 6.618012764156039340e-01 1.592500000000000000e+03
9.371958305018711854e+00 -7.662897341605814745e+02 -7.662157929693140659e+02 -8.060880151517661716e+02 6.679410421930558073e+01 6.782956841728821074e-01 -1.128500000000000000e+03
2.578286912090776184e+01 -7.597939601331233916e+02 -7.594744264616957707e+02 -1.084645370994516497e+03 7.134306922569791709e+01 7.033610786699261430e-01 2.344500000000000000e+03
2.257570367103463127e+01 -7.873713316834111993e+02 -7.888173298435528977e+02 -1.039153391251221819e+03 6.625070443079050619e+01 6.650318908145674834e-01 8.500000000000000000e+00
4.990573554584234017e+01 -8.282203471048742358e+02 -8.278485613596874373e+02 -2.066464972902695081e+03 6.820193235410749821e+01 7.088235782452092515e-01 5.045000000000000000e+02
4.760360220547162413e+01 -8.339644873667865568e+02 -8.369788812551066712e+02 -1.962259164825835796e+03 6.670664780380971592e+01 7.030488956466444117e-01 1.560500000000000000e+03
3.875291987552868278e+01 -7.874186979061594229e+02 -7.909750285610208493e+02 -1.533630488274524851e+03 6.801503624937066661e+01 6.864321313030754546e-01 2.264500000000000000e+03
5.026509883205068263e+01 -8.389042827384935208e+02 -8.411383511106449760e+02 -2.097182988417070646e+03 6.628383680405249834e+01 6.933957758798380278e-01 1.205000000000000000e+02
4.858008411065801369e+01 -7.800246961406485298e+02 -7.790158590415319395e+02 -1.952269691737848007e+03 7.004492730463984174e+01 7.104872281211201956e-01 5.845000000000000000e+02
1.695392845756559907e+01 -7.937993261405295016e+02 -7.928977266819393890e+02 -9.304986674861503388e+02 6.634033528837173321e+01 6.581768840900020789e-01 1.448500000000000000e+03
7.186220822914376249e+00 -7.959300442453023834e+02 -7.971744480155280144e+02 -8.214572158906890991e+02 6.608345122307039787e+01 6.697766178268715898e-01 -1.864500000000000000e+03
2.151979383496526310e+01 -7.744022738669701766e+02 -7.762152925507396048e+02 -1.000545170927669119e+03 6.976449032221675850e+01 7.947910821538020087e-01 1.944500000000000000e+03
4.774724127298616594e+01 -8.086796381129365727e+02 -8.140191264881318602e+02 -1.948059966963831130e+03 6.571249574258757775e+01 6.604525854257951023e-01 2.645000000000000000e+02
1.141390216015801862e+01 -7.840891002875421236e+02 -7.853074386119633346e+02 -8.462696404301595976e+02 6.822108452622688901e+01 6.808792605235844952e-01 -1.848500000000000000e+03
4.451958188618848311e+01 -8.712781085651988633e+02 -8.708833504837523378e+02 -1.853980728888968997e+03 6.644566099439020945e+01 6.667600453332885868e-01 2.024500000000000000e+03
5.040695792368018147e+01 -7.270896898272925455e+02 -7.294974837840642294e+02 -1.990466322911480347e+03 6.904643886605492753e+01 6.991439895198783283e-01 1.845000000000000000e+02
3.357767773515642773e+01 -7.567601885744752508e+02 -7.600123180616329819e+02 -1.316095222675133300e+03 6.781808832101373241e+01 7.062044705942330802e-01 -1.624500000000000000e+03
3.725037273270825011e+01 -7.760428337627515702e+02 -7.801632007537955360e+02 -1.461493746785761687e+03 6.783536495261890309e+01 7.054494580279211391e-01 -8.085000000000000000e+02
4.664406356835996803e+01 -8.149982326096502447e+02 -8.152571626847499147e+02 -1.896057267238437817e+03 6.497912959588485649e+01 6.775046121604503258e-01 2.056500000000000000e+03
1.244160209477603729e+01 -7.553724181462810066e+02 -7.554802695423700243e+02 -8.289452262812352501e+02 7.061620970911465633e+01 7.078979274777004171e-01 -1.656500000000000000e+03
4.789778000754056109e+01 -8.172665462189635264e+02 -8.182199581897683629e+02 -1.958272486518219239e+03 7.225528394152476608e+01 7.548140979930001437e-01 -8.405000000000000000e+02
4.318601238200224657e+01 -7.663603885367153907e+02 -7.681376496145624060e+02 -1.691494041980408610e+03 6.649046263766329901e+01 6.817686773379484366e-01 8.725000000000000000e+02
4.410508996803246617e+01 -7.820177653184891824e+02 -7.859380818906680588e+02 -1.749757910744952369e+03 7.011869633541164148e+01 7.465089026083874257e-01 -5.845000000000000000e+02
3.573144716968725731e+01 -8.312345909705001077e+02 -8.304974585551361770e+02 -1.458635517566515318e+03 6.608420921265405923e+01 6.475882120165833422e-01 -1.736500000000000000e+03
4.507012066828684027e+01 -7.926554958891358638e+02 -7.922904261078572290e+02 -1.799409085849546500e+03 6.838054275394188153e+01 6.828995316601952359e-01 -9.525000000000000000e+02
3.328865139872042533e+01 -7.722734012022305023e+02 -7.710911617598135308e+02 -1.317678439528932358e+03 6.642741677913409148e+01 6.675295523557132071e-01 8.565000000000000000e+02
9.162268074126185269e+00 -7.863893307034999225e+02 -7.898992279073175951e+02 -8.288998286264169337e+02 6.740069928142926869e+01 6.688099378971097408e-01 -5.685000000000000000e+02
9.590617877279985493e+00 -7.829868561345814442e+02 -7.811986761424396946e+02 -8.233595788597687033e+02 6.776325310272633828e+01 6.835643189208346904e-01 2.965000000000000000e+02
2.557460823340405298e+01 -7.670284069690605975e+02 -7.710765927314881765e+02 -1.091754509466886702e+03 6.574858832701276867e+01 6.267600676687302697e-01 -1.208500000000000000e+03
1.976957638587521515e+01 -7.830385458312970286e+02 -7.841772283973350568e+02 -9.744391716582709932e+02 6.719153324178277842e+01 6.770197598363739688e-01 -4.565000000000000000e+02
3.839868364383124799e+01 -7.946787693646482467e+02 -7.958647580641138575e+02 -1.526712184779840072e+03 6.829779370869236743e+01 6.516213217116563206e-01 1.384500000000000000e+03
3.065783110050962890e+01 -8.669323765772264778e+02 -8.681225992265150353e+02 -1.329291817324447038e+03 6.814337453910393094e+01 6.764783254476368635e-01 -1.224500000000000000e+03
2.793292939129436192e+01 -7.526795589373580242e+02 -7.545077832220206346e+02 -1.140119551578022310e+03 6.607139935337509939e+01 6.592549814099489813e-01 -3.765000000000000000e+02
4.956215639534949702e+01 -8.361287431863331676e+02 -8.386534763260592626e+02 -2.057549443412572145e+03 6.903789752633352350e+01 6.674903943160196418e-01 1.304500000000000000e+03
4.929408368698584297e+01 -8.298468458768923028e+02 -8.304371729989878759e+02 -2.038624509891685193e+03 6.788980106779158064e+01 6.722150774726247668e-01 7.250000000000000000e+01
5.305010581653787938e+01 -7.788536403041006224e+02 -7.804103255158876209e+02 -2.180895165730325971e+03 6.573250359356785566e+01 6.547790226392292690e-01 2.280500000000000000e+03
1.716954651369099594e+01 -7.797077071569300415e+02 -7.807505852571754303e+02 -9.229262857872125778e+02 6.990991757675752183e+01 6.708557241922316061e-01 1.496500000000000000e+03
2.313204181818272431e+01 -7.920963090181069219e+02 -7.947664466438892532e+02 -1.057058163144072068e+03 6.652312221775099488e+01 6.790590931499219662e-01 5.685000000000000000e+02
2.045180137084428651e+01 -7.761660966310209915e+02 -7.800040568285878635e+02 -9.844709993233522027e+02 6.661511512301561311e+01 6.587819212433408955e-01 -3.445000000000000000e+02
3.498689756634140480e+01 -8.135253794009673811e+02 -8.164641360956462677e+02 -1.423221081528338345e+03 6.618200445379551411e+01 6.518588213115905639e-01 1.416500000000000000e+03
5.539962908193612634e+01 -7.952006211436344074e+02 -7.951686003581999103e+02 -2.323541987773354776e+03 7.013516276134917860e+01 7.404610631832643231e-01 5.650000000000000000e+01
5.891280111092417116e+01 -7.682288067235912195e+02 -7.710969443508632821e+02 -2.497270048834697263e+03 6.578146408805170609e+01 6.649669535799725972e-01 2.328500000000000000e+03
4.390780844847802911e+01 -7.662603627288876851e+02 -7.675647881679952889e+02 -1.724205601408355506e+03 6.630249466439292405e+01 6.743759884414518568e-01 1.512500000000000000e+03
1.508436622539095673e+01 -7.957048080338551017e+02 -7.991320576847037955e+02 -9.073268108753064780e+02 6.859664435442616082e+01 7.088269161845301980e-01 5.205000000000000000e+02
1.648927303635050734e+01 -7.576515592356769275e+02 -7.598917265434291721e+02 -8.910583626759056415e+02 6.865918479193075541e+01 6.852429480393261718e-01 -2.360500000000000000e+03
5.058629205251298799e+01 -7.830405289168563741e+02 -7.843979130840406242e+02 -2.049291438840812589e+03 6.847138061905690165e+01 7.337209307556262772e-01 1.688500000000000000e+03
5.723155824702151762e+01 -7.593018055506390738e+02 -7.614954513941121377e+02 -2.388374296035695806e+03 6.969307361673847367e+01 7.304678367734731559e-01 6.965000000000000000e+02
5.324555227433327076e+01 -8.151181025704024705e+02 -8.173537664971172489e+02 -2.227283883639006490e+03 7.184561449170070091e+01 7.178654110226764251e-01 -1.205000000000000000e+02
2.538524115471665965e+01 -8.024515635443918882e+02 -8.039300657564809853e+02 -1.120024183693100440e+03 6.615413952732737357e+01 6.390028560263080193e-01 2.152500000000000000e+03
1.276931408579823035e+01 -7.484923141272049634e+02 -7.522222434544122507e+02 -8.270595225046131418e+02 6.509865908390474942e+01 6.323081305120218376e-01 -2.120500000000000000e+03
5.306331664643555968e+01 -7.831933508560437076e+02 -7.847023742499732180e+02 -2.187101950310848679e+03 6.702298575182797435e+01 6.741519766851885587e-01 1.640500000000000000e+03
3.821781693944673464e+01 -7.855044380786099509e+02 -7.876890901685242170e+02 -1.521617690967550516e+03 7.123413252013467911e+01 7.405725825506186411e-01 7.125000000000000000e+02
9.295765046814548072e+00 -8.272307876410906147e+02 -8.273748019074348576e+02 -8.655556229726580568e+02 6.576385942731575085e+01 6.586213501577871110e-01 -7.250000000000000000e+01
4.486542657529562916e+01 -7.891297322080794174e+02 -7.902731192662488411e+02 -1.785223975771040386e+03 6.597795090634102166e+01 6.641555371359514348e-01 2.136500000000000000e+03
1.985200036267625379e+01 -7.649477443519132294e+02 -7.661212353166225739e+02 -9.632575057488728589e+02 6.738840290077719430e+01 6.896842318588977117e-01 -2.232500000000000000e+03
2.313133395138013526e+01 -7.692839665899788315e+02 -7.719523294473658552e+02 -1.033333826381794552e+03 6.704085330230080331e+01 7.018275777007104699e-01 -1.685000000000000000e+02
3.229420412099447191e+01 -8.017731393824428778e+02 -8.052864956209804177e+02 -1.318714314478671668e+03 6.619039216158503791e+01 6.792089666412010063e-01 -2.312500000000000000e+03
1.060539403480947840e+01 -7.454793863988818430e+02 -7.486077972549081778e+02 -8.001983926559067868e+02 6.318844975333655611e+01 6.190412921292497428e-01 1.128500000000000000e+03
4.574071158199699738e+01 -7.600567909775262478e+02 -7.652824529174548616e+02 -1.805999333195481540e+03 6.731888603460922127e+01 6.787123137816969409e-01 -2.005000000000000000e+02
2.966076488531944477e+01 -7.454433306201336791e+02 -7.471186188486001356e+02 -1.181052845036709641e+03 6.727488447252761716e+01 6.891048774486612238e-01 -1.400500000000000000e+03
5.730264475542606561e+01 -8.236590282845771753e+02 -8.279915469152253991e+02 -2.459824323139023818e+03 6.830647736836914419e+01 7.111857543135279291e-01 1.240500000000000000e+03
4.736474715519322842e+01 -7.777560639737235988e+02 -7.804703407438909153e+02 -1.894945473048489930e+03 6.874743767647018444e+01 6.930467525742929347e-01 -3.125000000000000000e+02
3.910787478988353172e+01 -8.031711888644109649e+02 -8.046001443357865810e+02 -1.563547598933160998e+03 6.908511279008905603e+01 7.073434747573227321e-01 -1.352500000000000000e+03
4.515526088304836350e+01 -7.862857163331535730e+02 -7.886778585327892870e+02 -1.799032495466743512e+03 6.517968732789950081e+01 6.375721360682783390e-01 -2.088500000000000000e+03
1.766649214551375024e+01 -7.773522049637522287e+02 -7.798327092703601693e+02 -9.313246397769303258e+02 6.968826420020906198e+01 7.140168038362281200e-01 -7.125000000000000000e+02
1.087008987982677866e+01 -8.119869611897188406e+02 -8.129924137929547214e+02 -8.715071346972330275e+02 7.214171917085818109e+01 7.310550091682727070e-01 1.000500000000000000e+03
2.005144034973413270e+01 -7.634836963035353392e+02 -7.661417134380182006e+02 -9.617116120767215079e+02 6.682768233862103102e+01 6.629077972680853525e-01 -1.096500000000000000e+03
4.160660729246565381e+01 -8.225493397543211813e+02 -8.247321111815032282e+02 -1.683218000331158919e+03 7.143801965924151887e+01 7.319819219092073004e-01 -1.592500000000000000e+03
1.464900228568097162e+01 -8.048708456703308229e+02 -8.044684895012100014e+02 -9.063445315490353096e+02 7.129792102529067677e+01 7.278080458712085088e-01 4.725000000000000000e+02
3.401892662275371038e+01 -8.074911824462642471e+02 -8.089389706442175338e+02 -1.379106088597953203e+03 6.448037605571252584e+01 6.705003539232770038e-01 1.912500000000000000e+03
2.815998242933017082e+01 -8.207208748933528568e+02 -8.248344929764483595e+02 -1.213413260202625679e+03 6.746330885173759384e+01 6.758752067161268862e-01 -7.605000000000000000e+02
2.121646393920337559e+01 -7.831975154771980669e+02 -7.843725287069918295e+02 -1.003263598124119994e+03 6.651368664226399119e+01 6.644626752709469342e-01 1.048500000000000000e+03
1.641905706880497462e+01 -7.738278505599300843e+02 -7.755613709301586596e+02 -9.040508420922648156e+02 6.417813011858088146e+01 6.415447199331304473e-01 -1.016500000000000000e+03
3.085042455811697337e+01 -8.277882639707980843e+02 -8.296133072275590621e+02 -1.299100808350803163e+03 6.922160829870531984e+01 7.562163572539821743e-01 -1.480500000000000000e+03
4.078314151350699746e+01 -7.510158909762712938e+02 -7.522979538592892368e+02 -1.576388387212868793e+03 6.862948472524556109e+01 6.759955265417186832e-01 3.285000000000000000e+02
3.487820271919363080e+01 -7.801957478356289357e+02 -7.824240767692480176e+02 -1.384268784375730320e+03 6.496141419980199316e+01 6.497452487528320164e-01 1.880500000000000000e+03
3.667929779962980064e+01 -7.801883226317119124e+02 -7.816517018708732394e+02 -1.444255808082447857e+03 6.622101925236088960e+01 7.017015804217798802e-01 -1.992500000000000000e+03
4.259768486053609138e+01 -8.142687870172779867e+02 -8.157722271554428062e+02 -1.714652105290387681e+03 6.735164667535177330e+01 6.787004600516436392e-01 -9.845000000000000000e+02
8.708317384063821720e+00 -8.068571754548418085e+02 -8.091100610655275887e+02 -8.424049807246346973e+02 6.733268742307002697e+01 6.891019969142786472e-01 -1.448500000000000000e+03
1.473500835062997716e+01 -7.961834600682641394e+02 -7.960031144844898563e+02 -9.017300493941871764e+02 6.649409588518847158e+01 6.691082039150648697e-01 4.405000000000000000e+02
2.939194727897216097e+01 -8.163738359566987128e+02 -8.185874329938886831e+02 -1.249408279419644714e+03 7.010803632349283987e+01 6.955407921192802156e-01 1.768500000000000000e+03
2.982215993800787146e+01 -8.095097707492433301e+02 -8.107905293330325094e+02 -1.248692773614242242e+03 6.540839541069857432e+01 6.313911585897260537e-01 -2.040500000000000000e+03
2.589893749597904460e+01 -7.992316529679384303e+02 -7.992406403104359924e+02 -1.132683019143557431e+03 6.781949580573578373e+01 6.786429259609519926e-01 1.432500000000000000e+03
3.806678278865551590e+01 -8.136056382331644272e+02 -8.169608648518862992e+02 -1.533727615293085819e+03 6.752036021372042285e+01 7.120617459608721278e-01 4.050000000000000000e+01
1.795704425537645221e+01 -7.992546998859498899e+02 -8.064331628882441692e+02 -9.612438950612519193e+02 7.020271494662259215e+01 6.923835672453537704e-01 2.312500000000000000e+03
4.450602286163720578e+01 -8.047984791884540527e+02 -8.075538810153550457e+02 -1.788892633851654864e+03 6.951508865553860517e+01 7.110323512442793259e-01 1.528500000000000000e+03
3.786104519324657502e+01 -7.946177917577507515e+02 -7.974315966552120472e+02 -1.505027143266164330e+03 6.758461669311513731e+01 6.876671672969038029e-01 5.365000000000000000e+02
6.902810913321795638e+00 -7.500204159762736253e+02 -7.494174665172948835e+02 -7.687756650010512658e+02 7.139389205603139033e+01 7.284757435599734654e-01 8.850000000000000000e+01
6.026490754720004617e+00 -7.712294184455103050e+02 -7.727639879688778137e+02 -7.901601603363092181e+02 6.775613882387035858e+01 6.688811322705410234e-01 2.296500000000000000e+03
3.400445153780960084e+01 -7.533001195347719658e+02 -7.550882360568195963e+02 -1.327709774316180756e+03 7.097458972960475876e+01 7.009117365393603416e-01 1.480500000000000000e+03
4.488917392748700763e+01 -8.178371674880960427e+02 -8.204374260130327912e+02 -1.819159097911158142e+03 6.456585810159393191e+01 6.450380924478728017e-01 5.525000000000000000e+02
1.459405188504649153e+01 -7.911204246813797454e+02 -7.906501953393037638e+02 -8.861155199791894574e+02 6.441095707575668428e+01 6.306081041645109631e-01 -3.285000000000000000e+02
1.905450362632750227e+01 -7.628026747645768637e+02 -7.635116651567557255e+02 -9.403392821208315127e+02 7.051339566728235297e+01 7.127293900682873939e-01 -1.240500000000000000e+03
1.482653195892185316e+01 -7.389414994903597744e+02 -7.408507367111755002e+02 -8.476457416537817835e+02 6.844164962355137050e+01 6.954679047575648143e-01 -3.605000000000000000e+02
2.548052614358067203e+01 -8.040417553720138812e+02 -8.029381399932761951e+02 -1.120735271542328974e+03 6.827253858759254967e+01 6.981441655001670021e-01 1.288500000000000000e+03
2.544129959084519754e+01 -8.333438478793742661e+02 -8.376291418927062296e+02 -1.155456865486755305e+03 6.672797507022036712e+01 6.703716078834469627e-01 -1.192500000000000000e+03
1.335973249281407682e+01 -8.294302895415946750e+02 -8.303072074966468108e+02 -9.139871618088735659e+02 6.966922688515460038e+01 6.983319446114325535e-01 -4.725000000000000000e+02
5.297922956305639275e+01 -7.976214498794493011e+02 -8.036748817219528291e+02 -2.197873078126979635e+03 6.627322120462041255e+01 7.380469871193110487e-01 1.400500000000000000e+03
1.396080612885677219e+01 -8.495572438396591224e+02 -8.500595298851175130e+02 -9.433946893670548661e+02 6.773351703066381901e+01 7.200178937017470693e-01 -1.752500000000000000e+03
1.146923828507778786e+01 -7.693213361286565259e+02 -7.696408878620885616e+02 -8.321240354727652857e+02 6.899021004553372904e+01 6.926326367430424291e-01 -9.365000000000000000e+02
3.264165994694830175e+01 -7.660756586526250658e+02 -7.677788528543336497e+02 -1.289683845420326634e+03 6.898090973238151946e+01 7.012452622151110759e-01 8.405000000000000000e+02
1.117353983218558255e+01 -7.533633374289056519e+02 -7.543546168606903848e+02 -8.128631929055578667e+02 6.305222867672627274e+01 7.046412177349608008e-01 -5.525000000000000000e+02
3.347102264648491143e+01 -7.961643701075229274e+02 -7.979797189394117822e+02 -1.351058365976029791e+03 6.641863832709108806e+01 6.821024035897367277e-01 3.125000000000000000e+02
5.848335507575296077e+01 -8.270196772832005081e+02 -8.296180432631587109e+02 -2.531377976479618155e+03 6.964003360233218132e+01 6.768038245633505312e-01 2.072500000000000000e+03
3.025967791847766719e+01 -8.008399047908752664e+02 -8.022335820789716081e+02 -1.255073534459271741e+03 6.645748555630333954e+01 6.607962361830649334e-01 -1.640500000000000000e+03
3.608801295018515987e+01 -8.038645703088930077e+02 -8.089812652471293859e+02 -1.450097203394067492e+03 6.916561793376075684e+01 6.692156337039384395e-01 -8.565000000000000000e+02
1.622924595355543431e+01 -7.500831353609989947e+02 -7.514721420334286677e+02 -8.794839667428101393e+02 6.867455749135940835e+01 7.275663528952396319e-01 8.885000000000000000e+02
4.387236239253127223e+01 -8.020406210552588391e+02 -8.024208142534929493e+02 -1.760234683413525545e+03 6.675766081515433825e+01 7.235057376908865523e-01 -6.005000000000000000e+02
3.022607794383609914e+01 -8.340748513434202778e+02 -8.368680206489099191e+02 -1.284624699651781384e+03 6.732361529173945769e+01 6.393777037263154162e-01 -1.832500000000000000e+03
1.798514403218129587e+01 -8.290091526939103233e+02 -8.325440869445205863e+02 -9.904848532664080949e+02 6.648808834875462992e+01 6.477509867862453197e-01 2.040500000000000000e+03
3.814649787487993393e+01 -8.030209599374258005e+02 -8.040979777974476974e+02 -1.522803102363802736e+03 6.710986892944595184e+01 7.126434534577158475e-01 1.685000000000000000e+02
3.072412425933949365e+01 -7.454375113444109502e+02 -7.481690717318697352e+02 -1.215009735377180732e+03 7.077811866457749090e+01 7.133634028135015237e-01 -1.608500000000000000e+03
3.839818943275392371e+01 -7.577654728418465311e+02 -7.571019937845250070e+02 -1.481604701843117709e+03 6.384330895822482432e+01 6.451977238464553510e-01 -8.245000000000000000e+02
6.740522051046040630e+00 -8.314839486198623035e+02 -8.332771717710110124e+02 -8.525238477335398102e+02 6.774230503071703424e+01 6.680029619890998083e-01 -1.880500000000000000e+03
4.902686842636160058e+00 -8.385778462006512655e+02 -8.394874087463082333e+02 -8.480930027810014735e+02 6.842630301106612478e+01 6.792240570352129359e-01 1.928500000000000000e+03
8.429925318022943870e+00 -8.145379461108714167e+02 -8.169120146111899885e+02 -8.501222000956458942e+02 6.859856937993879455e+01 7.064092177671944528e-01 2.805000000000000000e+02
1.703525678197965121e+01 -8.242878345014522665e+02 -8.257779254091332177e+02 -9.661134527875368576e+02 6.709443157679949366e+01 6.778119212266485727e-01 4.245000000000000000e+02
7.528225496394025384e+00 -8.181215676385122606e+02 -8.176853933834318013e+02 -8.426242832122208029e+02 6.591301584060789764e+01 6.701358326937246757e-01 1.784500000000000000e+03
3.939823153852272952e+01 -7.623253692959478940e+02 -7.665849904296843533e+02 -1.534834311807191170e+03 6.548435374980860502e+01 6.467756474092709595e-01 -2.024500000000000000e+03
3.146979839898762776e+01 -7.976723885178569162e+02 -7.948041609112036667e+02 -1.285433036413673790e+03 6.656129801005874924e+01 6.755596812196125178e-01 3.445000000000000000e+02
2.210150579948194860e+01 -7.500506406610164731e+02 -7.492240022274759212e+02 -9.858169909775887163e+02 6.612659724189140320e+01 6.623460566064740540e-01 1.864500000000000000e+03
1.616907955019437182e+01 -8.181006116616064219e+02 -8.218718883174586836e+02 -9.480376921289433767e+02 6.857369642595857329e+01 6.830193672926562209e-01 -2.008500000000000000e+03
2.202778009092530453e+01 -8.360906380374872242e+02 -8.381844758884500379e+02 -1.073199738944111687e+03 6.792819626686254253e+01 6.808753522190867935e-01 -9.685000000000000000e+02
1.835155020493125733e+01 -7.933321581794243684e+02 -7.960282295768689664e+02 -9.596099721265674134e+02 6.936221791395132641e+01 6.943128642922573590e-01 -1.464500000000000000e+03
3.458481299487545613e+01 -7.746613122391132720e+02 -7.759491662371732446e+02 -1.366989165340344925e+03 6.609917750507500500e+01 6.887447463704265971e-01 1.896500000000000000e+03
3.040617082241157476e+01 -7.967105578202387051e+02 -7.988941995613946574e+02 -1.253500619223344074e+03 6.791335488280228105e+01 7.162853490979048665e-01 -7.445000000000000000e+02
2.049619394912483372e+01 -8.207743245364600853e+02 -8.216583661629092603e+02 -1.018610405627976547e+03 6.820060193252763270e+01 6.766606304975830710e-01 1.032500000000000000e+03
2.480807489013592004e+01 -8.502192568652346836e+02 -8.529258911442592535e+02 -1.152595689409071383e+03 6.649986139588961009e+01 6.625572285256496885e-01 -1.000500000000000000e+03
2.718451075720106047e+01 -7.734968000398523600e+02 -7.729563897152609115e+02 -1.138922722249337312e+03 6.913352889889013397e+01 6.869283408209766462e-01 -1.496500000000000000e+03
2.315762755030478459e+01 -7.599764595998360619e+02 -7.620880335230709761e+02 -1.026968197257095653e+03 6.853388871340095534e+01 6.510386255979478953e-01 -7.285000000000000000e+02
2.786412058896486599e+01 -7.825387743969799885e+02 -7.812892186304900406e+02 -1.164330251684800714e+03 6.734434085508621592e+01 6.742893135833224472e-01 1.016500000000000000e+03
2.457160863378023308e+01 -8.129908080123004765e+02 -8.149134701222310468e+02 -1.107027127459797612e+03 7.009175807321486218e+01 7.252996528449817681e-01 -1.112500000000000000e+03
2.242336093718177992e+01 -7.670689577170202256e+02 -7.682767854511866972e+02 -1.017320887051969407e+03 6.612585873228965738e+01 6.587533313585224315e-01 -1.576500000000000000e+03
4.672580103770479809e+01 -8.148027753635356021e+02 -8.128224368320558142e+02 -1.897071038828838482e+03 6.445828830505706719e+01 6.767525966185033992e-01 4.565000000000000000e+02
3.643222697393438381e+01 -8.129894011477460936e+02 -8.135673364297821308e+02 -1.467717434702161654e+03 6.881093316843062269e+01 6.811247818920819208e-01 1.224500000000000000e+03
3.246360970721605810e+01 -8.411994398085045077e+02 -8.437544434845312935e+02 -1.364873567291684594e+03 6.858557140640490957e+01 6.855048859128167749e-01 -2.965000000000000000e+02
4.845265048399812002e+01 -7.780861506832891337e+02 -7.789169676851976192e+02 -1.942449097674353652e+03 7.272063305883207818e+01 7.537835333441454955e-01 -1.368500000000000000e+03
2.757348056766435818e+01 -7.500713541895947856e+02 -7.528717700789195533e+02 -1.127668954009579920e+03 6.575102048329645754e+01 6.390415204072934507e-01 -2.104500000000000000e+03
6.748036480982641194e+00 -7.922377961718826782e+02 -7.919966031242498730e+02 -8.122069373896822526e+02 6.855968718471868328e+01 6.895219473524080156e-01 1.144500000000000000e+03
5.172448681321395902e+00 -7.460744337637390800e+02 -7.461843937306646239e+02 -7.536681505691780103e+02 6.496141419980199316e+01 6.497452487528320164e-01 -2.165000000000000000e+02
1.024446305277383651e+01 -7.667364835544578909e+02 -7.671380854636777258e+02 -8.177915761314053498e+02 6.730204526999739301e+01 6.423609157747425247e-01 -1.384500000000000000e+03
5.645939388314867813e+01 -7.601425384972013717e+02 -7.605829396639750257e+02 -2.344170275615736500e+03 6.550006816402706988e+01 6.880268148341239787e-01 1.656500000000000000e+03
3.624478937299619474e+01 -7.802379522481593312e+02 -7.843603860654383197e+02 -1.435287161551835652e+03 6.536227834878356191e+01 6.603061131975950238e-01 7.285000000000000000e+02
3.274275324931999620e+01 -7.835621037439464089e+02 -7.846074929241887048e+02 -1.313295183259619989e+03 6.769524671312976238e+01 7.119405125306558224e-01 -8.850000000000000000e+01
2.289951617845743215e+01 -8.114399081557021418e+02 -8.102360110704016734e+02 -1.066075053651432881e+03 6.776611546314788370e+01 6.618446118502243625e-01 2.120500000000000000e+03
1.578267099948217300e+01 -8.357839983428832511e+02 -8.372597192118223575e+02 -9.567195783331546863e+02 6.433600999999090675e+01 6.482820833281334183e-01 -2.216500000000000000e+03
1.196723625427032189e+01 -7.498900303392480282e+02 -7.507989371793148621e+02 -8.186333754411706423e+02 6.560814924483518951e+01 6.588253113439940245e-01 -1.845000000000000000e+02
2.488145037829501049e+01 -7.247291516390180277e+02 -7.279747426991774546e+02 -1.034956050604984284e+03 6.618726022474237425e+01 6.682738946869285490e-01 -2.328500000000000000e+03
1.401539977083583999e+01 -7.586348947948154091e+02 -7.592061282057350127e+02 -8.524358902226661030e+02 7.317990964819647104e+01 7.390822218107411246e-01 1.256500000000000000e+03
3.743500492694803938e+01 -8.125751583179858244e+02 -8.143768234567345417e+02 -1.508831941294170065e+03 6.721387622976496345e+01 6.830046351956342576e-01 -2.344500000000000000e+03
1.916364559509501575e+01 -7.541416487338939305e+02 -7.547842670435558148e+02 -9.322313403610145315e+02 6.870785283217254857e+01 6.940843078629946872e-01 1.672500000000000000e+03
2.471758740241472196e+01 -7.897726156014954313e+02 -7.917267479247652773e+02 -1.090262331330107827e+03 6.576385942731575085e+01 6.586213501577871110e-01 6.805000000000000000e+02
1.174459154283778872e+01 -7.720642045418740054e+02 -7.697374325843038605e+02 -8.355087986346860589e+02 6.977890821713975811e+01 7.202342683632959597e-01 -1.045000000000000000e+02
6.073881975959846358e+00 -8.184556742471282860e+02 -8.197281123038094393e+02 -8.333191096092317594e+02 6.556140779519861894e+01 6.647630764418978044e-01 2.168500000000000000e+03
1.068426981686465638e+01 -7.903433184581899695e+02 -7.906886608400036494e+02 -8.427467277037350186e+02 6.665178909993866796e+01 6.637915549092496814e-01 -2.136500000000000000e+03
