1.000000000000000000e+00 1.363885757304187374e-01 9.996494868368632769e-01 9.999677423045216784e-01 9.999999999009424601e-01 9.999999999999998890e-01 8.794728684732717738e+00 9.956990783242702037e+00 1.024098839882600487e+01 8.515559179853312344e+00 5.452799644858089323e+00
9.999999999880966328e-01 3.780205776648329907e-01 8.782912790013333026e-01 9.599160939665135617e-01 9.999976523917150084e-01 9.999999999589216371e-01 2.498105425110225042e+00 3.539968847050829481e+00 4.186430168085962578e+00 2.861224743221839617e+00 1.385527573514195865e-01
1.000000000000000000e+00 3.791922253390200837e-03 9.999958019152695998e-01 9.999992905004514432e-01 9.999999999967454922e-01 9.999999999996002087e-01 1.394383859413835580e+01 1.283026025470746845e+01 1.283107521315577060e+01 5.770591744918988297e+00 8.975598036258759294e+00
9.999999963214403209e-01 7.795380085967580364e-01 9.952502243239588209e-01 9.937979788117931035e-01 9.992455482585427262e-01 9.999992321580208898e-01 5.782911315131798347e+00 7.324640738480752589e+00 5.755722080781879413e+00 5.610266511043960236e+00 2.112216864268589234e+00
9.999998861424054253e-01 1.620714674963416035e-01 9.689896049454372884e-01 9.892481085973504618e-01 9.984632190805413643e-01 9.999939966944905168e-01 5.186335960896030883e+00 5.749084170498292679e+00 6.680553798989251391e+00 4.430824493252828233e+00 1.432926436044738239e+00
9.999999993825193778e-01 4.294291598202470972e-02 9.620807501454483601e-01 9.670037661906849547e-01 9.999992133417631157e-01 9.999999992396974013e-01 3.830000960717541147e+00 4.695293718635184632e+00 4.932043885894927371e+00 3.084219295555669760e+00 -1.008891020727958221e+00
9.999999999986115551e-01 2.482325102162414865e-01 9.947821827047464982e-01 9.981498512222979347e-01 9.976481819425205844e-01 9.999998904333822214e-01 7.703036687515805170e+00 7.685541918442879705e+00 1.034741689705572298e+01 1.175626389086073686e+01 4.259667572042303618e+00
1.000000000000000000e+00 8.733095889384463462e-01 9.999991734985507197e-01 9.999996361250935717e-01 9.999999998974030690e-01 1.000000000000000000e+00 1.360780950862653071e+01 1.473597568844405714e+01 1.542042579587143791e+01 9.197333181995304585e+00 2.320677917637681276e+00
9.999999999929439776e-01 7.896900830721721443e-01 9.997812316465685134e-01 9.994368883339442844e-01 9.999996290541696142e-01 9.999999796806622321e-01 9.612758451259480807e+00 9.459281230468377544e+00 8.527158585864810902e+00 5.049958215410754292e+00 4.036523158083468843e+00
9.999999999999992228e-01 3.224316124648465287e-01 9.999671247243604455e-01 9.999963801897090443e-01 9.999999989016692403e-01 9.999999999997627453e-01 1.006524410847265472e+01 1.000767863663122625e+01 9.684316738680990966e+00 6.651241393411282843e+00 5.903260738157257492e+00
9.999999999865134548e-01 9.054016230077315264e-01 9.999799960374430308e-01 9.999550289231534661e-01 9.999999980529744592e-01 9.999999572014067750e-01 1.147852504018118225e+01 8.082272956344979775e+00 8.697548783954459850e+00 4.770272895007565239e+00 7.945434238018492579e+00
9.999999999996407318e-01 2.733366811614330594e-01 9.996918316615599487e-01 9.999797679853494881e-01 9.999999618574294535e-01 9.999999990475347822e-01 6.930578427525801999e+00 4.943228646080797262e+00 5.575493166194519290e+00 6.107923271843390012e+00 5.160632904859539849e+00
1.000000000000000000e+00 5.850898004476783321e-01 9.635239545656427707e-01 9.964417975545309947e-01 9.999999998911958121e-01 9.999999999868617317e-01 4.665257742695416709e+00 6.377303501894857618e+00 6.095975267687606447e+00 3.082445142020219464e+00 4.679118459400115171e+00
9.999999999864418454e-01 8.328252498178347896e-01 9.987454982908618994e-01 9.980123967174419075e-01 9.999999974085497234e-01 9.999999999626747460e-01 7.172463530503250695e+00 5.160396070779540878e+00 6.184463416981088812e+00 7.625216998224743747e+00 1.193325626100261161e+00
9.999999999999998890e-01 9.800846701987167009e-01 9.982891675089567984e-01 9.999968977847192297e-01 9.999999999982681631e-01 9.999999999999903411e-01 5.670120097311098561e+00 5.145802558521779702e+00 2.985883177901143881e+00 2.989909159142143835e+00 2.630528437610280434e+00
9.999999999999986677e-01 4.276781409612014917e-01 9.999618086357788815e-01 9.999591026137234495e-01 9.999999999994813038e-01 9.999999999999195088e-01 6.324100667922323282e+00 6.514582509182787362e+00 6.500124892006454047e+00 7.015980730194883108e+00 3.978592143485684574e+00
9.999999999763734548e-01 7.716748074613634101e-01 9.999954867823024340e-01 9.999801260785283752e-01 9.999993106632271145e-01 9.999999822727869692e-01 1.334911341198341006e+01 1.229524855318220489e+01 1.225512779511763028e+01 7.841345339727240571e+00 5.437124545095059602e+00
9.999999999837282383e-01 2.297783724043653830e-01 9.934486460891637227e-01 9.996917946470165184e-01 9.999999424382532975e-01 9.999999999818567353e-01 3.939656585684701895e+00 3.805795141476721710e+00 3.861986650452024605e+00 4.178583971857904089e+00 3.290709496111389853e+00
1.000000000000000000e+00 4.343992034433238336e-01 9.999997243199800767e-01 9.999997513145530981e-01 9.999999997669144491e-01 9.999999999866935330e-01 1.117425848586634629e+01 9.703651320268875224e+00 1.048246645899484975e+01 8.342608927591982138e+00 1.101099875276702278e+01
9.999999999984047205e-01 3.304959824498088228e-01 9.865866718752229758e-01 9.986038034661530727e-01 9.999999974584796725e-01 9.999999999979500842e-01 3.452262200317477436e+00 4.443930685314569473e+00 3.916886188404362201e+00 1.718406593257554960e+00 6.533543229591032286e-01
1.000000000000000000e+00 8.024230008563814076e-01 9.988509082486907165e-01 9.999849030361729341e-01 9.999999999985452748e-01 9.999999999999998890e-01 6.941533367147940226e+00 7.395304229571422638e+00 6.489157853793187769e+00 4.509899349547538350e+00 3.902587061201813867e+00
9.999999999999991118e-01 2.734659785905139140e-01 9.999895563744420901e-01 9.999191928544746144e-01 9.999999644625789941e-01 9.999999999948230300e-01 1.098891402861409006e+01 9.991421383917383992e+00 1.068096888840432257e+01 8.857828871924652958e+00 4.110332754281557754e+00
1.000000000000000000e+00 8.655991411410319802e-01 9.989292630273551854e-01 9.999960345832530351e-01 9.999999999999996669e-01 1.000000000000000000e+00 5.639185475912654510e+00 6.003359497729718441e+00 5.489361010599054680e+00 3.703717586608775036e+00 7.414263542598291679e-01
9.999999999999942268e-01 9.176677207933026104e-03 9.703632771895859266e-01 9.978018522076192998e-01 9.999999837184716522e-01 9.999999999972544185e-01 6.062523137042262533e+00 7.349187280342107442e+00 8.586508699866215011e+00 5.280902413274986884e+00 2.633424675670823945e+00
9.999999998999388184e-01 7.230693328370916273e-01 9.990264598854109446e-01 9.944574005372043279e-01 9.999921344240175758e-01 9.999994476213417416e-01 9.595408878411149090e+00 8.733399213243160375e+00 9.507424550872258351e+00 7.623308215436566115e+00 3.456212064599242240e+00
9.999999999996412869e-01 9.816485337078822981e-01 9.999989808569546001e-01 9.999570559003473358e-01 9.999999555903861248e-01 9.999999999776738591e-01 1.512952053056170598e+01 1.470867094436067646e+01 1.473435683903994686e+01 8.274737247406221741e+00 3.459243155449598817e+00
9.999999999790295524e-01 5.554030089530863634e-01 7.995911805345027323e-01 9.995678314742477699e-01 9.999999979910686454e-01 9.999954097308846324e-01 1.447272819717966286e+00 3.660210076073326491e+00 3.397169806329770836e+00 1.358865733577601986e+00 3.596479416513489014e+00
9.999999900483528270e-01 2.971091952744662201e-01 9.929530038597161878e-01 9.925849884849748950e-01 9.863024664752411130e-01 9.999999859152345350e-01 6.521368559658981212e+00 7.313053015102127574e+00 7.848439456960704774e+00 6.505816354998898987e+00 2.213601850508212010e+00
9.999999999985307308e-01 2.535583187034634589e-01 9.998989048371111910e-01 9.999439272119065025e-01 9.999998558769168655e-01 9.999999999345517976e-01 9.603795013032936367e+00 8.869542873525119830e+00 7.998536645136994139e+00 4.017047593347285783e+00 6.510559980556649862e+00
1.000000000000000000e+00 3.859511088351290642e-01 9.987506222337528827e-01 9.999635267582204223e-01 9.999999999994189093e-01 1.000000000000000000e+00 6.318216218530551487e+00 5.534912331809152874e+00 5.656840144859927477e+00 4.461276201847681477e+00 9.813042721361853182e-02
1.000000000000000000e+00 4.234782313247117402e-01 9.996866939543176400e-01 9.999354803653005552e-01 9.999999999829487507e-01 9.999999999999997780e-01 1.082850512790884068e+01 1.267118968931720246e+01 1.287264130426331121e+01 6.480095738459397126e+00 2.438792314307079323e+00
9.999999999999991118e-01 1.363026625752112864e-01 9.935600180867463216e-01 9.917357011586073190e-01 9.999999998091133602e-01 9.999999998549580216e-01 7.482304818554155190e+00 7.373180673360309356e+00 7.926260312280874132e+00 4.632126975398364266e+00 4.922319882145870906e+00
9.999999999729142219e-01 9.609767250770595570e-01 7.006472194335338077e-01 9.328203409361965903e-01 9.999999997051123302e-01 9.999999995151477306e-01 1.691494916939234372e+00 2.997971167650518964e+00 1.802350411748022907e+00 1.110936962440291609e+00 -8.749862765860143554e-01
9.999999999856563626e-01 7.052849493658468472e-01 9.999063961002037093e-01 9.997816818323894683e-01 9.999780319541596851e-01 9.999999994842904139e-01 9.335297573278865002e+00 7.500229851315793894e+00 8.689229538603967740e+00 7.986289627530936741e+00 4.271380317114164882e+00
9.999999999991527888e-01 5.216532716929047631e-01 9.939204642780059551e-01 9.946877479262757893e-01 9.999810364752110825e-01 9.999999960252268227e-01 6.759798069658074837e+00 6.175640992777402971e+00 9.221839208478513683e+00 9.208050009283340387e+00 4.551761495190191908e+00
9.999999832752671791e-01 7.645308505935003440e-01 9.997560178381706963e-01 9.998988306564986495e-01 9.999994334228916593e-01 9.999993035751301163e-01 5.497386051445459998e+00 5.001646784230388221e+00 5.036174621423924691e+00 6.446660103905628603e+00 5.789664076277404092e+00
9.999999999852423604e-01 2.517890206754769267e-01 9.862230414923427446e-01 9.935494653813796706e-01 9.999812080616439225e-01 9.999999529183579705e-01 4.371383697494138687e+00 6.417722227976980776e+00 5.753875723019234556e+00 4.501146939558680060e+00 2.559964022722226673e+00
9.999999999999138467e-01 7.519082288872893649e-01 9.981082077222609428e-01 9.999986279400262523e-01 9.999991509311025872e-01 9.999999999938757878e-01 6.538682033654481529e+00 6.926928465743856123e+00 5.587447210727304991e+00 5.459798463146114500e+00 6.085182807841476915e+00
1.000000000000000000e+00 2.941224700923901203e-01 9.992490371438742525e-01 9.980992580809227022e-01 9.999999999999988898e-01 9.999999999999998890e-01 8.979800044031605921e+00 9.851382243012153594e+00 1.020108450084489959e+01 4.001389073552786613e+00 2.512829884758957633e+00
9.999999999999998890e-01 7.125840510202476885e-01 9.996980938627156865e-01 9.997094193997563272e-01 9.999999994878230325e-01 9.999999999999996669e-01 8.816693081474454630e+00 9.120576230479059632e+00 8.308936694579131199e+00 7.637807795925766641e+00 2.028065081926399671e+00
9.999999993795586350e-01 1.807147949744458693e-03 9.768352467454000099e-01 9.916604993334978690e-01 9.997960792286527676e-01 9.999999991446532066e-01 6.090722827566310116e+00 7.335043213304857090e+00 7.460780880219090250e+00 4.426047112880780787e+00 5.805732671229861808e-01
9.999999999987942978e-01 7.501427938312744681e-01 9.999404513966284602e-01 9.993855066533601228e-01 9.999999909120322883e-01 9.999999999042141763e-01 9.438032915841858994e+00 6.693320405250574368e+00 7.955330569576005928e+00 7.216431292095251138e+00 3.645674258882365848e+00
9.999999975683281361e-01 7.562712959663029366e-01 9.592004447653103005e-01 9.453336923322424035e-01 9.999999154922502020e-01 9.999998199284602096e-01 -1.639842854827804786e+00 -1.745856145915979596e+00 -1.043924026397860416e+00 -7.144002766395942672e-01 7.061452358225892567e-01
9.999999999999966693e-01 3.390029557496548884e-01 9.999649820645083453e-01 9.998658260566228861e-01 9.999999910919430413e-01 9.999999999991117106e-01 1.328296011475936211e+01 1.288008316735829339e+01 1.343469140723050259e+01 7.457649179759982871e+00 1.867907863392872514e+00
9.999999999915767379e-01 5.490066609480210857e-01 9.991790897457391019e-01 9.999607864399239210e-01 9.999999819946129298e-01 9.999997258523474208e-01 5.774057313670823532e+00 4.443590749760630843e+00 5.460879567711970139e+00 5.367838522427575754e+00 6.516687338472422653e+00
9.999999999971483922e-01 2.459572862295523743e-01 9.980404449575976944e-01 9.788662223555645303e-01 9.999999982332165027e-01 9.999999995342435666e-01 5.269820917575486874e+00 5.735654222175639916e+00 5.387154276033754741e+00 4.471936616497714567e+00 3.427047528655066344e+00
9.999999999997851718e-01 8.667581280350094008e-01 9.983978584558425018e-01 9.921677476167456433e-01 9.999996508772892589e-01 9.999999996068460462e-01 8.546414361858978737e+00 7.199719296139107882e+00 9.226166515346392316e+00 8.245399115465261275e+00 3.796599445783158444e+00
9.999999999999910072e-01 9.210458428494818772e-01 8.655166329982189044e-01 8.328062879481792358e-01 9.999999999501870684e-01 9.999999999954245489e-01 2.419160603709030966e+00 4.062350047843494849e+00 3.510048338297110604e+00 2.419442601990965613e+00 -2.093881322250069843e+00
9.999999999997317701e-01 5.420389875745332819e-01 9.848024522110040424e-01 9.347949510973052600e-01 9.999999835834031403e-01 9.999999999974750198e-01 4.209920389347928449e+00 3.742055645392497354e+00 4.850410925393020989e+00 2.511025130697476015e+00 6.377146767150634332e-01
9.999999999999985567e-01 1.073518597848671652e-01 9.999219407126576087e-01 9.999494453848175590e-01 9.999999986895318216e-01 9.999999999680553309e-01 1.106259102973115205e+01 1.101539517213342378e+01 1.094150872970516275e+01 8.081929985595877497e+00 6.878879336701004377e+00
9.999999954895257837e-01 4.569729934597819287e-01 9.283603779803063505e-01 8.615456687006588510e-01 9.999989522866951086e-01 9.999999998502820953e-01 3.223460188209116950e+00 3.903243465282741909e+00 4.428892381257128363e+00 5.449590025734380561e+00 -9.609805204243002663e-01
9.999999999626235647e-01 1.776201552432422615e-01 9.999734600076063407e-01 9.999906281294667076e-01 9.999991032437658411e-01 9.999999956263798673e-01 9.440517328890223325e+00 8.643177682389591610e+00 8.702886208178654215e+00 8.889797277552702326e+00 4.442374094117155892e+00
9.999999999447324317e-01 2.931320194392107448e-01 9.975193167286307006e-01 9.953753790190881245e-01 9.999999894312880944e-01 9.999999995561200672e-01 6.679899889789396639e+00 5.541721736298200085e+00 6.001449291763663041e+00 6.145621675018389851e+00 1.078907857894421340e+00
1.000000000000000000e+00 7.679651268212803750e-01 9.999997801780469153e-01 9.999997905954343125e-01 9.999999986931651375e-01 9.999999999990727417e-01 1.715669308324686426e+01 1.644984943986639792e+01 1.674520484242992779e+01 1.004071299007296147e+01 6.368101330331171539e+00
9.999999999999998890e-01 4.377268904135108718e-01 9.981639436477440785e-01 9.995477902526160863e-01 9.999999999098070358e-01 9.999999999999937828e-01 7.321589739049727541e+00 6.748744316576960500e+00 7.328290333515269594e+00 4.445050586658055636e+00 8.450169824523072748e-01
9.999999999959736652e-01 6.382231897730776815e-01 9.994869039681854028e-01 9.998801959917473781e-01 9.999765534890858731e-01 9.999999998271057455e-01 7.020210494705622750e+00 7.377719916761463992e+00 8.182867041408201203e+00 6.707158327700085465e+00 2.122410236845666986e+00
9.999999999999968914e-01 3.388853572974800388e-01 9.979914304952949289e-01 9.994957149035645916e-01 9.999999996221110576e-01 9.999999999998130384e-01 8.310918421167798442e+00 8.118161241216512281e+00 8.460007250000955992e+00 5.879260751032632015e+00 2.759381936904276245e+00
9.999999999999978906e-01 3.855900899194142362e-02 9.981345249122934860e-01 9.980021473932326748e-01 9.999999913805640572e-01 9.999999999996067590e-01 6.562045936121933210e+00 6.327674327501483731e+00 6.885619587422411314e+00 4.379458053222208491e+00 3.439011393941200367e-01
9.999999999428885733e-01 3.843839239687890652e-01 9.997197625710425584e-01 9.991798395023595569e-01 9.999992831912704050e-01 9.999999923079964104e-01 6.981653473626579398e+00 7.566876905156220801e+00 7.597484956440780479e+00 4.238610430759820247e+00 1.234854122685305811e+00
9.999999999990337729e-01 8.014098849542499181e-01 8.040318367737242511e-01 1.000000000000000000e+00 9.999997480113472781e-01 9.999999999806745699e-01 3.982485610555897892e+00 4.862589208037775279e+00 5.914476257876742693e+00 5.228730529497966018e+00 -3.962845953221062700e+00
1.000000000000000000e+00 4.434290248927583722e-01 9.999976776834147429e-01 9.999994534231653187e-01 9.999999945359374642e-01 9.999999996962871673e-01 1.346530379552729073e+01 1.278026895451995415e+01 1.259042740867528209e+01 8.816800107258245589e+00 6.104394955890313668e+00
9.999999931306953194e-01 6.835026270996044095e-01 8.950973499757020058e-01 9.856110938788923415e-01 9.999125048515176140e-01 9.999901798773653816e-01 2.487399607727070361e+00 3.017945897348852213e+00 4.197974586165173605e+00 4.449451786049451130e+00 2.957286771420797322e+00
9.999999999999911182e-01 4.103775221526164696e-01 9.989684890585129873e-01 9.996243191372536918e-01 9.999999996419587367e-01 9.999999999998878675e-01 5.778595665437819662e+00 4.893557505868329827e+00 5.653467542036707982e+00 3.312724879224788310e+00 6.019866484392650818e-01
9.999999999998234745e-01 5.429925384797567034e-01 9.770058707575899337e-01 9.870979642768415996e-01 9.999996983808762119e-01 9.999999999783888427e-01 4.229139914130144007e+00 4.914834992143255477e+00 4.943188886325742715e+00 4.029134270906979509e+00 1.149625081086469436e-01
9.999999999993340882e-01 7.341002387620150227e-01 9.995609657733792730e-01 9.999982874623317697e-01 9.999999886587211950e-01 9.999999996774787681e-01 6.905623579395410161e+00 6.129722049385065930e+00 4.837509934375987086e+00 4.476980261725316268e+00 6.058443662654781292e+00
9.999999994301354000e-01 8.533507187599065347e-01 9.999745710638135998e-01 9.999904097790066615e-01 9.999681771260947594e-01 9.999998784930633766e-01 7.707310106885927325e+00 9.429283773297129301e+00 8.438823292254994612e+00 4.470495058977803637e+00 1.310925355696724637e+00
9.999999999999197309e-01 7.123774426824440731e-01 9.956204877147831755e-01 9.996348494450217892e-01 9.999999999463050626e-01 9.999999999205213541e-01 5.043221612764000383e+00 3.951158448950593538e+00 4.420521031110524746e+00 2.603143653880579222e+00 3.339546966242323833e+00
9.999999999811859386e-01 7.663906463726548601e-01 9.442942511115653970e-01 9.999630507791786860e-01 9.999999976730716833e-01 9.999999963022542238e-01 2.711994915959280661e+00 3.154419413350638024e+00 2.988634441387375773e+00 4.416664851137795722e+00 4.342336166868676628e+00
9.999999847409556386e-01 6.451538336835579424e-01 9.990330063443850772e-01 9.954755780312298796e-01 9.999539069609738595e-01 9.999998746076480538e-01 8.681347928199841135e+00 9.295760780033504034e+00 8.755464509763839942e+00 5.253812157889910850e+00 1.776755198019486670e+00
1.000000000000000000e+00 6.493277909435684059e-01 9.719072003842135210e-01 9.978330136045115983e-01 9.999999999952375873e-01 9.999999999997621902e-01 5.879961984283454512e+00 7.086676224852396899e+00 7.327073100544282624e+00 2.749794587650455924e+00 3.677903895648626076e+00
9.999999999999984457e-01 5.253337837562288559e-02 9.997041227853966650e-01 9.998678174515350792e-01 9.999998825862635998e-01 9.999999999849426002e-01 8.203885642467753314e+00 7.734945657898151694e+00 8.486602823501129933e+00 7.581518323435432194e+00 3.839999776770468998e+00
1.000000000000000000e+00 3.970760867662802562e-01 9.999989488450260477e-01 9.999995001462198552e-01 9.999999999624031854e-01 9.999999999992145172e-01 1.482352893170639163e+01 1.377562143719643473e+01 1.317613519809958689e+01 9.084951192402229481e+00 8.914347959654207898e+00
9.999999999922434268e-01 1.713506223943728202e-05 9.992671786008804347e-01 9.999697432013791021e-01 9.999996387133086584e-01 9.999999998383131139e-01 4.767519050880309806e+00 6.051154399404879314e+00 5.925184099930902448e+00 3.020683604598332295e+00 1.040826996588577913e+00
9.999999999470414735e-01 6.616189229903879365e-01 9.939197079966569648e-01 9.922032792986699157e-01 9.999999972583928365e-01 9.999999951337006365e-01 6.077919089311535572e+00 5.042122809356783364e+00 5.270277758791394263e+00 4.073627883301185193e+00 1.609788428650347214e+00
9.999999999997595257e-01 9.247575857230060370e-01 8.603238052293458171e-01 3.447897283647072264e-02 9.999999249981480487e-01 9.999999999959781061e-01 4.423149526490135486e+00 4.548048230057304409e+00 6.730309134797437309e+00 4.570770656528850395e+00 2.447102069296533955e-01
9.999999999999996669e-01 9.971698360441544340e-01 3.365554724545933851e-01 9.702559402198515093e-01 9.999999994750271570e-01 9.999999999999874545e-01 1.282342080420960428e+00 3.158674976281758973e+00 2.408189922786220905e+00 2.117448616162789676e+00 -1.664025886821718814e+00
9.999999999164181919e-01 5.412064460165105784e-01 9.997376308108094634e-01 9.998833556622127583e-01 9.995169232803053916e-01 9.999999953614957526e-01 1.016992451622957105e+01 1.110252358253501370e+01 1.195102778188038428e+01 8.128395092541552458e+00 1.420006394249298864e+00
9.999999999999881206e-01 5.170632324491117870e-01 9.955007570448296539e-01 9.997377403334916091e-01 9.999999996525182899e-01 9.999999999967682518e-01 5.275326328279220434e+00 6.514235245441795996e+00 5.823911281709342802e+00 2.790550542738913009e+00 1.787382752124358376e+00
1.000000000000000000e+00 1.567338698893215865e-01 9.999982692955226016e-01 9.999993234892551319e-01 9.999999999999972244e-01 9.999999999999993339e-01 1.159491846616782595e+01 9.501948916785522670e+00 9.590870494363969101e+00 9.018957468791711563e+00 7.760074961111399716e+00
1.000000000000000000e+00 4.729818942974406415e-01 9.999998278922559436e-01 9.999997379229346173e-01 9.999999999996849187e-01 9.999999999999998890e-01 1.421295635114461220e+01 1.332171205342643816e+01 1.355725655799761853e+01 8.586070132437271241e+00 6.988159658947097341e+00
9.999999966515490391e-01 6.346520439465660468e-01 8.578813872555951514e-01 7.966022512047079562e-01 9.999998965250236349e-01 9.999999896008409106e-01 2.833928704911386376e+00 2.941377810114261138e+00 3.469572082959018644e+00 1.590478461625878026e+00 -1.441181442718288963e-01
9.999999999882435153e-01 2.096974409794598593e-01 9.996060409115652412e-01 9.961175152964933943e-01 9.999985526102626032e-01 9.999964382748451897e-01 8.069254055009992044e+00 8.203755340741622604e+00 8.372870753324605175e+00 5.830764436014362673e+00 6.905983763538301901e+00
1.000000000000000000e+00 8.542599181764025662e-01 9.999996459860052145e-01 9.999999034297604172e-01 9.999999999985695887e-01 1.000000000000000000e+00 1.544881336971059227e+01 1.577740055310317757e+01 1.638033893713605949e+01 8.940161087928970574e+00 4.942336179856454237e+00
9.999999999886591828e-01 7.738810326871141676e-01 9.892387662309227725e-01 9.415685568384685178e-01 9.999999648080686310e-01 9.999999998957851410e-01 5.476498801434559027e+00 4.711885945225390060e+00 5.608859854983109017e+00 5.464756596746440209e+00 -1.914219763659730233e-02
1.000000000000000000e+00 9.255368909078641737e-01 9.999999530176970630e-01 9.999996473664677366e-01 9.999998034324023566e-01 1.000000000000000000e+00 1.851480070371968623e+01 1.923441028135039232e+01 1.978918434072306809e+01 1.367422847627210558e+01 2.555042126945409109e+00
9.999999999994232391e-01 4.319583157748041469e-02 9.941065920688131330e-01 9.995911625597957428e-01 9.999996973750273632e-01 9.999999881544665570e-01 3.807957331792238165e+00 3.338547503756444712e+00 3.597438826372695075e+00 3.608770096022794860e+00 3.403657987825795317e+00
9.999999999999998890e-01 6.954771794560239417e-01 9.547599554811900813e-01 9.970696887652215068e-01 9.999999998714895755e-01 9.999999999984525711e-01 4.062169753158855201e+00 5.570738647214568573e+00 4.839729983632537369e+00 2.550781241120148479e+00 2.391249050095950679e+00
1.000000000000000000e+00 8.861786267684680363e-01 9.999998934326151945e-01 9.999951668049159581e-01 9.999999907789595133e-01 9.999999999999565903e-01 1.754659238867725435e+01 1.518945778216419740e+01 1.634702712560749660e+01 1.409052549442196778e+01 4.743201566718880713e+00
1.000000000000000000e+00 4.114654126616645868e-01 9.998276803095841325e-01 9.997436990281106661e-01 9.999999765013317665e-01 9.999999999768380832e-01 9.605908825066308054e+00 1.031727073136352146e+01 1.079876460597085952e+01 8.672008337035890690e+00 7.031326480665768486e+00
9.999999999999997780e-01 4.566494320663621043e-01 9.997982002848984084e-01 9.925135496075186969e-01 9.999999999999833467e-01 9.999999999999983347e-01 5.091085185872486818e+00 5.896552102872249179e+00 6.465399826586804011e+00 6.825762274274040919e+00 1.466310836360889880e+00
9.999999999999417133e-01 6.743225201994507145e-02 9.995656386329446752e-01 9.999915298109803841e-01 9.999836524604519550e-01 9.999999956620863051e-01 7.698005665608320669e+00 7.693236127101442889e+00 8.412973628686074790e+00 8.271006998937878052e+00 5.728642889993466270e+00
9.999999994006020243e-01 1.685739758123867560e-01 9.203131246950296829e-01 9.294356115786889250e-01 9.999968001241016369e-01 9.999999953348412962e-01 3.404406664237683344e+00 4.107379126844762141e+00 4.643857677684366081e+00 3.142669333943842958e+00 -9.526894275455788375e-02
9.999999999999998890e-01 2.963972270363001149e-01 9.987335974880429124e-01 9.999427697433256323e-01 9.999999999946577178e-01 9.999999999999994449e-01 6.362323071454170531e+00 4.748003135060343993e+00 5.170202571618517595e+00 6.776633106381325433e+00 4.466096903245045269e+00
9.999999982373534158e-01 1.864298526828467306e-02 9.947995839669845353e-01 9.993113681174869978e-01 9.995819689896514593e-01 9.999999442401058536e-01 6.088164520608131625e+00 6.168994469065353314e+00 6.404352996889485894e+00 5.741116654606571501e+00 8.979964786011578326e-01
9.999999402979554697e-01 3.706789301925225155e-01 9.954359049970102902e-01 9.701860025494358775e-01 9.999359588901232110e-01 9.999346205363147666e-01 5.052797458000668485e+00 4.721597740235040419e+00 5.214263082955767459e+00 3.388756628410362737e+00 2.581900417845758966e+00
9.999999999999997780e-01 1.994510704659270273e-01 9.999457115599242885e-01 9.999986212316401835e-01 9.999999993634672846e-01 9.999999999739401790e-01 1.213004467436485356e+01 1.057338316577113346e+01 1.098027220303936247e+01 6.888345598161436101e+00 5.737564766576895181e+00
9.999999999993498534e-01 9.534494661801021786e-01 9.999910291837891263e-01 9.999707074513181082e-01 9.991721266825932535e-01 9.999999999838027342e-01 1.173809644779316841e+01 1.388620781088968670e+01 1.504234751345734367e+01 1.057641511876170171e+01 6.634546833643639729e-01
9.999999999762430036e-01 2.025463548814998571e-01 9.996917013094441806e-01 9.998691323446464718e-01 9.999949097847679047e-01 9.999999996828518034e-01 8.151214818126049977e+00 6.841017056486123238e+00 6.731340514716350754e+00 5.614901053907829009e+00 4.270926221533386524e+00
1.000000000000000000e+00 5.217236244431988634e-02 9.972394114764644435e-01 9.990528929026538663e-01 9.999999998544315538e-01 9.999999999999995559e-01 8.016735529580330422e+00 8.885953650903445578e+00 9.631404480825210612e+00 6.660898335162926287e+00 6.030475515932494091e-01
9.999999979619739188e-01 2.767850302681713615e-01 9.919309395830318010e-01 9.825157499141847772e-01 9.999981875769758943e-01 9.999999897031937035e-01 5.158162813557225945e+00 6.399079611077354457e+00 6.639659791253620824e+00 2.055637685693852745e+00 -3.253332041165890587e-01
9.999999999999971134e-01 3.960791820808852171e-01 9.999331589238550366e-01 9.999805756728077366e-01 9.999999024972783257e-01 9.999999999999873435e-01 9.216811047747228258e+00 9.108337075741587796e+00 9.755928461524035811e+00 6.636409457172874227e+00 8.239990066967379789e-01
9.999999999969408915e-01 1.446261912945743244e-01 9.493976313549480350e-01 9.949099416790880834e-01 9.999998248872472573e-01 9.999999999099452586e-01 4.431580330955796398e+00 4.862331462707004448e+00 4.911036642646593009e+00 2.455285830164825711e+00 -1.275332200060915966e+00
9.999999999751419955e-01 4.069544580015191926e-01 9.996636357170153309e-01 9.997897029080456965e-01 9.999998317105044388e-01 9.999990076522852211e-01 8.979548961080922709e+00 7.247014778736570406e+00 7.640589036980429682e+00 5.790502740740464560e+00 6.498900206126791090e+00
9.999999999555785335e-01 5.926985285536303660e-01 9.722470526625296428e-01 9.958031086542378230e-01 9.999999888427566486e-01 9.999999987471093199e-01 3.563100676774809017e+00 4.102390255794659879e+00 3.348257105170148407e+00 1.620678965533500104e+00 3.802365994309866437e-01
9.999999999364806991e-01 7.590543381973209325e-01 9.999271194538907892e-01 9.995754256844530117e-01 9.999616337285489598e-01 9.999999995843764644e-01 9.722881555634614870e+00 1.039041103016319312e+01 1.019880272865077586e+01 8.332450798149750426e+00 3.395759710366917261e+00
9.999999999999987788e-01 1.229170405688936318e-01 9.992707218243681577e-01 9.999308958201948982e-01 9.999999999577598997e-01 9.999999999990391020e-01 7.299295673336189338e+00 6.210904527116838381e+00 6.234284550663403479e+00 4.068698913066498335e+00 1.704460725518799791e+00
9.999999999920582416e-01 2.469499168183529880e-01 9.870472971129896633e-01 9.998749768251835590e-01 9.999978931071369370e-01 9.999999954481851860e-01 4.575009856716633294e+00 4.722970296147025238e+00 4.667480118263142685e+00 5.743893027151841579e+00 4.066833827314610517e+00
9.999999999988076205e-01 2.687887711091233589e-01 9.905560714865794258e-01 9.876896620139867800e-01 9.999457169034353665e-01 9.999999999851515442e-01 3.934943435345019225e+00 4.442304111641533382e+00 5.941644207192780414e+00 6.621690919166212552e+00 -1.047681085897522735e+00
9.999999996034468763e-01 4.675930181838281463e-01 9.990828632336713477e-01 9.986937405473055307e-01 9.999999742270897496e-01 9.999999852249739085e-01 5.599497252688536264e+00 3.553476507213360946e+00 3.865022657295639874e+00 3.374437316029855083e+00 2.508772191938987817e+00
9.999999999999987788e-01 5.027052884610720973e-01 9.999999004085637910e-01 9.999987118099433747e-01 9.999999991111809816e-01 9.999999999995570210e-01 1.152921609553891358e+01 9.981312725141833653e+00 1.044996058395406635e+01 9.506891812660683172e+00 8.044906157336811248e+00
9.999999999376174564e-01 4.019548066492965033e-01 9.996303586603193514e-01 9.996708134203591278e-01 9.999123893228207827e-01 9.999999888514810031e-01 7.425194565953120218e+00 8.168186590483685450e+00 8.468457326237228244e+00 6.312572176709636551e+00 2.397156383413459935e+00
1.000000000000000000e+00 8.506449969599432226e-01 9.997838928688671523e-01 9.999985888885057905e-01 9.999999999963877784e-01 9.999999999999998890e-01 7.716868948288663432e+00 7.834635935115215943e+00 7.096195801962721816e+00 6.132184368593300405e+00 4.371749375283513928e+00
9.999999999999992228e-01 6.715532203240803799e-01 9.899067102626682990e-01 9.999330046374478309e-01 9.999999996228127186e-01 9.999999999997306599e-01 4.268958313256177917e+00 3.657738006689271515e+00 3.938898234728185344e+00 3.108369782331919851e+00 1.861505167006555439e+00
9.999999999999958922e-01 4.876600922092775292e-01 9.981477632206205985e-01 9.996619918204612265e-01 9.999999991043957426e-01 9.999999999999128475e-01 1.021165175607029596e+01 1.242299010561930572e+01 1.221543231169175669e+01 3.318763791831713661e+00 2.322076629932325886e-01
1.000000000000000000e+00 8.023914800226116251e-01 9.999999111524737749e-01 9.999964079165988284e-01 9.999990541818423173e-01 9.999999999998140376e-01 1.584726363734830556e+01 1.327489183420129848e+01 1.485060479558973157e+01 1.510693092730627995e+01 3.212582180473361859e+00
9.999999999988820054e-01 1.253851306941163868e-01 9.859931422347001373e-01 9.981997899919312633e-01 9.999999698218307032e-01 9.999999999901941772e-01 6.420912905284467342e+00 7.026708691483065650e+00 7.446153873319815375e+00 2.913612484697409855e+00 2.473091696684832641e-01
9.999999999996886935e-01 1.596929796784604116e-01 9.899625884734559733e-01 9.860639004192202073e-01 9.999999980544030942e-01 9.999999999978808063e-01 5.391263950343443412e+00 6.079906797357637060e+00 5.834561231185489305e+00 2.911656386329298130e+00 3.559924523961512932e-01
9.999999999884107149e-01 2.136895043814446282e-02 9.985385175351900733e-01 9.992625426413173084e-01 9.999987945389908761e-01 9.999999999477913182e-01 5.805514084279479903e+00 5.347851384174191480e+00 5.994147283872109711e+00 6.520228527673566532e+00 4.395974758711190589e+00
9.999999999999518163e-01 7.553624949675036282e-01 9.753706281588273574e-01 9.996568533277933044e-01 9.999999740922479452e-01 9.999999999989114263e-01 4.268783031785687854e+00 5.127743237749598393e+00 5.028777143827369400e+00 1.956556664791378353e+00 1.890129806319578165e+00
1.000000000000000000e+00 7.230895468770511814e-01 9.213621921565029460e-01 9.960573614377826734e-01 9.999999999972275511e-01 9.999999999999988898e-01 3.852393330466156840e+00 4.897988976104841186e+00 4.587938928113487691e+00 2.040228193062432638e+00 1.195915595818007660e+00
9.999999999994285682e-01 2.137218211817920599e-01 9.998871697409296155e-01 9.999920145067828781e-01 9.999999971317667935e-01 9.999999991001191635e-01 9.253499145185742236e+00 8.458855199216543497e+00 9.111140162504455020e+00 6.201781860433186466e+00 3.440041231189525206e+00
1.000000000000000000e+00 2.824055314421214380e-01 9.999798287336896241e-01 9.999947691292447871e-01 9.999999999387451100e-01 9.999999999999998890e-01 9.681136869322187977e+00 8.716623935157372216e+00 9.519738738483511042e+00 8.067032284641527440e+00 4.399496014292537893e+00
1.000000000000000000e+00 3.103039368360542838e-01 9.992699375051922184e-01 9.998568038006472314e-01 9.999999999888815605e-01 9.999999999999920064e-01 7.979087633996755358e+00 7.656645776116704383e+00 9.444583601806016304e+00 5.919898315805312450e+00 2.622023796305995802e+00
9.999999999999116262e-01 5.106094407999919316e-01 9.999471473210120864e-01 9.999360966531889439e-01 9.999957830250817414e-01 9.999999999415581931e-01 1.171336416706088812e+01 1.264191057311433042e+01 1.355319896309043770e+01 8.523087547367708794e+00 2.355835591948277852e+00
9.999999999965124564e-01 3.476092221044730923e-01 9.997171833884846981e-01 9.998753577623963329e-01 9.999999148123031034e-01 9.999999998693082093e-01 5.676006296394291439e+00 6.823078382466974290e+00 6.609894506194223140e+00 3.094112402997609479e+00 1.263272314283710784e+00
1.000000000000000000e+00 1.149814692812555217e-01 9.996216666999462319e-01 9.999988674541719913e-01 9.999999998128570322e-01 9.999999999999998890e-01 7.380551019675920088e+00 6.972017255273442515e+00 7.205652288359601698e+00 6.072478415279192632e+00 6.961216287608465336e+00
9.999999999999957812e-01 4.175533619177221878e-01 9.999118307045022913e-01 9.999729302709766676e-01 9.999999999758110159e-01 9.999999999933681938e-01 1.062267533403536390e+01 8.734316413700639714e+00 9.176302499553287362e+00 4.463069609591798326e+00 6.905922147088915608e+00
1.000000000000000000e+00 5.244048973317916307e-02 9.999975156672403775e-01 9.999980294774984957e-01 9.999999999950252016e-01 9.999999999997674083e-01 1.521923618012829138e+01 1.446938786691879386e+01 1.490671639220261113e+01 8.620988317032299619e+00 5.638919101587816840e+00
9.999999999996339595e-01 9.562125882269509880e-01 9.961406052302795855e-01 9.999488745786747623e-01 9.999999997942278229e-01 9.999999999925414107e-01 3.576476793418351008e+00 3.372569012450469472e+00 2.895836587755979963e+00 4.237724147975200140e+00 6.224630518198125628e+00
9.999999999999952260e-01 9.306541601229800786e-02 9.968327060653302540e-01 9.649207626060041232e-01 9.999999999852171584e-01 9.999999998552286939e-01 7.119758350725476248e+00 7.717028079839735710e+00 7.758734054413082504e+00 3.892771524781608150e+00 3.528565090073584543e+00
9.999999999999237277e-01 8.107295859328917942e-01 9.976367361186950777e-01 9.987300275873658428e-01 9.999999999583947252e-01 9.999999999989371835e-01 6.985302191074424627e+00 7.410025226557934275e+00 7.352900107295965881e+00 8.151682157236564308e+00 6.317396944906647605e+00
1.000000000000000000e+00 6.187781551130975277e-01 9.999058584083977408e-01 9.999940716345058211e-01 9.999999999993954836e-01 9.999999999999981126e-01 9.133362393614504526e+00 7.549144281741405393e+00 8.787349792432962658e+00 7.868954365923059413e+00 4.577210624175222620e+00
9.999999999999998890e-01 5.567675633541953051e-01 9.999996680427259976e-01 9.999994432503239716e-01 9.999999701382146222e-01 9.999999999928853578e-01 1.518858070572730412e+01 1.472336319660064419e+01 1.523356071663891953e+01 1.011976658019483466e+01 3.731621366295541975e+00
9.999999999999982236e-01 2.872603465581382576e-01 9.990936032142332390e-01 9.997768522108659850e-01 9.999999988831123066e-01 9.999999999970549114e-01 5.054417924940196372e+00 4.469381923834760073e+00 5.351794457757137025e+00 3.877549739932135253e+00 1.550704497425442696e+00
1.000000000000000000e+00 1.814808034705188700e-01 9.999890480879144450e-01 9.999947783600640072e-01 9.999999997431291421e-01 9.999999999999972244e-01 1.148872506059251464e+01 1.058707944359872499e+01 1.068469467952667173e+01 7.385412718283191680e+00 5.161848675402438857e+00
9.999999999994418909e-01 5.894009559172858070e-01 9.999427399671330097e-01 9.999473699639199742e-01 9.999997469974118980e-01 9.999999999981918908e-01 9.004432874000656284e+00 8.871419059230731818e+00 8.722966868996309131e+00 6.643284709484191808e+00 4.113309635384212015e+00
9.999999997143653729e-01 5.931419003342364160e-01 9.962824680401121125e-01 9.972296099804568437e-01 9.999961745848021666e-01 9.999999643273899119e-01 6.277336979330868871e+00 6.346793944441003532e+00 5.281694136808084750e+00 3.384950235264341245e+00 1.870955719283813323e+00
9.999999999391777639e-01 6.725162723000530640e-01 9.795728149610241076e-01 9.996991121414791071e-01 9.999999999347727320e-01 9.999999999171607090e-01 3.208298773799072023e+00 3.393960454989439768e+00 3.556838031529593991e+00 5.107169665690776128e+00 4.323011039251980492e+00
9.999999998624350406e-01 4.173068385605448460e-01 9.898462858374253992e-01 9.996301429581175846e-01 9.999999994659142244e-01 9.999999997680110164e-01 3.748302728031148945e+00 3.697898551885771212e+00 3.425174838784073472e+00 3.448655669389950162e+00 2.905921150766971550e+00
9.999999999994817479e-01 8.691460954411204254e-01 9.996828077023733883e-01 9.775490686049344013e-01 9.999999990654145909e-01 9.999999980311520265e-01 8.953548470116800218e+00 9.739399737251233091e+00 1.015664754211309173e+01 8.488642570885133409e+00 4.030908238507549868e+00
9.999999999999602540e-01 6.117159056323239197e-01 9.999578077036284096e-01 9.994570890706460098e-01 9.999998639368393727e-01 9.999999999993972599e-01 9.222401897906422619e+00 8.249397277363812009e+00 9.306933751869053140e+00 8.072509816352066991e+00 2.353100981353065890e+00
9.999999999999984457e-01 4.957216732121247915e-01 9.999971609209542533e-01 9.999761723951399173e-01 9.999999159085669609e-01 9.999999999998147038e-01 1.194188892003961655e+01 1.075654056764284405e+01 1.124350424013755401e+01 8.629747696238325716e+00 3.409968496427666196e+00
1.000000000000000000e+00 2.989449901654606112e-01 9.999932242088251932e-01 9.999696956206878262e-01 9.999999947222030228e-01 9.999999999530807537e-01 1.131086134616595018e+01 1.101574911093644005e+01 1.112253495810711001e+01 7.978396152127061214e+00 6.728729183070470299e+00
9.999999999986488586e-01 7.201278059065547854e-01 9.826767665959010856e-01 9.908434437683448781e-01 9.999999735860277683e-01 9.999999999536917095e-01 4.761657888246872972e+00 4.564237414838146378e+00 4.954046942334343839e+00 5.006366880241500894e+00 2.008474974178682260e+00
9.999999999421599339e-01 3.337091444366657722e-02 9.993400922986124257e-01 9.868347433981752292e-01 9.999999989609098527e-01 9.999999998625257458e-01 4.489911022356693593e+00 4.422001108581298467e+00 4.063884118660325839e+00 1.909199285110048550e+00 -1.564260585507213364e-01
1.000000000000000000e+00 5.819372868224454987e-01 9.999953665227335753e-01 9.999580950313722294e-01 9.999999999948787632e-01 9.999999999999986677e-01 1.098595486199349125e+01 9.922827400792812114e+00 1.026736257309340772e+01 8.856466445114278940e+00 2.386447447537534572e+00
9.999999999996090905e-01 2.950433930208770095e-01 9.835196773984588026e-01 9.962619370742920033e-01 9.999998484235177454e-01 9.999999999989611643e-01 4.517864695689809196e+00 5.662152738361157844e+00 5.521681147728656924e+00 3.482925284571308566e+00 1.531024968384031126e+00
9.999999999796145289e-01 1.699310359117798264e-01 9.815194352945882938e-01 9.071149118466983463e-01 9.999999977173290588e-01 9.999999878809475717e-01 4.747010296477924385e+00 5.559892509057590360e+00 5.863683389785023792e+00 5.883290612411599341e+00 2.182422529413088341e+00
9.999999999999861222e-01 3.718693282898728469e-01 9.978422447520084448e-01 9.996492281016637893e-01 9.999999960396505072e-01 9.999999999720010635e-01 5.556154878493202887e+00 5.992843464455290814e+00 5.452263505511609765e+00 3.211903762949930297e+00 1.546086422453754494e+00
9.999999999957568386e-01 4.375057650876841286e-01 9.989138298905958502e-01 9.969829641671804632e-01 9.999914581043213291e-01 9.999999946317955635e-01 8.940436812168456981e+00 9.886590295475684798e+00 1.028589609053580034e+01 6.529969647650659681e+00 2.958294033490176389e+00
9.999999999999881206e-01 6.091801736727797678e-02 9.989809438322040380e-01 9.866729770174819114e-01 9.999999917912842928e-01 9.999999999999052980e-01 6.927623497550598586e+00 6.164299132056328290e+00 6.503021162518450637e+00 5.960838220129062393e+00 3.333131020146083756e+00
9.999999999999372724e-01 3.812250380546995387e-01 9.978675765665724340e-01 9.955201335166734555e-01 9.999994325792904704e-01 9.999999985402585612e-01 5.385767694537889838e+00 5.746925631189014894e+00 7.462437327640657259e+00 7.373476704132940540e+00 4.287337432352956057e+00
9.999999999999997780e-01 7.921701974167525417e-01 9.999765549596256742e-01 9.999186414850211868e-01 9.999999917359329027e-01 9.999999999999219513e-01 1.063418961426276610e+01 1.154988482090783464e+01 1.144073695633016996e+01 6.744998922468198543e+00 6.325725078102607313e+00
9.999999866306733542e-01 2.882383897267666306e-01 9.991536741759623474e-01 9.998547387340612769e-01 9.999959775280506946e-01 9.999982794121170526e-01 7.309392448738492476e+00 8.212457239801437936e+00 7.433441509201884401e+00 2.591688434363334181e+00 2.559088215482915984e+00
9.999999999999968914e-01 7.474077915923547089e-01 9.989296048655754712e-01 9.309219650408082636e-01 9.999999977741874657e-01 9.999999999998968603e-01 9.358710672389975116e+00 9.075391021744962927e+00 1.078557397335828227e+01 6.712276937561455270e+00 1.737941050458459813e+00
9.999999999999998890e-01 2.142599583492613702e-01 9.999780945563876422e-01 9.999965076994793423e-01 9.999999999961941555e-01 9.999999999997314371e-01 1.036708920937178391e+01 1.004849508272587855e+01 9.825374853104904105e+00 5.721726322129313758e+00 2.558634835098871463e+00
9.999999999991562305e-01 5.963970258244910561e-02 9.983618388614609040e-01 9.998845598276694391e-01 9.999997702270688738e-01 9.999999999889839231e-01 6.432616624004197092e+00 6.697887738888198328e+00 7.493051958726539397e+00 4.697845695683042777e+00 1.719502045161220849e+00
9.999999999985500487e-01 6.864063642715362290e-01 9.998723116821257584e-01 9.999894538870998106e-01 9.996557713661207156e-01 9.999999998284530012e-01 9.232212687715332322e+00 7.797063222087729173e+00 9.762017334844017569e+00 1.053345789231184426e+01 3.630669908252798450e+00
1.000000000000000000e+00 8.193749831886208979e-01 9.931257212906677845e-01 9.995908364196521845e-01 9.999999999999995559e-01 9.999999999999995559e-01 1.674626726976043756e+00 9.809901645083414223e-01 1.719624823243123046e+00 2.852938307029660336e+00 -4.453528214816060427e-01
9.999999999986350918e-01 4.172883729079057691e-01 9.999953775537343548e-01 9.999996428293906892e-01 9.999844877737156246e-01 9.999999999452900967e-01 1.037542658129956408e+01 9.099008343392995357e+00 8.707388115051628574e+00 7.010023730862144475e+00 5.550499250483312608e+00
9.999999999999918954e-01 5.358659296409122863e-01 9.999976860740311668e-01 9.999948804072519293e-01 9.999998406841899001e-01 9.999999999995923261e-01 1.076173400029693994e+01 1.037576688067258601e+01 1.034494582811396413e+01 7.117465844354057936e+00 1.052799313146408622e+00
9.999999999999228395e-01 6.311996749199419998e-01 9.988765376746745472e-01 9.999593129890089749e-01 9.999999967952671875e-01 9.999999999875411882e-01 6.946492298815883260e+00 6.639840506849623125e+00 5.717219442423981945e+00 4.148109060136619064e+00 3.537449641232115027e+00
9.999999999999975575e-01 4.500749295868811117e-01 9.915448236989561348e-01 9.985868161090520889e-01 9.999999999797080097e-01 9.999999999999806821e-01 3.791021977631487516e+00 4.075445839350436472e+00 4.235053209382101613e+00 2.409064717796411514e+00 -2.850475323962768925e-01
9.999999999999987788e-01 7.228215338655435973e-01 9.978751277265449637e-01 9.960070775753083749e-01 9.999999769477917466e-01 9.999999999999741318e-01 6.340282290395975906e+00 8.468552893054265951e+00 7.480699484792353360e+00 5.797831495556806658e+00 -4.300272315805386825e-02
9.999999995436141820e-01 4.857446815925144934e-01 9.991292926687722620e-01 9.987510786157384191e-01 9.835340153405277563e-01 9.999752169954936321e-01 8.986471213850506956e+00 9.813835592089731108e+00 1.301412278595631733e+01 1.069391215326658084e+01 7.352170659041178169e+00
9.999999996734874053e-01 2.126185468460011219e-01 9.970856228140043687e-01 9.982826877163608614e-01 9.999999169693004619e-01 9.999998678861679036e-01 7.386668180540596040e+00 6.986652651345593767e+00 7.030729730038501657e+00 4.252946917366955404e+00 2.501238921500828383e+00
1.000000000000000000e+00 8.400196283907024331e-01 9.997980863998060519e-01 9.999918012606915374e-01 9.999999999859752187e-01 1.000000000000000000e+00 8.327853366303372695e+00 8.921881769405842988e+00 8.402925139208605287e+00 5.996687925054061452e+00 3.290775111120012753e+00
9.999999999999770184e-01 4.508342323153635700e-02 9.999160867782606044e-01 9.998867125889582264e-01 9.999999933133874030e-01 9.999999999956058483e-01 8.910108093346764235e+00 7.990473224297545585e+00 8.144972185894289396e+00 5.653766340012793989e+00 2.039892285832138441e+00
9.999999999999729106e-01 5.593096277436337971e-01 9.692041669075888155e-01 9.743486076623697478e-01 9.999999623660111858e-01 9.999999999995682343e-01 5.058840682235825170e+00 5.297229554996363277e+00 5.934523889339914149e+00 5.425524048415525158e+00 1.244902072032630258e+00
9.999999999968899322e-01 2.571232296557776076e-01 9.879322706471337368e-01 7.794005253661417942e-02 9.999969789163573042e-01 9.999999999292631392e-01 4.874336098031335496e+00 6.450785980530838515e+00 6.245266556512603984e+00 5.170565943024655553e+00 -2.122771834803529600e-01
9.999999999999502620e-01 8.237193936198752287e-01 9.999993169454834963e-01 9.998197883546107168e-01 9.999999999440777332e-01 9.999999999557085406e-01 1.191731475956186159e+01 9.236636261354931321e+00 1.006167482980526984e+01 9.493635373449706094e+00 5.428369940246511760e+00
1.000000000000000000e+00 5.000016122431027998e-01 9.978820680218630779e-01 9.993506338335934602e-01 9.999999999726669753e-01 9.999999999999911182e-01 7.358979494801872079e+00 7.474871982689990091e+00 7.453012717894523576e+00 5.352039091848951102e+00 7.630322684441352976e-01
1.000000000000000000e+00 2.258276142655900598e-01 9.994772274399313927e-01 9.999547469041258907e-01 9.999999826360291832e-01 9.999999999998614442e-01 6.393080831788950036e+00 6.042448950165862698e+00 7.886998427997070849e+00 7.537761534669755292e+00 5.881658021178111539e+00
9.999999999999930056e-01 7.431491330476291957e-01 9.999227097119745000e-01 9.999957917947867037e-01 9.999999805480013215e-01 9.999999999996175282e-01 8.984226341850671815e+00 9.081103766974308655e+00 8.046310122801401121e+00 6.470750662956504584e+00 4.269194395899319261e+00
9.999999999999559241e-01 4.542871845454444779e-01 9.999922641885309327e-01 9.999310552350942904e-01 9.999999774996872759e-01 9.999999999989226396e-01 1.177435967623381430e+01 1.145340817165566705e+01 1.144310294717519128e+01 9.397579894554212387e+00 5.635301320468954600e+00
9.999999999999997780e-01 5.084651455900646155e-01 9.999980743373668712e-01 9.999982626575327771e-01 9.999999999352088276e-01 9.999999999994578781e-01 1.296902570345145023e+01 1.133244026653551373e+01 1.198009243238169574e+01 7.263740548688019771e+00 6.010999099162916082e+00
1.000000000000000000e+00 8.889981164447868789e-01 9.969459071486598267e-01 9.998999713148742918e-01 9.999999999949921170e-01 9.999999999991667776e-01 6.941871505794267705e+00 4.882274761347616732e+00 6.854719414474402583e+00 5.905677040602711259e+00 3.569230292100144197e+00
9.999999999999975575e-01 6.579931603988729005e-01 9.955648428622845270e-01 9.966785066107232138e-01 9.999999998686144309e-01 9.999999999999757971e-01 5.607431823658828307e+00 6.156426015548106534e+00 5.610390035838122458e+00 2.470416207934761132e+00 8.606373128957898189e-01
1.000000000000000000e+00 5.419689717854951905e-01 7.192682082221706352e-01 9.765609995906682217e-01 9.999999999683725216e-01 9.999999999999992228e-01 3.892383307329964737e+00 5.530891712226207346e+00 6.480203126966785021e+00 2.572791771369736580e+00 1.103497479787620250e+00
9.999999999993427480e-01 6.592318357552844343e-01 9.998967363756761095e-01 9.999989064247516435e-01 9.999999810096960040e-01 9.999999872709514070e-01 8.189732314246384703e+00 7.739089010879183661e+00 8.022963396038278461e+00 9.367075341332622429e+00 5.803586032832129149e+00
9.999999999848945276e-01 9.290794522191425653e-02 9.985210239219213246e-01 9.999773366187241219e-01 9.999994822646202097e-01 9.999999989159409353e-01 6.064282951291716017e+00 5.661522357908665981e+00 5.283319705438827896e+00 4.394575102973874436e+00 2.854943902646709830e+00
9.999999999999998890e-01 3.313851954326546556e-01 9.999939594417888156e-01 9.999999145354359076e-01 9.999999993437006518e-01 9.999999996702840788e-01 1.077782971268538859e+01 9.262414711089093089e+00 9.735582957902636281e+00 1.018273073815714724e+01 9.388763624234172767e+00
9.999999999995207167e-01 1.231324223413502450e-01 9.993050991483670709e-01 9.997892540637651759e-01 9.999999997574885446e-01 9.999999999921854732e-01 7.783647996907689048e+00 7.217456663472262335e+00 7.188553829725890409e+00 3.966681988286495653e+00 5.126657563698302056e+00
1.000000000000000000e+00 6.291530046345904514e-01 9.995637414014058031e-01 9.896536879684036947e-01 9.999999999925998084e-01 9.999999999998472333e-01 8.398051165807999041e+00 6.537998265684279886e+00 7.956772409267387047e+00 7.891468498151084532e+00 3.896103203672737436e+00
9.999999999999944489e-01 7.779601170317951286e-04 9.998005640156804041e-01 9.998711675822039568e-01 9.999878551577670027e-01 9.999999999999852340e-01 7.546420753951792904e+00 7.172518364359973475e+00 7.947876460964664602e+00 7.206397038027262170e+00 7.861002400799179668e-01
9.999999999999968914e-01 4.433170757182852695e-01 9.998838375486388541e-01 9.999834136235761228e-01 9.999999349388257741e-01 9.999999999853499411e-01 1.055116139770211703e+01 8.860886868653153670e+00 9.724875717034421996e+00 8.977947841219076963e+00 5.805352011564139048e+00
1.000000000000000000e+00 1.757032290583675493e-01 9.997638968523213654e-01 9.999003095975393940e-01 9.999999999995913269e-01 1.000000000000000000e+00 1.076324335137371691e+01 1.246519910355243610e+01 1.264976856092454227e+01 5.513267076984959658e+00 2.514989590826189669e+00
9.999999999999992228e-01 6.442841088092814417e-01 9.316044827105156578e-01 9.987434931913933278e-01 9.999999999999683586e-01 9.999999999989842570e-01 8.140512138083977334e-02 2.515971910375924381e+00 2.444705384457279251e+00 2.526565704238521448e+00 1.442029084668035921e+00
9.999999999999993339e-01 4.632463988497648177e-02 9.998241668814670247e-01 9.999955813953141925e-01 9.999999998931873302e-01 9.999999999994071409e-01 9.173060855448397888e+00 8.548856789864828443e+00 8.550289125001825141e+00 4.403947969263811046e+00 1.721758271210831026e+00
9.999999996402669789e-01 3.888441656471171015e-01 9.399512014666229209e-01 1.423482578199096737e-01 9.999999928428701113e-01 9.999999923437524751e-01 3.284880303777640620e+00 4.417556858593343350e+00 4.728469585827212995e+00 5.040633257731144568e+00 -1.219259747562091434e-01
9.999999999999215072e-01 1.409888326041994766e-01 9.992934323900346527e-01 9.997321884913709100e-01 9.999999589983711301e-01 9.999999995470073566e-01 8.179195108346561938e+00 8.617679955946584869e+00 8.447042516321801031e+00 4.997474646952639432e+00 1.518193809062950095e+00
9.999999999993876010e-01 3.303638013065254286e-01 9.942572945433955089e-01 9.974073762089186168e-01 9.999999994373360845e-01 9.999999999694287878e-01 4.740144041460325752e+00 4.341900922657089268e+00 4.635693851081441608e+00 3.353581080521905733e+00 9.992577325954812295e-01
9.999999999958091301e-01 6.353505987268246447e-01 9.999954578876723010e-01 9.999950119772144097e-01 9.999989264400739319e-01 9.999999995382963247e-01 1.173234634184802871e+01 9.891575741131532595e+00 1.023766077826883247e+01 9.449005713837721032e+00 8.270632457378439994e+00
9.999999999999813483e-01 9.112875140910462468e-01 9.999989040407172292e-01 9.999575910182130212e-01 9.999999979434516240e-01 9.999999999999947820e-01 1.192781266391892814e+01 1.103999517142580089e+01 1.169172448277350895e+01 7.644603914540653022e+00 2.931428499464516335e+00
9.999999999999993339e-01 3.985163119270942467e-01 9.995139534983240592e-01 9.999368817757876560e-01 9.999999856751234928e-01 9.999999999999916733e-01 7.871520366001561797e+00 6.775239705364356269e+00 7.760081396424652667e+00 6.575177283121604432e+00 2.655388956339379547e+00
9.999999999999997780e-01 7.876627991235178872e-01 9.995876588184363642e-01 9.999744548523521459e-01 9.999999956909527699e-01 9.999999999999729106e-01 8.511551714451627504e+00 9.407697151397655944e+00 8.460199693874358218e+00 6.022080510128148489e+00 1.238350282699514082e+00
1.000000000000000000e+00 9.397218729397865955e-01 9.999511817498860644e-01 9.998916782274911430e-01 9.999999999999995559e-01 1.000000000000000000e+00 1.072817309905371985e+01 7.501429560086307902e+00 1.086937995677362778e+01 1.008765276825533874e+01 3.037691614036134524e+00
9.999999999792383854e-01 2.658199531007072736e-01 9.999739096550422923e-01 9.999702245176584903e-01 9.999998256063420410e-01 9.999999999540272189e-01 6.697052556296398507e+00 7.601911188830570154e+00 8.301373770250052075e+00 9.083866316956061837e+00 4.273442356706311784e+00
9.999999999997678524e-01 9.420973773761938119e-01 9.997760119390856071e-01 9.940466213255199079e-01 9.999998670080613161e-01 9.999999999062363365e-01 1.051657357798040948e+01 1.154833997964726677e+01 1.270601278753520091e+01 7.387253046917521715e+00 1.619189254638683906e+00
