7.897184575511145832e-01 5.127136565541549063e-01 5.706738721247522905e-01 6.791810011366495869e-01 2.969698542442666955e-03 6.937655049547879482e-01 5.854348252790373408e-01 8.881001501704304246e-01 1.084406490868104811e+00 2.443273308542302402e+00 2.305244088619701870e+00
9.806361709980314645e-01 6.702419550351998989e-01 6.123615289039469056e-01 6.726369472298142638e-01 1.000000000000000000e+00 9.560266904953910183e-01 1.714571494456777145e+00 3.163209776445228272e+00 2.609264187452879469e+00 3.273732648383429478e+00 1.462049628902548193e+00
6.706196832041151357e-01 4.690578110108046817e-01 4.335135108106090707e-01 2.130267511856956952e-01 9.619418573654521243e-01 7.021052313466311645e-01 1.165216550566469778e+00 1.170688779037845961e+00 1.335587561987097160e+00 1.159030280300726190e+00 5.748688555073613315e-01
9.981116769098369312e-01 9.597976731643869108e-01 6.191983272562668894e-01 4.191035796261958213e-01 9.989033661747011017e-01 9.934915859858398646e-01 -5.374829150958362334e-01 4.297938385252564331e-01 1.840011075785810135e-01 -3.964174903010757589e-01 7.786566013853644108e-01
9.541673736312460408e-01 9.810087036709388419e-01 9.868428742570086731e-01 8.707884482944421300e-01 9.808900702866982790e-01 9.986318889343654970e-01 -7.886604357921100927e-01 -1.208763339638892376e+00 -1.159267814712848121e+00 -1.599762559227997372e+00 -3.404515993279346731e-01
4.109829258610890879e-01 6.087511077041634078e-01 3.602221361974415892e-01 3.874531980460657055e-01 4.659729477417789978e-01 5.721421866241571674e-01 8.026882215685873234e-01 6.152163172947098246e-01 7.483917875078418547e-01 1.273491147650190669e+00 1.179912624440248692e+00
9.990813382942816956e-01 8.050583047268575765e-01 5.105329659135434683e-01 8.261828391958551121e-01 9.789378074606941427e-01 9.999455626983373424e-01 5.258126975973596018e-01 1.049439157475262618e+00 7.980263270814589305e-01 1.034566680655473192e+00 4.236428271300951565e-01
9.895466123182958817e-01 3.433071664724739458e-01 8.982058951195769358e-01 9.698726930511956112e-01 9.886568779820334996e-01 9.712076922820376268e-01 1.427099693541208580e+00 1.984549345505854490e+00 2.004089474591808084e+00 6.694172980917869609e-01 6.428138963609626444e-01
9.961649436467309160e-01 5.863790469209912981e-01 9.637857511920361331e-01 9.698959906094528627e-01 9.977092860814334996e-01 9.998126138830326637e-01 2.562821711716992468e+00 3.515040865268986181e+00 2.637785743036317854e+00 2.868674198208225334e+00 2.103629721269726360e+00
9.128918572607753745e-01 9.220566304177807426e-01 8.798673844068990446e-01 6.605457687726468130e-01 9.561274435453107623e-01 8.647021112702222290e-01 2.241216671376719205e+00 2.674037463646982360e+00 2.125087082640789049e+00 2.184949819260168624e+00 1.835688773923834560e+00
9.629941167318669670e-01 8.733281364351770382e-01 5.500670728769561091e-01 6.727328799468690335e-03 9.847772054036552092e-01 9.744609099375920458e-01 -3.561371604961323101e-01 3.538694899581287245e-01 7.776382450091432474e-01 1.121340122569336017e+00 6.654592558599006225e-01
9.731884483566982658e-01 6.910841283817068526e-01 7.623806960619885498e-01 5.925197865634397321e-01 9.678658150902499369e-01 9.216233213344855457e-01 3.378960321155545898e+00 2.817077933068446782e+00 2.672989243914173585e+00 1.647010233241473998e+00 6.764093991162098973e-01
9.490779462619809426e-01 1.938448033119708480e-01 9.311655882734626299e-01 8.706826248134669211e-01 8.807727755177662265e-01 9.596518255839253664e-01 1.765321501429525597e+00 1.380968406007639260e+00 1.711865019486197070e+00 2.381981936925512855e+00 3.019476720828777161e+00
8.278861327580004925e-01 6.875734477713564274e-01 4.380462007509743350e-01 7.252694313516105939e-01 3.523995966619184461e-01 7.939206999522282482e-01 1.593257987777064955e+00 3.030413900934206595e+00 2.373573593422008798e+00 2.493758362173934984e+00 1.426242239204441375e+00
9.912175164155672125e-01 9.950576495086433937e-01 9.560293302921959446e-01 8.946155751014839286e-01 9.923485253073242029e-01 9.893132265852193630e-01 3.168294636634186645e+00 2.135337236543819017e+00 2.161180240461817448e+00 3.223299679149363328e+00 1.755269147579667788e+00
9.948629413833278701e-01 3.241116422997787350e-01 7.389479649497525671e-01 7.105495236900788436e-01 9.900377957899767489e-01 9.985117479961685971e-01 1.954619535734138935e+00 3.166422844841576989e+00 2.725538065740352067e+00 1.723921598079925843e+00 2.327267236148600205e-01
9.996657511229397608e-01 9.100595688667788563e-01 9.984433951800323337e-01 9.951758551689247057e-01 9.915317840997849297e-01 9.979967328201919674e-01 6.255953117425860910e+00 5.556770353894307846e+00 6.432152370889411941e+00 5.398361573978604611e+00 2.605126995429259296e+00
9.586296016997257752e-01 3.243712994450859144e-01 8.502498227105113049e-01 6.890746374411483854e-01 9.210985418537602776e-01 1.000000000000000000e+00 1.671731812794917005e+00 1.776619579548139427e+00 2.136729424110114905e+00 2.464320568815480783e+00 4.436365800499174838e+00
9.984291201523071146e-01 8.616688165836323687e-01 5.062903544821215629e-01 8.735456769792036003e-01 9.995008005458582145e-01 9.997890801415363349e-01 2.148002873801715396e-01 1.665835967373425319e+00 3.552488913165916529e-01 5.842565757561715145e-01 3.769077498297974671e-01
9.996458524485232200e-01 7.688564401708589680e-01 7.081217911206402205e-01 9.653836352459991277e-01 9.145853216285430021e-01 9.995394012713162413e-01 1.346427616990467868e+00 1.828141609622207397e+00 1.468721945039476395e+00 1.931003370497421656e+00 2.057087203889864213e+00
9.992054058235856351e-01 8.976450228714204504e-01 9.311974741418340695e-01 9.602603523787498485e-01 9.968351332469888026e-01 9.990413060532137290e-01 2.104964273391999541e+00 2.872999843165132461e+00 3.074468827333873833e+00 3.325225834568584560e+00 2.167770457090909986e+00
9.992189114043467102e-01 9.460543962582116384e-01 9.947909159382282152e-01 9.966423515446624082e-01 9.975905450121047569e-01 9.976802929568507894e-01 3.664290376330427534e+00 6.732647185766609255e-01 7.629604043194149199e-01 1.596301425919648409e+00 1.247770919451852478e+00
9.948310784714243793e-01 4.615640253605624022e-02 8.395738757566426624e-01 8.681935663782736068e-01 1.000000000000000000e+00 9.928340949542598937e-01 1.705419711747879319e+00 2.521810330304333547e+00 3.926409027553745545e+00 4.631782732573583417e+00 6.242001816722790863e-01
9.956431190315586655e-01 4.842106748613849154e-01 1.484361314203628268e-01 1.332923100636348446e-01 9.866806996386909834e-01 9.765895292339120681e-01 1.188032495601476057e+00 1.328385318633593215e+00 1.269059032210748228e+00 1.160963498907449321e+00 5.743380252831684629e-01
9.934404310034097296e-01 7.141187807362572304e-01 3.531166004229239208e-01 6.928164991229236458e-01 8.033125631448920778e-01 9.721035489634850535e-01 -4.866911741667081515e-01 6.092630560250995586e-01 -9.364712786123163824e-02 5.406227408864765493e-01 2.479749826948193459e+00
9.989251650503424562e-01 8.587131485220094174e-01 4.442688805296256538e-01 1.000000000000000000e+00 9.996309125810175500e-01 9.999471981645139396e-01 1.261662533300750511e+00 1.241679060114392996e+00 1.632108419011160549e+00 2.175236834440397615e+00 -8.613401101069371180e-01
8.289706832712050444e-01 9.588361943435160795e-01 8.173473962403883242e-01 8.331309675689327898e-01 9.932169323761079749e-01 8.552430033973605905e-01 -1.913218612299772303e+00 -6.780489820822026559e-01 -1.087793677360878064e+00 1.344267801415526264e-01 -9.287923965928257530e-03
9.994928695467441004e-01 9.735792120033196495e-01 3.400395979716468453e-01 5.692270193035974257e-01 9.986271505689977568e-01 9.950516751017501882e-01 7.563383017927094443e-01 1.028353645450010845e+00 1.055895954726736363e+00 1.073645750243088060e+00 2.358904925919773632e-01
9.591429170718304142e-01 4.055619878599667771e-01 7.942076489556968433e-01 8.284668870708493671e-01 7.238486578819306461e-01 9.738177799453108241e-01 3.068283768654396226e-01 -1.338673516840458433e-01 -3.082489652776416733e-01 -1.879902806411450911e-01 -2.912871365087994491e-01
9.736216450540826628e-01 4.433808146155245877e-01 8.693868431037572453e-01 6.028441209808897971e-01 8.700319514836758472e-01 9.120050981253798872e-01 4.792811082158436875e-01 9.160247011803903661e-01 1.229174954185566548e+00 2.027042636228770789e+00 1.734790851569812276e+00
9.019444969764782716e-01 2.128296091882598828e-01 4.369905149962710622e-01 1.000000000000000000e+00 8.920358126016161293e-01 9.168005906936236293e-01 1.474624722534827015e+00 1.773370351164601288e+00 1.887629461086135052e+00 1.236458946694312999e+00 1.537542053667948494e-01
9.836179389427835984e-01 9.355030355163049816e-01 9.238434488942021128e-01 6.858249921305836772e-01 8.752846441169257474e-01 9.619866047387689578e-01 2.591579108501946394e+00 2.412342337943414350e+00 3.094427364422131177e+00 3.473589932654078893e+00 1.663488703643679401e+00
9.884791642177268578e-01 2.988191385955772938e-01 6.681738281743208052e-01 7.551000947583537126e-01 9.615678604102029237e-01 9.942515007432443097e-01 1.539737940527970750e+00 1.879356803267967280e+00 1.727025449769257648e+00 1.200657829587839842e+00 -1.217874322476291127e-01
9.952196094563167117e-01 5.630690725430798071e-01 4.998872620688421531e-02 1.000000000000000000e+00 9.629629751905605106e-01 9.957897269922875161e-01 1.652049905096191651e+00 1.506798176590564253e+00 1.654416475207142412e+00 1.355599367596255433e+00 1.209755380709225392e-01
2.709284760130794556e-01 5.883265664131533956e-01 9.513195555815375792e-01 8.772727625398725193e-01 3.030658851053091851e-02 2.154267418591438998e-01 5.618724470806455429e-01 3.903420654004889911e-01 5.645550532539687083e-01 7.830899053070652371e-01 2.927620396674797121e-01
9.962368558937984009e-01 1.591752257198638665e-01 5.641839222031659329e-01 5.272689958295819768e-01 9.952067685824990129e-01 9.966425914555280263e-01 3.480154702793356591e-01 4.890799167412751558e-01 2.286222584104962152e-01 -3.958081092856104988e-01 -4.034980195081061538e-02
9.967883777864983141e-01 1.979035598839917753e-01 8.599405516421694262e-01 8.606191474526065921e-01 9.210029813315778746e-01 9.952431198810151036e-01 1.389055308139631961e+00 2.758146926692006673e+00 3.780482775306211352e+00 4.861168869724224351e+00 4.701468033744163222e+00
9.990357501842145327e-01 5.379436439808920056e-01 8.353547088017609923e-01 1.142365457118479366e-01 9.996909913899258981e-01 9.965955809515973929e-01 1.410130974614617116e+00 7.850833929519467347e-01 1.303298817732468251e+00 1.570427640758566668e+00 -8.545347325872398869e-02
1.455137485808992714e-01 9.116859071551748350e-01 9.714127144959324722e-01 9.820197997574635629e-01 1.000000000000000000e+00 8.767414920394085431e-01 7.138699680061222352e-01 3.182992274617504336e-01 8.626210709342672089e-01 1.382919026874731117e+00 2.540073656946901792e-01
6.591763907169719827e-01 5.599690017610918780e-01 2.550101140275533584e-01 7.927166085335493051e-01 6.245831889258264269e-01 1.000000000000000000e+00 4.325721564362083882e-02 8.130574962028163100e-01 1.021433117485912589e-01 6.086931179490306931e-01 1.891015651566476663e+00
9.687640186308495993e-01 8.859385868505189610e-01 9.180642664006901654e-01 9.962366873920609489e-01 9.600033750325305260e-01 9.706361517225868818e-01 6.623526920563449494e-01 1.010781767112462148e+00 1.015160169577029592e+00 2.026760650587732471e+00 1.922512808753310765e+00
9.987440765814762367e-01 9.206029903206068843e-01 9.795605351733992494e-01 9.549186917473471148e-01 9.991296421800109906e-01 9.994229790167733496e-01 3.640583352361488778e+00 2.556976756504866444e+00 2.686400350861447350e+00 1.744657732380630932e+00 3.649054706748415811e-01
9.962814952904461840e-01 9.871619598131697870e-01 9.743694576808090702e-01 9.805095199435848174e-01 9.686849642727802800e-01 9.966315884599042940e-01 8.115942621253680045e-02 1.595271721445840285e+00 9.330072444409438503e-01 2.239724063807670973e-01 5.960647417296627282e-01
8.877200374950033890e-01 5.704269197688935922e-01 8.923222213778466694e-01 9.548838847993770251e-01 1.000000000000000000e+00 8.989758981739713883e-01 1.811131336251378343e+00 1.588002676900771348e+00 1.887016168184743492e+00 2.539921344943252279e+00 1.751658393860282104e+00
9.709591540254748354e-01 8.365019996152988080e-01 8.724222427409097369e-01 9.285472847997424672e-01 1.000000000000000000e+00 3.940712500837069143e-01 3.164600671736025106e+00 2.676011127014078284e+00 4.512402021249101836e+00 5.876386128420733712e+00 2.587520169427591554e+00
9.989495297854460443e-01 9.868552545965607603e-01 7.784954492882094623e-01 7.359879122156575137e-01 9.996518355818884149e-01 9.992948311509241011e-01 2.552320602570546271e+00 1.377289819558939143e+00 1.550121495352129841e+00 2.465616957419626942e+00 -1.989351899820235303e-01
9.491839509381239104e-01 3.214427663894466880e-01 8.379158529295274160e-01 8.228017756137954164e-01 6.672147954667975167e-01 9.841348183665119542e-01 2.122369496075236839e+00 2.212368026768672280e+00 2.300352162464037065e+00 1.741914857984340870e+00 4.009855749547455162e-01
5.255724736062574731e-01 8.436812488613922856e-01 5.947752526976342047e-01 8.123560709822521542e-01 1.136977194316901585e-01 8.793881619739764011e-01 1.079307349620023615e+00 1.588026700766249633e+00 1.095339906957690346e+00 1.759794729973691574e+00 9.212300059445510669e-01
8.592459895722679430e-01 5.264799066703271802e-01 1.293664213907977922e-01 1.379206674239947805e-01 9.363923316981958012e-01 8.847656002596820946e-01 -1.026523024217453894e-01 -2.419681814944851794e-01 3.623664474021097703e-01 6.919368734722866066e-01 -7.625395307438225245e-01
9.994429014629181429e-01 6.698360460981511721e-02 5.757376777028064829e-01 2.518218171786429371e-01 9.631443640837670239e-01 9.973065097080057173e-01 1.634161075897679893e+00 2.067398151236773174e+00 2.408740227896032593e+00 1.867478303935797612e+00 1.663454137072903904e+00
9.790985902808708730e-01 7.450188690267580682e-01 8.350082412927770648e-01 3.979808453273261382e-01 9.638276744294590470e-01 9.973204134211881566e-01 8.889949149984772703e-01 5.208222663736705726e-01 9.854218205776987816e-01 1.377377026227065926e+00 -3.126143644785770448e-01
9.794252800600017350e-01 7.972390621635836450e-01 9.822730909775958530e-01 9.460012322235897830e-01 9.901282699631914763e-01 1.000000000000000000e+00 3.521496060417462104e+00 2.356808556998998938e+00 3.070308325362304913e+00 3.619809879705258027e+00 5.139946380691071681e+00
9.291176976284513112e-01 1.051125427226300424e-01 7.875163583797584188e-03 6.096247944563981669e-03 1.805695301571517142e-01 1.000000000000000000e+00 2.333735634515505808e-01 1.384508616913763035e+00 1.350485399964838962e+00 1.272680872662306228e+00 1.250837030601303468e+00
9.999898156828409546e-01 8.299943965548564062e-01 9.694898858361439276e-01 9.630429231869734874e-01 9.999065391626720256e-01 9.999602741099823389e-01 4.570496344344462614e+00 5.214385290380675997e+00 4.526595102912665425e+00 2.104262303311827509e+00 9.176077908536512950e-01
9.699843344608356510e-01 1.934198722688710292e-01 2.097107348092663859e-02 1.000000000000000000e+00 9.940380150014296312e-01 9.448337660599220866e-01 1.408348015149783805e+00 1.531187249182494270e+00 1.610617323736278195e+00 1.224666783205179854e+00 3.223346264158521990e-01
9.998113264750124740e-01 7.377418481479633972e-01 6.631515962106454554e-01 9.119062033250280308e-01 9.754416569078653287e-01 9.998521625826386483e-01 1.970848040283101454e+00 2.653478369530091641e+00 2.339465637502769368e+00 2.591542812750503799e+00 3.332975535990897242e+00
7.214991816975231398e-01 5.788157989717057639e-01 4.550452225337242584e-01 1.984875654124343969e-01 8.256956726926774071e-01 5.981246711077475853e-01 1.550762345023201760e+00 1.362459189571552542e+00 1.724670933639913528e+00 2.164933229569555806e+00 8.221123233379330486e-01
9.993307381211432583e-01 9.470039885209047270e-01 6.719901069122764525e-01 9.662987787711577736e-01 9.992743890182347322e-01 9.998604780350075494e-01 -9.395097388498925284e-01 -2.818307437697740170e-01 -1.995051428627903078e-01 8.786381469537332123e-01 2.567579769105748255e+00
7.820139511049880587e-01 1.104226824483462988e-01 5.730082998293435370e-01 2.581910359104666597e-02 1.000000000000000000e+00 8.812599833097926050e-01 7.522093487995675787e-01 7.169591702106572484e-01 1.409700029653890851e+00 1.951978678966611369e+00 8.075619201721337959e-01
5.436722816365331390e-01 7.875373848813214117e-01 7.315762709453150769e-01 6.202493940997386712e-01 2.552159911294394901e-01 8.191791422920325916e-01 1.027763182584465085e+00 1.663847643952522048e+00 2.060839353612379909e+00 2.360351944018191261e+00 -2.487265960392619490e-01
9.971558838755177900e-01 1.210408975942836030e-01 8.482730806112567246e-01 9.549901686132494794e-01 9.576413299726399542e-01 9.965574350766307488e-01 2.499531753810231294e+00 2.440740106268890486e+00 2.189756268475662182e+00 2.222723488718884255e+00 2.393696476290529063e+00
9.080038498494154009e-01 6.426998688972209717e-01 5.865258731718940854e-01 1.000000000000000000e+00 8.081014981959599996e-01 9.036342180955286851e-01 1.632915535140853081e+00 1.635823921290864291e+00 2.458492520712582063e+00 3.100511073770292114e+00 5.047137400986230205e-01
9.998102414979892494e-01 8.350134687587142945e-01 7.126332820612002461e-01 9.653736090863784813e-01 9.990865243213638003e-01 9.996724835808478149e-01 1.359200585829569263e+00 1.448364097041633158e+00 1.260526534146947597e+00 2.000366603381451114e+00 2.065379565645798721e+00
6.371903119039841190e-01 8.144427980831179248e-01 9.281013419328799641e-01 8.522415655380024546e-01 9.605591800850799000e-01 9.240043125996710849e-01 1.439771924261606273e+00 7.725970484634103741e-01 7.714572402508679261e-01 2.679585923941658621e-01 2.458855389319296592e-01
9.996325552493038336e-01 8.143135343452045927e-01 8.929343273360053068e-01 5.038486954300903653e-01 9.988778352965754781e-01 9.998706177509002480e-01 2.247052594726653751e+00 1.768521329731697733e+00 1.850903923588077760e+00 2.556000088282075922e+00 2.849519373573912162e-01
9.956934525252632007e-01 1.267388757960525858e-01 6.459239113077133165e-01 1.231144878245418184e-01 9.744467099909903673e-01 8.717132431329290831e-01 9.547902742738756388e-01 8.018035073886267128e-01 1.361053862343339915e+00 2.080236502506636498e+00 1.057416591390904159e+00
9.533161540802492784e-01 3.039262028227984747e-02 1.445587072852508870e-01 1.000000000000000000e+00 5.821426922916856928e-01 9.585786239170679401e-01 1.379843494762837963e+00 1.647336029570851679e+00 1.720446109578347205e+00 1.195448223500591212e+00 2.340964484642995558e-01
1.138293185353059789e-01 1.829890238660069057e-01 1.795930715758704554e-01 4.352371201480187413e-02 1.317495149029237478e-01 3.020988427663856557e-01 8.765194267186871002e-01 1.520750919973693271e+00 1.508617563369853087e+00 2.324768125863954538e+00 1.496863276793362729e+00
9.971358987976354227e-01 9.850472260175306971e-01 7.780881380474324871e-01 6.351218738808179776e-01 9.974485835868487360e-01 9.976992895171404863e-01 1.802892026059112141e+00 1.153091850179635003e+00 1.398133894174407033e+00 1.711772757710548376e+00 -2.169645900835348584e-01
8.357488178147223223e-01 1.213108200728616470e-01 7.531439859472435217e-01 6.128187117320051946e-01 7.849113041483689601e-01 9.318779251627675730e-01 1.429210278283790103e+00 1.402848603529093907e+00 1.441058219878243563e+00 2.019068684971159655e+00 9.982192025845506578e-01
9.963268949728706358e-01 4.877849293527025676e-02 9.303461786419154889e-01 9.913885269744878714e-01 9.868296265743230489e-01 9.764387114746568841e-01 2.145203109921794749e+00 1.644941390609403697e+00 1.785416941772496102e+00 1.666740941697241851e+00 2.956695031434037446e+00
9.624203304984046969e-01 1.497016686904333316e-01 8.685941842064746066e-01 8.292223327594125948e-01 8.696152656360962574e-01 8.907470576023728270e-01 1.896606596097740294e+00 2.059622400796058628e+00 2.065832428419582811e+00 1.994547915613054556e+00 1.651593207213352343e+00
9.985692185792861553e-01 7.940775038836058730e-01 9.699283532641974626e-01 9.739734227216633178e-01 9.908012447250053034e-01 9.881803659130582451e-01 3.630161834697730683e+00 1.879209140757097884e+00 2.266442157909295929e+00 2.391489674821798417e+00 2.533801715103379593e+00
7.703458231769761966e-01 5.640236033738998955e-01 6.171183685997219115e-01 6.877772039669143300e-01 3.717484122016777581e-01 9.110903503378910973e-01 8.688809753272721537e-01 2.075436937772337842e+00 1.110566374121049193e+00 3.591002996568363415e+00 3.869897906480844085e+00
9.895699766146655030e-01 5.671428415901899056e-01 9.717899930809905662e-01 9.476873976481631212e-01 9.899082900933360296e-01 9.736482217986426324e-01 2.800534179087662778e+00 3.525768849385315207e+00 3.582650999902398326e+00 4.723884015526607527e+00 3.935956879575257972e+00
6.360383714320558823e-01 9.479775687461625688e-01 7.272125574756188593e-01 7.278923912863701773e-01 9.017876263243757018e-01 7.382220284040228453e-01 -1.140322089770563707e+00 -3.451041580507308026e-02 -1.210663566114533296e+00 9.186643888483558840e-02 -4.397088678661020822e-01
9.722992471723154173e-01 5.352458727526923088e-01 9.463093027964800674e-01 9.287594566989172407e-01 9.675114876070851633e-01 9.739838422999369527e-01 1.861494222564715528e+00 1.441121782037669163e+00 1.530251906696719288e+00 1.274816496612686478e+00 1.805719183479425283e+00
9.858957894130863098e-01 7.673374568186372979e-01 9.947935170109913905e-01 8.689185937856886977e-01 9.906404235447926476e-01 9.752742763062582920e-01 1.231260657903874289e+00 -3.714005310087031830e-02 7.857002692071546335e-01 1.231481878536101249e+00 1.336238459131038780e+00
3.648824912828493305e-01 9.618050245620232142e-01 5.237297041451668411e-01 1.286212645028479429e-01 7.909226945498963879e-01 5.523121037458966764e-02 -1.099429078256491721e+00 -6.731913651998979731e-01 -7.986652506990594702e-01 -7.559993357548933091e-01 1.318132927663100418e+00
9.787824331297366731e-01 7.319970983849610757e-02 2.653440190859435166e-01 2.688880551165050425e-01 9.920940658280956725e-01 9.943815918141513110e-01 5.281304870339909030e-01 5.995419914269746187e-01 7.612943466534147774e-01 5.415641243104687419e-01 -5.318972610756986796e-01
8.938437632182719694e-01 1.443177448901326043e-01 8.159192907774559522e-01 8.482414440931452804e-01 3.105024680248456015e-01 1.000000000000000000e+00 2.771337899323498277e-01 7.031611372100314838e-01 8.465871388326604574e-01 9.844323280794355924e-01 1.788476372042907769e+00
9.995775442943301003e-01 6.852212507734083413e-01 9.358499533069110088e-01 9.467345450175588262e-01 9.973711513219989389e-01 9.996973765364346454e-01 2.853052525676218920e+00 1.532905330418941503e+00 1.944202250465593806e+00 1.278630695353967894e+00 5.530403536437802359e-01
9.474252721057154769e-01 8.903419658545314030e-01 8.519327973768844320e-01 6.830769502638365243e-01 9.535831958685143661e-01 9.482612231189917473e-01 3.261360744807006995e-01 4.565009114401732404e-01 7.368611102104409838e-01 1.140945835948798504e+00 2.434303906695731712e+00
7.744093621948666684e-01 9.874102821084507209e-01 9.714310460358659416e-01 9.819353980973279938e-01 9.341912237561736942e-01 9.047323045404233044e-01 -6.895235764321228089e-01 -1.718505019138888201e+00 -2.001298283742585227e+00 -4.932584963117960797e-01 1.961735143464125031e-01
9.882326460861939887e-01 2.143873154860531649e-01 5.493905217257203377e-01 3.691922641933587101e-02 9.786186662641763734e-01 9.960271729822227638e-01 9.377865101292854888e-01 6.641252721116188695e-01 9.715014080048263168e-01 1.116636941768717861e+00 4.131830423304450051e-01
4.839216578830529691e-02 3.506307229073267751e-01 6.730355032632149292e-01 5.999600034873104892e-01 1.000000000000000000e+00 8.746255956856657798e-01 4.444923886778155975e-01 1.050913914253840176e+00 1.293643581682658805e+00 1.617295517065144850e+00 1.158141651509197345e+00
9.883260353850736868e-01 5.769912261070546666e-01 8.637818969574553307e-01 8.703136863463446504e-01 9.752912978352913376e-01 9.853491460767187515e-01 1.530460493059081273e+00 7.842161491328738521e-01 9.750710130886659499e-01 1.044940255836763754e+00 5.689222813779224452e-01
9.696001368984055180e-01 9.331571849598920831e-01 9.866956769925465665e-01 9.717993021417018484e-01 9.749326599792793591e-01 4.114293373191716396e-01 3.253822360223125543e+00 2.084173883846858644e+00 2.208385035485775916e+00 1.284220089286520761e+00 3.078952625732995330e+00
8.084538465972881394e-01 7.576952970429469136e-01 9.573725078358343854e-01 9.709926058139373151e-01 1.000000000000000000e+00 6.127346648858360556e-01 1.820616366693457167e+00 2.698356414302338635e+00 3.374592834294219301e+00 3.247325361097750829e+00 6.990972107915354172e-01
9.741121604763237629e-01 7.954393803555300790e-01 8.962532363461938045e-01 9.438881493828384928e-01 9.830590344433206562e-01 9.819155118486941891e-01 1.994064837335542961e+00 1.903799299412582968e+00 2.350190051909180511e+00 2.292263710551196709e+00 2.950053069354453328e+00
9.455320773118228717e-01 5.216433073572126489e-01 9.365903317144421703e-01 9.310557511329869973e-01 9.266067498980563588e-01 5.569769751501474353e-01 2.081091020942892555e+00 2.125372990419577945e+00 2.310358548529734435e+00 2.609168423179653473e+00 3.993971239548784524e+00
9.999975149552015052e-01 9.554415014328717648e-01 9.808577880033557683e-01 7.091444221314241458e-01 9.999706195715886148e-01 9.999998936163477792e-01 3.088677014418522049e+00 1.621289788407523247e+00 1.765796613222107680e+00 2.028309736330584201e+00 -5.585430431676741136e-02
4.416056818190551292e-01 2.844227593101956719e-01 5.634902298082735683e-01 4.159192064039025638e-01 8.990285157831959806e-01 3.929879628747690035e-03 1.104665398300483048e+00 1.306118265396037259e+00 1.216972324965865937e+00 1.467670669332335365e+00 2.435569146397995155e+00
9.998677210412791894e-01 5.291931877213235103e-01 9.570659596188104690e-01 3.665852148728048210e-01 9.995539744083905553e-01 9.956461020688256447e-01 1.818295984512474206e+00 1.302549791023352554e+00 1.378068791400153259e+00 5.277292426569601957e-01 8.459313162346688841e-01
9.994029953713714498e-01 3.510210953922734411e-01 9.924368538058608857e-01 9.916675358414973607e-01 9.633403048077642250e-01 9.886839674911160891e-01 2.438552089663801326e+00 1.430413637176400243e+00 2.833519167837664554e+00 4.032406989366165817e+00 3.123533857729739793e+00
9.999025251199282760e-01 5.988268411196991936e-01 9.425299561874607157e-01 9.152467483361209633e-01 9.995145161887613039e-01 9.995510464426906605e-01 3.601381565511928784e+00 2.479609757245668789e+00 2.703224954018821791e+00 1.872627970613848447e+00 1.206442106896417954e+00
8.937590527434556842e-01 6.264241708298858846e-01 3.895267806699447277e-01 3.636626992967860739e-01 3.400703861696150465e-01 9.931022168116194759e-01 -4.485030743846891710e-01 3.305557283777034172e-01 7.368385790870775054e-01 1.410729752348117927e+00 -4.747177923918570741e-01
8.568790309231641977e-01 6.558127828535589288e-01 7.230271209816416800e-01 8.483188036361839490e-01 9.436927511590045281e-01 8.096707230691378987e-01 1.385986639890177230e+00 1.125110214321978219e+00 1.133942968931137329e+00 2.986960719523494845e-01 5.463057975890706075e-01
9.458713240399682087e-01 9.988184174369992840e-01 9.712542523961871233e-01 9.364193109236339518e-01 9.850339463353309233e-01 8.259753204139099747e-01 -1.070946333160804897e+00 -1.577063346196723614e+00 -2.508781016231523608e+00 -3.170022368191666828e+00 3.772515672613963034e-02
9.357564836061166291e-01 4.424399739323811032e-01 9.782823226441058617e-01 9.793012586321230284e-01 7.672583452550085781e-01 9.263947478334805252e-01 1.188001184926520182e+00 2.676564074839120622e-01 7.925325581636570860e-01 1.136812303900569532e+00 1.903260655562348802e+00
9.970109969521844251e-01 3.550356226625523970e-01 8.752769800829488522e-01 9.770165189968602615e-01 9.831211583416230582e-01 9.684087068598102865e-01 2.445001762384549693e+00 2.773528769694280527e+00 2.207596968248765279e+00 1.653393851268333492e+00 2.554514591586212191e+00
9.528764466769944486e-01 3.087546038002561000e-01 8.656794437723427382e-01 5.213669258131357065e-01 5.620789917174360273e-01 6.770698424476384591e-02 5.435302763178242458e-01 1.588801803327953621e+00 2.119281051628377099e+00 2.522673529554879224e+00 2.013752602117619972e+00
9.983297637277669390e-01 6.084736796433709571e-02 6.127410928277614577e-01 7.863336536760408002e-01 9.764987341689677081e-01 9.857248093942015954e-01 1.000470802323775388e+00 1.565007226981379063e+00 1.577551843099797679e+00 1.549094662743186746e+00 1.478351426192148210e+00
9.108700438477655981e-01 8.269671491697017096e-01 9.425595354404799897e-01 9.102758317938481891e-01 1.374852974926525917e-01 9.542071333416490830e-01 2.313996122821663448e+00 4.301924413813082992e+00 3.740838640352478706e+00 3.585535976998642127e+00 2.521488151423795898e+00
5.943218221889561281e-01 5.954335466769831164e-01 3.294254579547054584e-01 1.638816489579384417e-01 9.452578432126500507e-01 7.806468480222830131e-01 -1.270932655776277898e-01 4.925072972250745806e-01 6.513294224942569599e-01 1.088826612825812390e+00 1.064628327173124944e+00
9.942920029848631991e-01 2.312552865808468194e-01 7.256879708786483363e-01 6.603575877264195038e-01 8.947638469001888417e-01 8.648802330524320015e-01 2.291933019828604756e+00 2.569212214276035411e+00 3.171475277210902277e+00 3.045332833461145583e+00 4.861529782081220219e+00
7.887718074877575480e-01 5.775542064494874062e-01 7.987242116136723524e-01 9.203065504123466578e-01 6.594326302238329163e-01 4.060171921839312859e-01 1.624502588196548913e+00 1.914990563197193296e+00 1.242695153393128749e+00 8.628952194148382659e-01 1.499125908828261799e+00
9.952729879812827196e-01 3.580365201431365829e-01 9.173237853515714413e-01 8.558737032088108432e-01 9.969730780242089807e-01 9.779187140334841821e-01 7.115182889401694410e-02 7.165631873174334032e-01 9.602863067958651300e-01 1.421087920870604648e+00 1.825487965535160129e+00
9.835616346431567125e-01 3.439385453131497128e-01 5.373165137355724319e-01 7.910881985419389029e-01 3.505388517579455243e-02 9.918806265215576179e-01 5.842813810267557528e-01 1.119437491877533830e+00 1.575598069098305132e+00 1.881658111416072643e+00 2.689516240710361217e+00
9.962107058465837772e-01 6.518771356950190388e-01 3.924819815134986678e-01 9.406884173807047445e-01 9.972265318463173767e-01 9.997291353186096297e-01 1.964827142330705101e-02 8.583107919316148582e-01 4.816607945449504768e-01 -4.482386722430646842e-01 -1.208947054808220400e+00
9.666000874594934400e-01 1.231493915477606116e-01 8.125554400612498007e-01 9.276287634937188109e-01 9.408487221014867341e-01 7.968766300288243620e-02 1.615870850878991405e+00 1.583192101295026077e+00 1.336284333968819737e+00 7.064354651855069278e-01 2.592643748120906366e+00
9.917329857313359476e-01 9.690005241308904393e-01 8.347748062096078669e-01 9.581973871220051953e-01 9.896634319968573568e-01 9.898303519246856030e-01 2.197756642010517680e-01 9.743574577714753104e-01 3.553765936794661684e-01 1.078478256472919838e+00 2.029941326712958016e+00
9.885201580137938926e-01 8.366783215358135628e-01 8.748392038698402651e-01 9.139216086896283509e-01 9.853281410884824343e-01 9.918662174281863697e-01 9.121914617912807444e-02 9.938769835690663967e-01 5.349994752058364611e-01 1.833481074682083545e+00 1.228767089008783842e+00
7.720554352376400864e-01 1.305861743373085693e-01 5.313419804136387814e-01 3.152106746599090403e-01 5.954409494946870662e-01 8.779346709996227460e-01 4.031320420158408524e-01 8.790499319796936106e-01 8.091803165862643255e-01 6.862234391819015400e-01 1.341182633899506982e-02
9.944481865085871286e-01 1.225375810170219459e-01 3.596903401047683024e-01 1.000000000000000000e+00 9.738428271127481661e-01 9.961070104759383037e-01 1.536666412846670937e+00 1.893370110485477653e+00 2.082643590409247736e+00 2.277927833735986951e+00 1.718929128282411511e-01
9.974924115362047150e-01 5.538913855781307793e-01 9.876916786260927505e-01 9.927770066730894349e-01 9.781459238832098668e-01 6.754178739215623839e-01 2.641838280148817830e+00 1.249584342350544830e+00 1.401380491729980804e+00 1.791158388416931757e+00 3.772059417869115805e+00
9.313164067534226431e-01 9.550023594576513286e-01 8.762723462393569029e-01 9.841041066044313723e-01 8.422773934323177780e-01 9.797080735118582906e-01 -4.857193202262237719e-01 -1.143536659328105998e-01 -9.738469052932714476e-01 -2.018275091526220422e-01 -7.658527380781379179e-01
9.980330512623551975e-01 6.618738743973739957e-01 9.859387076677311734e-01 9.769447202123080487e-01 9.974279026586113650e-01 9.947945040738515043e-01 3.425742851650284138e+00 2.260263959650671950e+00 2.457825518387323882e+00 2.165388125619244875e+00 3.701815832973466058e+00
9.997366956043083341e-01 9.828823078963703219e-01 2.859301457519457523e-01 3.926442430828227526e-01 9.999236457931459654e-01 9.996710453669416241e-01 9.767656828357189625e-01 1.443023275807547634e+00 1.658627697013002944e+00 1.981961835149718354e+00 5.151098770705289098e-01
9.937549224041322127e-01 9.288377978976993798e-01 8.361848673523371023e-01 6.656039492579219896e-01 9.869443910706624523e-01 9.991985925207962360e-01 3.937514980096352701e-01 9.886366672586746063e-01 8.421579810203638772e-01 6.100545514379405176e-01 -7.922188906582050549e-01
4.220506440459315112e-02 2.481765726393593274e-01 3.403589062508394214e-02 1.627607730707425482e-02 1.000000000000000000e+00 2.812563242117757101e-01 5.090944226573697051e-01 1.008181423654264108e+00 9.378672873945674837e-01 1.318863873739815062e+00 6.048737911567627634e-01
9.587735327793011075e-01 1.694934689899065816e-01 6.384561527681554827e-01 8.655872064382308384e-01 8.040802188561897434e-01 9.684482091039448015e-01 1.487634927696092291e+00 2.090679399349937739e+00 2.374625198585135877e+00 2.979580425800520516e+00 2.169233414723692022e+00
8.228210278342238393e-01 5.434588555007571209e-01 6.591794114038667107e-01 6.964113110415608432e-01 7.974518513509334383e-01 7.893973239929255037e-01 1.016579680422751153e+00 1.311905053986038183e+00 1.158787049864542951e+00 1.250819081757640561e+00 1.414127142428014849e+00
9.970228736652505530e-01 2.440196815828920007e-01 8.616527175802832783e-01 9.214309950215016087e-01 9.899564774963516278e-01 9.931799512902974580e-01 2.706203230135884041e+00 2.257217111424552058e+00 2.511368821009455132e+00 2.108517373744916767e+00 1.104361055659808244e+00
9.668946549108706767e-01 3.533219627907436822e-01 1.663498634824803757e-01 3.058393505540716317e-01 9.887710954924000539e-01 9.348815867135159552e-01 -1.587078394948093774e-03 1.932019733824859031e-01 8.611139429751801799e-02 1.193432942387744333e-01 3.923689880550114140e-01
9.930807881395301573e-01 7.570782978546608533e-01 7.663155255047319203e-01 9.665072769590786761e-01 9.610528245601159814e-01 9.841599559640332728e-01 9.179508208693505367e-01 6.946372931033693021e-01 5.810382225409398416e-01 7.725954071485716668e-01 3.830035244856560439e+00
8.419388455711507291e-01 5.649179763251388486e-01 9.274191258592858755e-01 9.062429136331310309e-01 8.376916621589984846e-01 9.386279056159445577e-01 1.563710097519617648e+00 8.006654237597103929e-01 1.224020545876953747e+00 1.341822609839084635e+00 -1.540941517666283289e-01
9.992279156494892067e-01 6.900243199641966640e-01 4.335252186130580387e-01 8.173961363163350091e-01 9.862704615199529012e-01 9.995949473985167311e-01 6.937546650528929604e-01 1.708934306478738563e+00 9.504478670293678988e-01 1.115844511564262120e+00 2.523539964869371488e+00
9.670980923907435134e-01 5.899597773195350836e-01 4.377735455079401206e-01 8.281378077306650320e-01 4.651682782979610353e-01 9.586583309138779763e-01 1.576036033182958818e+00 1.843844614401291437e+00 1.997622464190271785e+00 1.807073397033832407e+00 7.965991898458355536e-01
9.896866725417846622e-01 1.604287784057482069e-01 7.777635270994182060e-01 8.709294848787723087e-01 9.931189279586144503e-01 7.756435929428746601e-01 1.218129326596169903e+00 1.675086316830515898e+00 1.472567075033339279e+00 1.178951726378670628e+00 2.275964858876591279e+00
9.484212251026394869e-01 8.721511700371136211e-01 9.316506276763322214e-01 9.532720333816091518e-01 9.194299692177541061e-01 9.203256285584341390e-01 2.556821518048764119e-01 -2.991589424970584332e-01 4.662990444859360650e-02 5.612519724729168047e-01 5.677928467707715754e-01
9.985957382865303655e-01 3.377798525107222893e-02 8.410171799376862101e-01 5.832907526632541417e-01 8.692351630596665268e-01 9.743341650875011473e-01 2.259647279044315837e+00 2.488153328917576346e+00 2.768972315717917354e+00 3.212025043754806575e+00 1.113414831852082898e+00
9.917242234009868707e-01 5.845250153438357188e-01 6.681891843780203288e-01 8.284248645204110861e-01 9.416472667662825202e-01 9.840248450106746647e-01 1.801413723004202438e+00 1.679973400127039440e+00 1.926201175007633992e+00 1.857246313280086270e+00 1.833524945506610493e+00
9.704165654104950356e-01 5.090006504831263712e-01 9.085917909762155631e-01 9.286545974527413705e-01 9.379614285711037613e-01 4.880902216772999846e-01 1.131134326219296327e+00 2.968447223016710268e-01 1.138396251211190702e+00 2.095257874114111019e+00 2.371670452190926426e+00
7.481939600350315800e-01 3.309778945565589048e-01 7.056560674253177234e-01 8.158156046275302220e-01 7.331377788703093978e-01 8.246761918672871339e-01 1.382872442743007468e+00 1.840920833537325052e+00 1.514405570960605019e+00 1.571249720190280641e+00 1.555441261032513012e+00
9.995721573007325667e-01 9.208723597229886426e-01 9.572590615111544743e-01 7.991087742243218051e-01 9.980661513514065275e-01 9.989143317457452875e-01 8.721844022541063168e-01 1.175476425795523028e-01 4.598108193566758928e-01 3.001352142222231123e-01 -4.993497511061946170e-01
9.988614826996803364e-01 3.336766188544706413e-01 3.749283173218825871e-01 7.527779159086721572e-01 9.777512949428989186e-01 9.970090379568850025e-01 1.666286331214621441e+00 1.996257747522065529e+00 1.668187188602416882e+00 1.206613981633552157e+00 6.463191676414226094e-01
7.887352932452180720e-01 2.356719722969087272e-01 2.149148831057198228e-01 2.043909338559395383e-01 5.317513025688920258e-01 9.433510258602114673e-01 1.231669777161016555e+00 1.661926262086581119e+00 1.481827666102901730e+00 1.328478846950133629e+00 4.089504088360058631e-01
6.503825325723364692e-01 1.694581466219996502e-01 1.735305895535166343e-03 1.008747932715668982e-01 4.319183428027058014e-01 6.350736100147484908e-01 3.289601117116944806e-01 8.601838649425417316e-01 9.693752510975741643e-01 7.628431285801866579e-01 -6.050552623220823989e-01
9.816520604156272478e-01 2.053881369733950857e-01 9.158277865424339081e-01 8.553529607470311547e-01 5.032393222894155915e-01 8.736116492445573645e-01 2.152455713741574073e+00 1.412559926897301921e+00 2.086805335992607979e+00 2.470542054286170242e+00 2.438196180120542067e+00
9.381837269269681645e-01 6.534936505775774673e-01 9.813202049516740466e-01 9.276439774032834151e-01 8.940762240145576634e-01 9.346773322793296979e-01 2.713317581898536446e+00 1.878978677042198342e+00 2.292349746005527322e+00 2.708959107678595046e+00 1.816523025163348848e+00
8.561361153813900060e-01 4.909208013965055128e-01 3.296442619215737002e-01 6.120474667639842492e-01 7.672442060455431090e-01 6.738128988515970086e-01 1.173396089180528179e+00 1.517171673724647007e+00 1.393723395408244414e+00 1.465544286142176134e+00 1.469051110133648308e+00
9.999982212084896904e-01 1.507145039370293427e-01 9.837762347091572046e-01 9.991986285753129415e-01 9.996319725546510826e-01 9.999338466815298476e-01 4.794240296619932451e+00 4.260253822962113190e+00 4.467551772912031538e+00 3.707104519809490739e+00 2.099789525619371489e+00
9.776697200763448947e-01 6.223829987898787941e-01 9.817224695273552015e-01 9.784581671531987768e-01 9.820925444767815149e-01 9.803275112700722271e-01 2.908000335543590609e+00 3.039337796577513018e+00 2.847546675058936216e+00 3.075880034889337367e+00 6.056906993872019029e+00
9.981599006420155407e-01 9.941262342905211602e-01 9.682861775992582798e-01 9.590392955063554714e-01 9.997571614582888566e-01 9.988139719332898014e-01 -1.917641927665613366e+00 -2.350227538663943960e+00 -1.870535372646713768e+00 -1.511445324051067018e+00 -9.003703638546198817e-01
9.188400766539204234e-01 4.776572702486812094e-01 4.247265404793909571e-01 4.226160168408795714e-01 1.000000000000000000e+00 9.966680887661144572e-01 8.621619037127175034e-01 1.395089601170354854e+00 1.628182984479792594e+00 1.622704851459275233e+00 -4.773709940613457547e-01
8.014656503624473238e-01 3.651630338339436621e-01 8.575703838153474479e-01 9.448041269792639696e-01 7.343289461032103116e-01 7.841648074153506620e-01 6.525840300313916487e-01 5.954092357314380024e-01 5.160805443411504712e-01 6.773438551353478942e-01 3.506341434092519194e-01
9.529341257895411754e-01 1.042808705531427238e-01 5.621875468210213445e-01 3.458801206409167772e-01 8.630752851137988291e-01 9.551055380177529974e-01 8.113075638983673343e-01 1.415067099119539762e+00 1.278091888782284968e+00 1.011366713937718487e+00 -9.450502011492289967e-02
9.927858859679100645e-01 3.264159853472254902e-01 8.464483583648664267e-01 8.103347770247479875e-01 9.146534819279831252e-01 9.991286207677101405e-01 2.293157657498340996e+00 2.006896764484679352e+00 2.610476176247232161e+00 2.634981130108201341e+00 6.319306649148188626e-01
9.999973032320099708e-01 9.976832302519257345e-01 9.996422901735226851e-01 9.906862074161331133e-01 9.999428295181919113e-01 9.999947943873643830e-01 4.825101850565999939e+00 4.176644343998646036e+00 4.794929593432982529e+00 4.526907290463327627e+00 1.109146011418431499e+00
9.537838172050696617e-01 9.213454377752968716e-01 9.856898322231203435e-01 9.640143675705501458e-01 8.362393526012625866e-01 7.451048341989754409e-01 8.009944870350977908e-01 -1.282145751209213813e+00 1.736161770321473341e+00 2.086683937927602983e+00 3.127833696101617988e+00
9.755085672763870175e-01 4.172350315062232085e-01 7.780333532401122465e-01 8.427745056259512424e-01 8.031164018300986918e-01 9.867728289391363150e-01 1.853812566626629632e+00 2.179138540640281008e+00 1.910599648357617752e+00 1.167790506715562060e+00 8.984834828124803607e-01
9.979649446008073133e-01 5.406199290512381239e-01 7.369575353962807274e-01 8.807455329631728169e-01 9.957518776612661604e-01 9.517011025416617365e-01 1.953804361956997582e+00 2.410547075570093511e+00 2.125022438943858560e+00 2.167673910383314251e+00 2.304308136511110661e+00
9.548696974650978664e-01 8.363409032068527260e-01 9.115222440610416532e-01 8.835402465947690409e-01 9.547717236277426522e-01 9.853425830738935520e-01 2.066922938261086529e+00 1.703509215259202847e+00 1.636492573675809581e+00 1.167325969248850015e+00 2.205544421138426969e+00
9.994921537230283537e-01 6.899074832692440040e-01 7.496269560158531631e-01 9.406503603359273047e-01 9.983016685997516682e-01 9.985980519557583479e-01 3.223720612222791715e+00 2.022568626192423835e+00 2.165195692797510674e+00 1.584325310092708605e+00 5.769860445395238457e-01
9.619591862274814442e-01 8.785482361882750446e-01 1.827588188634188260e-02 6.244646096740202879e-01 9.537048915187809062e-01 9.963589275088911013e-01 7.815376399913134264e-01 8.958230888114826485e-01 7.216286605984691960e-01 2.020678204237356113e-01 1.355852728705656318e+00
9.999765499935125979e-01 5.570375440176102977e-01 9.644998548850324260e-01 9.857265012563622975e-01 9.919031201909471740e-01 9.991487825177529647e-01 3.553209363463963655e+00 2.258758718104161289e+00 2.314070663519032678e+00 2.293257895821739112e+00 1.947013978160157421e+00
9.870479656379057554e-01 5.803331595390013309e-01 8.136543450824011980e-01 8.938037986478443164e-01 9.870842170983011865e-01 9.470264751810590909e-01 5.051148378312291243e-01 1.382986874450921277e+00 7.374555920159195921e-01 2.042436573494285312e+00 1.658260088421741330e+00
9.990001495250296903e-01 6.188247552057939416e-01 9.460833451989373311e-01 9.672407969078640200e-01 9.693203992921968215e-01 9.972726223249483990e-01 3.106700949284345370e+00 2.599933128772192958e+00 3.273166524625992224e+00 2.858193732366544282e+00 1.322545115406342120e+00
9.273090070383074313e-01 5.368470655324105723e-01 9.662981218503003955e-01 9.500573905895570714e-01 5.821466510001249706e-01 9.653230263469941841e-01 1.116117801621101080e+00 9.168629082983557055e-01 1.535885533724979268e+00 2.495824700526895867e+00 2.367429471871503210e+00
9.999437532088960578e-01 4.694364703076145950e-01 9.776049062392704325e-01 9.418774968573426776e-01 9.987990888473041728e-01 9.999249585497811399e-01 4.226587670560661536e+00 3.316278109530685470e+00 4.530416985673070940e+00 6.165945377545597239e+00 2.787209260719976101e+00
9.985546892400825048e-01 5.167784497281968648e-01 8.197761084973735901e-01 2.631852538068385483e-01 9.934349581951620323e-01 9.988750082922442930e-01 1.131152521113733656e+00 6.978798402540178358e-01 5.740122315038433953e-01 9.109698470996363540e-01 5.393261664681858747e-02
9.975765177673958650e-01 9.342344213162865341e-01 9.794935830165358848e-01 9.972845543410913116e-01 9.964241759687060274e-01 9.939383498868089584e-01 1.808828552176350968e+00 1.051174242624938415e+00 1.276162858266616240e+00 1.977982689389193638e+00 3.133127699380338527e+00
9.966852034864132071e-01 6.797602823044246456e-02 6.854591571379475834e-01 6.118319911969831715e-01 9.449317430769855752e-01 9.969991644005240516e-01 1.637346655203316459e+00 1.442396818088013788e+00 1.481715858400207253e+00 9.944989069848020335e-01 4.541753102072902948e-01
9.671309995524981495e-01 4.819613602373639116e-01 5.644919329472428693e-01 2.910756038258228706e-01 9.707138638660717245e-01 9.655156367866073452e-01 1.288609539141077676e+00 1.070164983717461382e+00 1.300290956511105378e+00 1.371945249036116365e+00 1.064532360688303925e+00
9.998879955593705793e-01 9.775430064014578591e-02 7.355908961126365053e-01 8.765723419066459021e-01 9.998688179767000195e-01 9.980833484957233326e-01 2.001695408490945738e+00 1.850985844775607347e+00 2.013867098197749783e+00 1.984404001872917434e+00 2.980539751184551278e+00
9.783638723446397290e-01 8.196568450952812501e-01 7.247616736083802857e-01 5.527316833487969649e-01 9.978349021982999556e-01 9.978071162863549892e-01 2.456971967860795303e+00 2.771097773200949632e+00 2.684787774668791371e+00 1.393570875436296319e+00 4.756552650814569461e-01
9.986932849213245866e-01 6.795931827363899114e-02 3.040947362805983545e-01 4.213042203106054373e-02 9.840334158094954375e-01 9.988137658818232456e-01 1.667275671234847323e+00 1.529936540396136024e+00 1.643203354866443533e+00 1.785970406754813666e+00 -3.249682744770439058e-01
7.063981999072899143e-01 7.537949579808593814e-01 9.093136485456718709e-01 8.463961833735040852e-01 8.853720907718726219e-01 4.991385146277432794e-01 9.460634622620887058e-01 -3.230931256094322634e-01 6.056982090432825316e-01 1.685615838439844083e+00 1.400467534974723094e+00
9.629078581488951238e-01 8.765861544012728546e-01 7.833382992573295622e-01 8.966015820140512682e-01 9.906508985522887167e-01 9.933309221345427709e-01 -1.602000774149644258e+00 -1.031512455468998724e+00 -9.536709653793309371e-01 -7.345247661668850014e-01 3.927676199195389017e-01
8.433480794725176644e-01 6.801061924144478077e-01 9.590209327971548348e-01 9.850268030322157919e-01 4.844270568620924200e-01 6.734209368949369834e-01 1.883468765936754608e+00 2.191731666849477733e+00 1.616496364549789178e+00 1.033311582659450778e+00 9.927726028044503437e-01
8.850569434387483003e-01 2.950548320029328098e-01 8.845716774669443172e-01 8.540619783823351074e-01 8.255690571826412860e-01 8.751191530092842230e-01 1.838883576055934554e+00 2.462398893468900951e+00 2.341024829158925513e+00 2.093129132594128805e+00 8.288463862603521193e-01
1.000000000000000000e+00 9.973394069242109694e-01 9.136049799660708182e-01 9.163837282308723298e-01 9.955223689344915305e-01 7.339563457819293646e-01 -2.237789406082640653e+00 -7.936875201563111659e-01 -1.988496388782550639e+00 -9.225823064363680714e-01 7.007383682580439199e-01
9.919530923858573823e-01 6.197356164988908622e-01 8.014645208886435057e-01 7.483082552868154380e-01 7.790604425274918476e-01 7.859343376290238714e-01 1.842945046743466264e+00 1.036838269284828584e+00 1.688974282669050808e+00 2.309983639040979142e+00 1.440394087078288976e+00
9.978365970910619831e-01 9.704261328498006156e-01 9.931502692321058090e-01 9.878345651685851436e-01 9.621538080853426766e-01 9.942587294176367108e-01 5.195424442506066498e+00 4.164272210329613699e+00 4.493037224128443086e+00 3.427181460289034476e+00 2.383826449869616226e+00
9.988144983543059130e-01 9.943319923611602107e-01 9.511469672613289683e-01 9.311831334151827733e-01 8.713627873899200127e-01 9.987828429964240584e-01 1.011594813544832050e+00 1.689847942584151497e+00 1.787521145892981167e+00 1.656635369152809290e+00 7.128680767498281057e-01
9.740233613222267772e-01 3.360574106290981078e-03 8.875574005170776548e-01 9.307616516585708322e-01 1.113578435377853282e-01 6.696542185879338360e-01 5.008064271949592694e-01 4.605724261120940355e-01 1.325076341237036104e+00 2.491876402818320457e+00 1.717681275363133864e+00
9.086189682661790501e-01 5.745815301800885067e-01 4.391489744616832169e-01 5.465174572590939528e-01 9.805112594443939900e-01 9.864077662145882552e-01 5.783920084021474395e-01 1.113258384307300730e+00 9.263428771244548443e-01 4.763036732661021233e-01 -1.751598127340116662e+00
8.929082910799257533e-01 5.506035296923136313e-01 7.324227779902507951e-01 8.765365403600979821e-01 5.213684436668322153e-01 9.188673070693061939e-01 1.258274418750147561e+00 1.228923699810479775e+00 1.065690170936989034e+00 9.437281568209527904e-01 5.896966756916413033e-01
9.998628807908279681e-01 2.931122419429400550e-01 8.660785586944748093e-01 8.183857028652296028e-01 8.284112216126713335e-01 9.995688916356729736e-01 1.606429026421778872e+00 1.762007040010132641e+00 2.674144765500784615e+00 2.881151859950364269e+00 3.157024413677618213e-01
9.917440384393976238e-01 4.281756816474341365e-01 7.953539388750746619e-01 9.382695542322062598e-01 8.864609227306406991e-01 9.792029022121166992e-01 2.228284800755261585e+00 1.953532664602789737e+00 2.172201327586719799e+00 1.964760860650358154e+00 2.005209132540016981e+00
7.547669778063497148e-01 7.730281720619607277e-01 5.612312337444529398e-01 8.625123948946963326e-01 8.169036060371790420e-01 9.618401573024375484e-01 3.549132841338860089e-01 1.315504132970716000e+00 8.131808728477949444e-01 1.813003101930405592e+00 2.476707381210246695e+00
9.981920982709125978e-01 7.413478908844920445e-01 9.048004149328101597e-01 9.756892045236837951e-01 9.979636892900360934e-01 9.962974773255752758e-01 2.405289793247050056e+00 1.178127196500270202e+00 1.001556057804066313e+00 4.640485973113186446e-01 -5.465801400271175225e-01
9.983239341019881641e-01 3.817350267130416031e-01 9.359972022335703024e-01 9.578825601523068833e-01 8.052875236637697665e-01 9.965686319644788682e-01 3.250818577367112994e+00 3.557188999221580161e+00 3.535555520844752664e+00 3.076428931052248572e+00 1.677674433332356330e+00
9.969960450789545625e-01 3.671508908413535499e-01 9.558196059276200529e-01 9.797127059336784294e-01 9.612067882317629763e-01 9.992680645577792786e-01 2.708201505891679517e+00 1.917280029092808036e+00 2.156039904729652790e+00 1.682923182171236931e+00 1.250730213080998965e+00
7.466101471045852866e-01 7.611655150239255985e-01 7.726172522176093516e-01 8.775873482252830593e-01 9.907454744670730618e-01 1.000000000000000000e+00 -3.524446789288049331e-02 -1.565596847908068412e-01 1.640686225575223034e-01 -1.913231676750172028e+00 2.604141403110531883e+00
9.984956494374214175e-01 5.973851287105269581e-02 9.684077848560481705e-01 9.622377753351936125e-01 4.642450017220385305e-01 9.991943088111019389e-01 1.979005381322963331e+00 1.549486226465887739e+00 1.949730184749171258e+00 2.556981532050031092e+00 4.550823069924945230e+00
9.616827675880773585e-01 7.907780306244576174e-01 8.682795521795597660e-01 8.433667247913619880e-01 9.190788992452798567e-01 8.721449113243526785e-01 2.635379668860366564e+00 3.153303512627473992e+00 2.233015871007069109e+00 2.603025191061590249e+00 1.290992811581020305e+00
9.972272508442284744e-01 3.492801630332214025e-01 2.979161434172458156e-01 1.780620666891374881e-02 7.657558661906489483e-01 9.937332782840125889e-01 1.454620447041634179e+00 9.973916680998513584e-01 1.354638471130044763e+00 1.732605020312746547e+00 3.202537227988955237e-01
8.589673269423139246e-01 1.557563548330404002e-01 8.558200052523623480e-01 7.271900226149501378e-01 9.360441527134691908e-01 8.729619426899570822e-01 1.506164995833159992e+00 1.599564847473061491e+00 1.470522835598785605e+00 2.040240013340223868e+00 1.378086727769982645e+00
9.054798416920184501e-01 5.782801707349098930e-01 7.196351916851848607e-01 4.519201023753106616e-01 9.725803573032085758e-01 9.598812797477106473e-01 1.222315335829193828e+00 1.791504285794189855e+00 1.704957329405999644e+00 2.543658162274027745e+00 3.070288009826072084e-01
9.998458351803609645e-01 9.983922566889598116e-01 9.983890778248024622e-01 9.993884189895280157e-01 9.997943787431226026e-01 9.997886853222823778e-01 6.185917425286504567e+00 2.394412585486520584e+00 2.618643221484092010e+00 3.339696308600593966e+00 5.669792313046286836e+00
3.084591134249577982e-01 1.868804174032608900e-01 2.940343925190807006e-01 8.456512096219614971e-02 2.786999175420861175e-01 4.166604093045657153e-01 5.942649869807610230e-01 8.961962197183197532e-01 6.930374432072881064e-01 9.391320906501618992e-01 5.107903045318948898e-01
9.920540337359967653e-01 8.088310583890996330e-01 9.930517613599436633e-01 9.895603878230067041e-01 9.788829994981417260e-01 9.938876442754719376e-01 1.539277560099037601e+00 2.148545513344743085e+00 1.327903501204843906e+00 1.179696099074988069e+00 2.449859354002796863e-01
9.934643246408797479e-01 7.690084300640687154e-01 9.950925443766869272e-01 9.953614049628168869e-01 9.495351860275977884e-01 9.909896913969084009e-01 3.266305580751975413e+00 2.768761769055231525e+00 2.736512623011378764e+00 2.282985034432840621e+00 3.213938841151218639e+00
9.286950558912934195e-01 7.751999878869562099e-01 5.404497838449393576e-01 8.797446576923114714e-01 8.314524324972114577e-01 9.123180604800573690e-01 4.923775494308415546e-01 5.716712078355499216e-01 3.770946257257037360e-01 1.074343863900367069e+00 1.892520938127802310e+00
9.996786528640828617e-01 9.396492282036670307e-01 8.817687979917483432e-01 9.201190566510872859e-01 9.967428953291116445e-01 9.992205934556916969e-01 7.012683755073680913e-01 7.997115125534719482e-01 1.154554060361476786e+00 1.543829369974559995e+00 1.054102717846717496e+00
5.098130995379733799e-01 3.928932282098911433e-01 4.818294628719941297e-01 4.479679533617341169e-01 8.960561016728254558e-01 9.612148514822186351e-01 1.084868297167076889e+00 1.014626658011025029e+00 9.831904803008910676e-01 8.210859272342645454e-01 -6.969484604197191402e-01
9.527928715536944093e-01 4.117351113298098886e-01 5.211217979855415905e-01 4.419592704107734304e-01 8.932385182417158509e-01 9.462108648832533442e-01 7.368838365242140753e-01 1.256726491808990431e+00 1.515445544325984883e+00 1.658102247953593178e+00 1.464970878292263023e+00
9.975493016008748492e-01 7.575179201026187581e-01 9.629401710026702643e-01 9.489363480322526856e-01 1.571989614332950369e-01 9.923946738391001832e-01 3.564393813338540440e+00 3.492759886772319078e+00 5.085840607308455219e+00 4.670902422909819052e+00 9.398096124324410994e-01
