# format=SNRtot_MF, evidence_inj, evidence_filt, nofilter]
1.204538265900171901e+01 -3.937715555487305892e+02 -3.952106325024974467e+02 -4.650926465397963057e+02
1.337611589616903096e+01 -4.120912573625348045e+02 -4.136161443583828827e+02 -5.003045414624709792e+02
1.176336022387980940e+01 -3.968771613783778207e+02 -4.008867523241946174e+02 -4.644616742120460344e+02
1.080513906856898387e+01 -3.651320234331649317e+02 -3.676595175945521987e+02 -4.208990656028818194e+02
9.174406932823021776e+00 -3.746448515904994565e+02 -3.767167854277491301e+02 -4.127644235133558936e+02
1.167525702195574411e+01 -3.922405845259376065e+02 -3.962810345941259698e+02 -4.545513429982632374e+02
9.772489100954654617e+00 -4.333963252779914797e+02 -4.387869743499189781e+02 -4.796642486945977453e+02
1.130175111661718113e+01 -3.801885925741822234e+02 -3.834657763788657121e+02 -4.406443453583025303e+02
1.183441560179780438e+01 -3.601643863078609797e+02 -3.624638212434698517e+02 -4.269605637804793332e+02
1.211866762679281351e+01 -3.819820217271624188e+02 -3.837625627719524459e+02 -4.513380408066427094e+02
1.206496978587754221e+01 -3.965317285542495256e+02 -3.965998956645278781e+02 -4.621605299617752962e+02
1.297468247495289084e+01 -3.920935208376656647e+02 -3.982682860762595851e+02 -4.736207889534524043e+02
1.131151500460543424e+01 -3.842711246724647935e+02 -3.899054402166073032e+02 -4.444146812415850150e+02
1.284710193356661101e+01 -3.705963789080513493e+02 -3.725105559781449074e+02 -4.486328688284722261e+02
1.226807296128378333e+01 -4.276104762719510859e+02 -4.313906782584300004e+02 -5.001531925641995713e+02
1.030582447138870172e+01 -4.079737264211744900e+02 -4.087662613445146462e+02 -4.611257041664857752e+02
1.034487839389872832e+01 -4.025904737584086206e+02 -4.077340770813920585e+02 -4.544391328436342405e+02
1.106193235316779777e+01 -3.940102690569477204e+02 -3.953369070412889528e+02 -4.507792669104982224e+02
1.354543036341184958e+01 -3.792508288851522025e+02 -3.805042367473459990e+02 -4.671924754514409983e+02
1.195492541976467926e+01 -4.058167457200324293e+02 -4.071310747824189207e+02 -4.719775678064603426e+02
1.054074469414948290e+01 -4.118997019063106677e+02 -4.140599527933405284e+02 -4.636184531109441309e+02
1.140104079282979654e+01 -3.715513384630004907e+02 -3.718604111699386294e+02 -4.296080935717810689e+02
1.230144080554969754e+01 -3.872384759705126953e+02 -3.902537129647703864e+02 -4.581315911190303609e+02
1.073463892928573316e+01 -4.090688839331405120e+02 -4.115651217735940008e+02 -4.666425546419715147e+02
1.211909098693810449e+01 -4.100403826865609744e+02 -4.108482656389557519e+02 -4.793010743861520950e+02
1.148728062450804011e+01 -3.815205365716810775e+02 -3.840103952495508679e+02 -4.430947317091220725e+02
1.191753813739304135e+01 -4.080975625831755451e+02 -4.103358529222820721e+02 -4.735546932404399740e+02
1.096882577068570264e+01 -4.037451769350485620e+02 -4.068820740786701435e+02 -4.617063542075508167e+02
1.128566900740615964e+01 -4.081534197050739863e+02 -4.116367293166253489e+02 -4.689193963085322139e+02
1.178082456675953971e+01 -3.958757207238953697e+02 -3.970613898622276565e+02 -4.607751771627255835e+02
1.317668482043041145e+01 -3.699158969569818396e+02 -3.760673739569269287e+02 -4.533325698383366102e+02
1.260974157679737750e+01 -4.319875852963947409e+02 -4.326419414121834279e+02 -5.093790239585122208e+02
1.061342733362653590e+01 -4.251615611075570769e+02 -4.241403553643913824e+02 -4.786856790997758822e+02
1.211400335738474077e+01 -4.345300499510344707e+02 -4.389845284205911184e+02 -5.042788624030896472e+02
1.117251661014862130e+01 -3.798086966558853419e+02 -3.854036403656801895e+02 -4.400911780512001883e+02
9.934960036650460680e+00 -4.359153382839254505e+02 -4.389880521539674305e+02 -4.810598548010448781e+02
1.162998819118517346e+01 -3.901315989792111623e+02 -3.918757852524968257e+02 -4.558510175524089050e+02
1.285519729691691282e+01 -4.166497143894127362e+02 -4.189530953028232716e+02 -4.964184891456104651e+02
1.250814876690010102e+01 -3.961333657622689088e+02 -3.981665861187026394e+02 -4.724370241685373344e+02
1.122876508874728430e+01 -3.753857339993994628e+02 -3.806349055065979314e+02 -4.360854761780552167e+02
1.166572341515723998e+01 -3.963011454742497222e+02 -3.956754362455877185e+02 -4.617843541537642409e+02
1.205511610919109877e+01 -3.894329928752354704e+02 -3.913896796359692871e+02 -4.589431289992048733e+02
1.113928565176628283e+01 -3.891046945521973726e+02 -3.911647888691709340e+02 -4.495227666862741103e+02
1.092837362874894502e+01 -3.704996013923583291e+02 -3.737997020111603774e+02 -4.282932291197088830e+02
1.187480232479478026e+01 -3.854211187278586408e+02 -3.876865516990091010e+02 -4.520065341386138016e+02
1.202673963046469474e+01 -3.922828753672021094e+02 -3.998865592159494895e+02 -4.632799353342391555e+02
1.307390236915057358e+01 -3.923307437264863324e+02 -3.980011421291056877e+02 -4.756295640346002642e+02
1.071226392991183651e+01 -4.186080226691178723e+02 -4.216452324442286681e+02 -4.720792930323376027e+02
1.066796660267338304e+01 -4.142232348827569695e+02 -4.156986748390549451e+02 -4.696415735416789516e+02
1.315729867922377494e+01 -3.887187136671357166e+02 -3.914985743099816773e+02 -4.740228827497682573e+02
1.161768776785428336e+01 -3.957386185559874434e+02 -3.987401460113958933e+02 -4.594577502707677468e+02
1.258314296037591618e+01 -4.121538387094844325e+02 -4.135183750951454158e+02 -4.903606626640539048e+02
1.114891692459702810e+01 -4.192577306615889938e+02 -4.218083702353479794e+02 -4.785483281884123130e+02
1.223446782527147114e+01 -3.669323576627994044e+02 -3.683702992002975520e+02 -4.403080925841177304e+02
1.057380056906194632e+01 -3.713366835976175935e+02 -3.726792810315798761e+02 -4.272812464174801335e+02
1.089752877400941600e+01 -3.949195209490559364e+02 -3.961547445698014371e+02 -4.524837678052176670e+02
1.064317738135105351e+01 -4.227744178067584926e+02 -4.244899415524710662e+02 -4.766278323836898494e+02
1.249635320039218200e+01 -3.850121925458896612e+02 -3.870433549251420686e+02 -4.586767555694373755e+02
1.135489459588269945e+01 -3.996954503486371095e+02 -4.016269912447086199e+02 -4.591031128676832509e+02
1.324115812052543006e+01 -3.967884511094674735e+02 -3.975278942674544282e+02 -4.797690162399185851e+02
1.115175427280092180e+01 -4.108707650063022925e+02 -4.140521449092132116e+02 -4.699244214318701438e+02
1.250660980826618385e+01 -4.100728716498166477e+02 -4.123797474255046609e+02 -4.866798577169485043e+02
1.120621609595125001e+01 -4.120195804049020580e+02 -4.138050584903025992e+02 -4.686583940364456566e+02
1.307449432898419062e+01 -3.632181389983509234e+02 -3.653819659352644180e+02 -4.449834358631289319e+02
1.066590822205454003e+01 -3.819811668623132164e+02 -3.835606074501174589e+02 -4.375564482902075838e+02
1.255855320844598744e+01 -3.852621112520008637e+02 -3.866672028159500201e+02 -4.615080692875545765e+02
1.075909537940403204e+01 -3.840391545856812741e+02 -3.855436405155261923e+02 -4.393088200162999328e+02
1.255646405202567273e+01 -4.024538220322259576e+02 -4.036369923721098303e+02 -4.823845322278820049e+02
1.201435078004968027e+01 -3.933729439937316670e+02 -3.931094557748668308e+02 -4.613791695775615267e+02
1.310264146045428824e+01 -4.164906140545072049e+02 -4.230569781110928034e+02 -4.994333360171591494e+02
1.084848920415388385e+01 -4.196264370244433621e+02 -4.211618901837489943e+02 -4.772821372679725869e+02
1.324433711467872676e+01 -3.888674428493235382e+02 -3.955205661063266689e+02 -4.711577487167546110e+02
1.203984741140592796e+01 -3.969979113540286448e+02 -4.010948492964901106e+02 -4.663844878217555561e+02
1.152616182999069494e+01 -4.121449486320859137e+02 -4.148220721544535081e+02 -4.765488611119184270e+02
1.162077089535766383e+01 -3.981131275763159465e+02 -4.003690229804070100e+02 -4.603055552402972808e+02
1.047000154201815825e+01 -3.889424319544676223e+02 -3.915794138650235823e+02 -4.422022818039342837e+02
1.260187121376831065e+01 -3.871132573095925977e+02 -3.907887107420766597e+02 -4.632022110475574550e+02
1.212646846369386111e+01 -3.866980269903780254e+02 -3.879587192267982232e+02 -4.492289252379480899e+02
1.306951478202945083e+01 -3.867364281643509116e+02 -3.887943451138110618e+02 -4.704681098893573790e+02
9.901418485725264063e+00 -4.240546820955050293e+02 -4.270917377715694556e+02 -4.694009134137119759e+02
1.217837625161892845e+01 -3.885095891764700013e+02 -3.968949052195117133e+02 -4.626582921042766543e+02
9.991787945140350402e+00 -4.227691678786939065e+02 -4.232210388670677617e+02 -4.683746488989515342e+02
1.254047799633302240e+01 -4.082160989949106238e+02 -4.104723928077617074e+02 -4.843411738443471677e+02
9.564987706962288172e+00 -4.251768107801041765e+02 -4.282309929343541057e+02 -4.705362005838114783e+02
1.178410514226952444e+01 -3.837150253958752728e+02 -3.863548261983655721e+02 -4.525590853539281966e+02
1.260945144111741634e+01 -3.917932209344322132e+02 -3.947313476671873218e+02 -4.676259379965464973e+02
1.172399475536807500e+01 -3.749966158206634645e+02 -3.761118167852152396e+02 -4.384455552862120840e+02
1.143198530620539621e+01 -3.792270673837487607e+02 -3.805412914855629083e+02 -4.410641540962307658e+02
1.254061535599492494e+01 -4.290090586548893725e+02 -4.318031442971590081e+02 -5.025583204889602484e+02
1.175531678149163106e+01 -3.700165035708467371e+02 -3.752444667422834641e+02 -4.407832316121579765e+02
9.996153947077109692e+00 -3.793331343595551175e+02 -3.820028276597212766e+02 -4.264895106886324356e+02
1.058268831248503083e+01 -4.033546545340985858e+02 -4.084179886699025701e+02 -4.539944544200538985e+02
1.017144335233788155e+01 -3.831492302695029366e+02 -3.852075628093018622e+02 -4.357493451729131380e+02
1.012933926424286213e+01 -3.786506007391921003e+02 -3.805789385315375739e+02 -4.267177122757715324e+02
1.157328284455662804e+01 -3.819926767051577485e+02 -3.835750463705019797e+02 -4.478892426851267032e+02
1.001727053891320018e+01 -3.928181529392143716e+02 -3.940836794884184542e+02 -4.402965316209163689e+02
1.206471595620935311e+01 -4.115963030352465353e+02 -4.131876389321179772e+02 -4.809274101505913563e+02
1.160294446633538712e+01 -4.212097523661437322e+02 -4.235217746900481757e+02 -4.803926674850888503e+02
1.092562089632639655e+01 -4.157919711116514350e+02 -4.169683690664750202e+02 -4.720305256088161627e+02
1.250783293138647245e+01 -4.046734256257646507e+02 -4.084573443318664658e+02 -4.785556679141737959e+02
1.116915035177286342e+01 -3.742812636936203035e+02 -3.757676002145267375e+02 -4.326870267424496888e+02
1.160779937035508524e+01 -3.983600704882657055e+02 -4.011980381751047844e+02 -4.634026217033286912e+02
1.261249656048113899e+01 -4.033685206359572248e+02 -4.044317195579615714e+02 -4.782210241915219626e+02
1.177505245522534594e+01 -4.199798311663038817e+02 -4.218832600295455677e+02 -4.857783043638615368e+02
1.178814822333413304e+01 -3.825839617836681441e+02 -3.851918661046364605e+02 -4.480672631736841822e+02
1.104294497276014120e+01 -3.615191592713483715e+02 -3.647728848236213821e+02 -4.215898036500588546e+02
1.157704552261672148e+01 -4.088555191398361330e+02 -4.121976772610817648e+02 -4.713343876080128325e+02
1.220670532162039557e+01 -4.242835982969779707e+02 -4.314814120996035172e+02 -4.960532078369449778e+02
1.049264910036973930e+01 -3.918499196686333335e+02 -3.932037539498458045e+02 -4.408349988482466983e+02
1.164013604665841406e+01 -3.630608979721665150e+02 -3.653816108051070728e+02 -4.293984826755832955e+02
1.199141444172052218e+01 -4.007514224860679519e+02 -4.011820065393958998e+02 -4.751761092556361632e+02
1.135327407839361769e+01 -3.885497367110132814e+02 -3.909442453777822948e+02 -4.506442048136430003e+02
1.100771664737811228e+01 -4.055273489284657558e+02 -4.068084830313069347e+02 -4.613388539132756136e+02
1.268166034041242440e+01 -3.726879383462459145e+02 -3.743142691007880671e+02 -4.474889440422566622e+02
1.077434584200276291e+01 -3.760594798630309583e+02 -3.777917627465687929e+02 -4.338290472184373812e+02
1.112433971297883595e+01 -3.671565101485791160e+02 -3.719300868350028395e+02 -4.235337137470172024e+02
1.169854662570043935e+01 -4.062191525277005439e+02 -4.078611969504055992e+02 -4.701149083965071327e+02
1.271634560966372263e+01 -3.878241946329985126e+02 -3.904680557900635449e+02 -4.631396184507371458e+02
1.196615017376653611e+01 -4.058243290130355945e+02 -4.073627186554612649e+02 -4.734269170129678059e+02
1.245856242370843603e+01 -4.190525526056135277e+02 -4.264168943916042736e+02 -4.942672984868573849e+02
1.101790202383874906e+01 -4.125907811364893973e+02 -4.130625901344870385e+02 -4.700107242302576651e+02
1.114822357990759549e+01 -4.161652622208754337e+02 -4.188246842915764887e+02 -4.799518957017201046e+02
1.125886627293117570e+01 -3.782881269474856936e+02 -3.806174866078044374e+02 -4.379756411483326133e+02
1.221877158450150347e+01 -4.171203767899623926e+02 -4.210057722250027723e+02 -4.879068886301973293e+02
1.000591538762296118e+01 -4.089727766993469231e+02 -4.111416059299635322e+02 -4.551972188385286699e+02
1.280220235203295509e+01 -3.839232106311508232e+02 -3.872135171555360671e+02 -4.625261774473194691e+02
1.215036701609369096e+01 -3.862775345042944082e+02 -3.880533338362572522e+02 -4.545442637307716041e+02
1.113076190307722335e+01 -3.925585927181138572e+02 -3.943077674695244923e+02 -4.479013522863480148e+02
1.193358677455869277e+01 -4.193338876287560311e+02 -4.213854310057245698e+02 -4.858056043950447247e+02
1.197673588077144124e+01 -4.067143087192976623e+02 -4.100486676243993998e+02 -4.759939285504168538e+02
1.251357882355421403e+01 -3.928439978587304608e+02 -3.956151043790572430e+02 -4.651212732735136228e+02
1.295691511279304997e+01 -4.413476863706059135e+02 -4.431435912810843547e+02 -5.225868587119302902e+02
1.218786740339873376e+01 -4.245847947965152116e+02 -4.307701668042511187e+02 -4.963016923766387549e+02
1.029517858663755270e+01 -3.959502556808267286e+02 -3.978598469183701241e+02 -4.479103546471731647e+02
1.123081134111248680e+01 -3.886744066684357790e+02 -3.905483341958952792e+02 -4.497771586777850530e+02
1.343432244798313313e+01 -3.854574245594395165e+02 -3.899343438812867362e+02 -4.709382677770998384e+02
1.062010202713324425e+01 -3.922417880344274295e+02 -3.936940873738798246e+02 -4.420027484432255278e+02
1.144607842759513971e+01 -4.263998145503171600e+02 -4.299911497198648362e+02 -4.862506412042876036e+02
1.225737424832565381e+01 -3.880852041146952729e+02 -3.887314760488403067e+02 -4.602824619735280294e+02
1.144594260129570706e+01 -3.563444496181146519e+02 -3.595126461837777470e+02 -4.166293388387359187e+02
1.113958927088142303e+01 -4.020950164973668279e+02 -4.042113090346078366e+02 -4.603195595514690126e+02
1.135004656848636451e+01 -4.039483211747252085e+02 -4.059837505929410781e+02 -4.640878784389289535e+02
1.177307223591868635e+01 -3.898877945158176317e+02 -3.908021743052599959e+02 -4.543931123819864411e+02
1.126564847246107348e+01 -4.049303561640786029e+02 -4.102124549163135612e+02 -4.670649996360687055e+02
1.027456425949914376e+01 -4.108841942222994703e+02 -4.143843837386069140e+02 -4.600242908888623106e+02
1.315970258903877088e+01 -3.879998383278403367e+02 -3.895523705297748052e+02 -4.694671860334989901e+02
9.200278549893438296e+00 -4.277722910185692626e+02 -4.296939967461933634e+02 -4.655774633154839535e+02
1.141191911316212959e+01 -4.402270715733362181e+02 -4.421348395398881053e+02 -5.042545137059872786e+02
1.406163598473063026e+01 -4.325954888135366900e+02 -4.380167146505734763e+02 -5.274134095037455836e+02
1.168543609384709292e+01 -4.022979104478424119e+02 -4.059531707231281530e+02 -4.693136077566731501e+02
1.191251809893832636e+01 -3.579216502657951082e+02 -3.595960973479315044e+02 -4.275118333477104784e+02
1.273303184080061179e+01 -3.867250817843657842e+02 -3.886513337357741875e+02 -4.647104103151938261e+02
1.310620857018533769e+01 -3.795281984847622994e+02 -3.826884142280128458e+02 -4.631818712935319127e+02
1.280489028070859092e+01 -3.805935493569002688e+02 -3.820528818539894473e+02 -4.621267956295369004e+02
1.150901260309474061e+01 -4.148331192769585414e+02 -4.156736140965313098e+02 -4.764761129509610100e+02
9.748030160574678860e+00 -3.818027015872392553e+02 -3.816794033057083197e+02 -4.272407944657926464e+02
1.093427287687794269e+01 -3.686292107766834647e+02 -3.688273771881524681e+02 -4.253973903802921654e+02
1.046378079703572972e+01 -3.637657182475745685e+02 -3.668522939851172282e+02 -4.152568568232655366e+02
1.069996901467707140e+01 -4.196132570361429543e+02 -4.214069841780532215e+02 -4.723266470833868311e+02
1.193676570957356375e+01 -3.814784371507101923e+02 -3.827545775847002005e+02 -4.479715339868410524e+02
1.126876791881905326e+01 -3.467334357696578877e+02 -3.497677640840606159e+02 -4.079510097078780291e+02
1.103602413204495392e+01 -4.066170352986370062e+02 -4.076828798900046422e+02 -4.637932930987096256e+02
1.262709891280246488e+01 -3.974199705390488475e+02 -3.998053143061171681e+02 -4.733163942279471712e+02
1.144234200785461653e+01 -4.307058610429962187e+02 -4.335916040532034685e+02 -4.924090995888200268e+02
1.285189076220539661e+01 -3.852394272542830436e+02 -3.883130953489794024e+02 -4.618364104181287075e+02
1.304552903973917566e+01 -3.690445863305978378e+02 -3.707517573515504523e+02 -4.511621441154455852e+02
1.191155951053013595e+01 -4.049474755453948092e+02 -4.077169249379587654e+02 -4.722216582791728570e+02
1.225292566555478402e+01 -3.746717715426048017e+02 -3.780414304925470788e+02 -4.462874485808073928e+02
1.308294667635003705e+01 -3.743889744147641068e+02 -3.777128497192458667e+02 -4.564446803701183626e+02
1.204651177267959561e+01 -4.089318151246348521e+02 -4.112093093648751960e+02 -4.772057863705601903e+02
1.105888124938779704e+01 -4.025718709409829899e+02 -4.036721774312230764e+02 -4.614546154884277485e+02
1.285305058359338304e+01 -4.019730629036425285e+02 -4.055030253838401109e+02 -4.810101156157836044e+02
9.601564752909826694e+00 -4.163315885616408423e+02 -4.164747829883462487e+02 -4.592848366288361035e+02
1.253396017546613983e+01 -3.960635635774724506e+02 -4.017693687646359990e+02 -4.758132827602476027e+02
1.298149806481848678e+01 -3.800887347938060543e+02 -3.821104350754058601e+02 -4.600914795236444661e+02
1.176974540270382263e+01 -3.859372147172871905e+02 -3.867711314245896688e+02 -4.521630699614402715e+02
1.348099483918197095e+01 -3.860396461877210754e+02 -3.871505889361513937e+02 -4.697161703981509504e+02
1.282728669268690247e+01 -4.069903519384784545e+02 -4.097231973657934532e+02 -4.877347786825202434e+02
1.279696701337262610e+01 -3.750795026214724430e+02 -3.798477950460529655e+02 -4.542324538721168210e+02
1.256594442458018790e+01 -3.569624906163719515e+02 -3.593160541415172133e+02 -4.371487854399674688e+02
1.140693082004791492e+01 -3.837131874830804463e+02 -3.875205479180688144e+02 -4.479430706905990860e+02
1.337591788169822671e+01 -3.454473075319890540e+02 -3.473227021393838072e+02 -4.305939089574757190e+02
1.202556820293546913e+01 -3.882049279944815225e+02 -3.909623079586451695e+02 -4.613179517813641723e+02
1.151665677451109460e+01 -4.282470574560746854e+02 -4.286818762006117822e+02 -4.878029196843925774e+02
1.189162381493630782e+01 -4.181328280639444301e+02 -4.205091938034807981e+02 -4.850740797759623320e+02
1.201013578074519650e+01 -3.979836855088360608e+02 -4.005381529010895747e+02 -4.691033385064025651e+02
1.102455437864170129e+01 -3.912537995679175538e+02 -3.906880813706363256e+02 -4.473026953125506111e+02
1.342773125056820049e+01 -3.638576912576612017e+02 -3.678880527560490350e+02 -4.527621708627950738e+02
1.235793246229385289e+01 -3.618692954558519546e+02 -3.644332527151549357e+02 -4.380139988549267400e+02
1.142385229896449772e+01 -3.940017340370748684e+02 -3.959710494645760832e+02 -4.559574774171282456e+02
1.287011943710011153e+01 -3.799414258253702883e+02 -3.820467041791098950e+02 -4.596190585993011268e+02
1.201479297283444048e+01 -4.084667000683931519e+02 -4.095041191224993327e+02 -4.791898239897012672e+02
1.163106493418610476e+01 -3.853765411413673974e+02 -3.885269263699763655e+02 -4.511623127479953723e+02
1.027522256676095580e+01 -4.007335753394955304e+02 -4.053201117375887179e+02 -4.503989444184348372e+02
1.049014286784840166e+01 -3.948442281542030514e+02 -3.971570595614484205e+02 -4.482301529558778839e+02
1.294946817548473206e+01 -3.923430598776332090e+02 -3.967920903003634976e+02 -4.754340874610925880e+02
1.025387482267922401e+01 -3.826707810270465302e+02 -3.843773933983627558e+02 -4.379520105188588559e+02
1.243387062561790657e+01 -4.074028342204383080e+02 -4.096477918498075610e+02 -4.769114811137555421e+02
1.156482619602730821e+01 -4.023471495252833279e+02 -4.062385225361025505e+02 -4.654298511677552597e+02
1.224607970448150063e+01 -3.843656500692595728e+02 -3.856975039428978675e+02 -4.550036987427739064e+02
