# SNRtot_MF, evidence_inj, evidence_filt, nofilter]
6.078218665979646573e+01 -2.767390208059910606e+02 -2.757396328118652491e+02 -2.115681680512813728e+03
7.286291741695337976e+01 -2.639578345252584768e+02 -2.609827520755007413e+02 -2.906563711333476931e+03
5.928663600731843530e+01 -2.795144736151140705e+02 -2.785445085030852397e+02 -2.027458943103345973e+03
5.867785071564232169e+01 -2.489144177852184896e+02 -2.472272624691923113e+02 -1.956395466809163054e+03
7.151729439468846294e+01 -2.275477161327461886e+02 -2.256994384152736188e+02 -2.747654663379430076e+03
5.668481138764357041e+01 -2.322426323463518258e+02 -2.283113185704335137e+02 -1.830460617843811178e+03
6.577985360361373068e+01 -2.036774692054065099e+02 -2.018795989967423168e+02 -2.348381616540887080e+03
5.104145083634650604e+01 -2.605814451912751792e+02 -2.584607550792392203e+02 -1.555811793582031669e+03
7.747740239442507004e+01 -2.996076339028911093e+02 -2.964198426192335774e+02 -3.286960605184648102e+03
4.974726660951171908e+01 -2.563397440148046940e+02 -2.528892254368035140e+02 -1.482895827135758964e+03
6.482693201222888035e+01 -2.556345027038099147e+02 -2.517882074758746853e+02 -2.337159624665931005e+03
8.115628498959031845e+01 -2.665477078778229156e+02 -2.663508817123662880e+02 -3.464500943453263517e+03
7.005947050143477384e+01 -2.417491914861108455e+02 -2.384491841493116624e+02 -2.687478304340756949e+03
5.968350495097180186e+01 -2.901672819182274452e+02 -2.889049766107003165e+02 -2.060042721070483367e+03
6.071914443103019465e+01 -2.166219022806105841e+02 -2.152785401686428770e+02 -2.046339591590356804e+03
6.002509318691286921e+01 -2.420359445870620050e+02 -2.390458699941554528e+02 -2.031980532775076654e+03
7.464140733228755664e+01 -2.139132975512436019e+02 -2.080697121279841326e+02 -2.944105349760998251e+03
7.156214560701351957e+01 -3.411753283496032054e+02 -3.379817199354040440e+02 -2.894203068009930575e+03
5.504037938048695366e+01 -2.621507287990463624e+02 -2.591411635144460206e+02 -1.767637233577258939e+03
7.787318586260140307e+01 -2.356947845698265382e+02 -2.349588162101492514e+02 -3.232247664284413986e+03
5.868109931662980472e+01 -2.589475283555145211e+02 -2.556537361096567906e+02 -1.971800252852840231e+03
5.237376054954789595e+01 -2.788563936806972947e+02 -2.757492327185349268e+02 -1.643454052648566176e+03
6.483494798670210457e+01 -2.482424387423934888e+02 -2.451647587158043109e+02 -2.325673317057713575e+03
5.775793554592566181e+01 -2.356045080249571981e+02 -2.325149859370237948e+02 -1.884381256122444029e+03
6.721136017813759622e+01 -2.416034770896210091e+02 -2.389844658728971183e+02 -2.459241747491399565e+03
5.651049241361721442e+01 -2.693490187313903448e+02 -2.661561436620655741e+02 -1.860427935068278202e+03
7.057709847908286349e+01 -3.286748923753845020e+02 -3.255287152707205109e+02 -2.810164425713897799e+03
6.210908093268063368e+01 -2.561516066337867414e+02 -2.535255042264619760e+02 -2.177732412188233866e+03
6.971443170398266886e+01 -2.367938808738687442e+02 -2.332445022658257301e+02 -2.651259164350969513e+03
6.473716586320919930e+01 -2.248875081267093208e+02 -2.206925822466886302e+02 -2.293061032659451485e+03
5.330107121121737634e+01 -3.108226128500703567e+02 -3.081308161997573620e+02 -1.725435526840439024e+03
6.406926859767381188e+01 -1.983450614518997952e+02 -1.968894834632370419e+02 -2.193689793266270499e+03
5.743024219557943155e+01 -2.103107188119094815e+02 -2.097873561533601219e+02 -1.845521059207177814e+03
6.263781913704814031e+01 -2.511720834696490954e+02 -2.478799088893631506e+02 -2.203196613539615100e+03
7.331156961332281696e+01 -2.337978924823096634e+02 -2.254979874446114820e+02 -2.856926568909605976e+03
5.698202256627051554e+01 -3.391682328750613351e+02 -3.360014877319441098e+02 -1.954765514351268848e+03
7.842412573798901576e+01 -2.803584138425500782e+02 -2.796929050979821909e+02 -3.209389309060935375e+03
7.593287236258886708e+01 -2.279928689292087256e+02 -2.126635723502386952e+02 -3.020929360476472993e+03
6.176015480358161369e+01 -3.121505841280741151e+02 -3.092018839270027684e+02 -2.207862848324930383e+03
6.421371042330028445e+01 -2.970375349123250999e+02 -2.955795208103583036e+02 -2.345639158806316573e+03
8.001429980477129789e+01 -2.984721686474417766e+02 -2.934402927974097679e+02 -3.381371250551832418e+03
6.566197580413695789e+01 -2.289693860604205611e+02 -2.250239447850381111e+02 -2.352625995381929442e+03
6.765289709842866728e+01 -2.532456768324864242e+02 -2.493138046894949582e+02 -2.481326143087620039e+03
6.451511226181477809e+01 -2.747212730333722561e+02 -2.708497980354811148e+02 -2.342876849870856859e+03
5.911731194487104091e+01 -2.326322951810161044e+02 -2.320927397864660975e+02 -1.953283893830895977e+03
6.730607896420620762e+01 -2.202506742290367185e+02 -2.159918301780357126e+02 -2.446187229839216343e+03
5.987818919067233736e+01 -2.061003265945781493e+02 -2.043644004109426930e+02 -1.949651388301825364e+03
8.069354943967353222e+01 -3.139871128878741047e+02 -3.104984512428726475e+02 -3.560517394217501078e+03
8.212313039235122858e+01 -2.748320029829525879e+02 -2.625981620265645233e+02 -3.529377365741006543e+03
7.072038447608645129e+01 -2.652051813345171922e+02 -2.625622139843837886e+02 -2.753799514980160893e+03
8.422477448804788480e+01 -2.634662342786418776e+02 -2.524490528262636246e+02 -3.708968515066831969e+03
7.012714976372220121e+01 -2.121439149697324922e+02 -2.076601207172999466e+02 -2.638141114231975735e+03
6.254311188571811897e+01 -2.144808252461125164e+02 -2.117110330597249686e+02 -2.160279637499076671e+03
5.919465541166729139e+01 -2.163734367907444778e+02 -2.137768888801408593e+02 -1.938553270498242000e+03
8.597598175326251635e+01 -2.319858288234865995e+02 -2.274068989958666407e+02 -3.871374231788556244e+03
7.104636135404045660e+01 -2.213218668687358104e+02 -2.169000869280380073e+02 -2.698646943231088699e+03
7.410444153651044985e+01 -2.093072604357014086e+02 -2.066296525046626584e+02 -2.915558571841951107e+03
8.471078074754377951e+01 -3.125355827421556114e+02 -2.914509642119404589e+02 -3.741473036805766242e+03
4.915550034928831025e+01 -2.422450984456028777e+02 -2.394000023771810390e+02 -1.444070750978851720e+03
6.817800403960481503e+01 -2.480522777586035659e+02 -2.437105379417066331e+02 -2.541011621029142134e+03
7.561253584821415075e+01 -2.465726490527778765e+02 -2.450009926021477042e+02 -3.064327553019927109e+03
7.343450975592173791e+01 -2.181226164933935934e+02 -2.166419299104096581e+02 -2.865885900694463544e+03
6.147218253830599366e+01 -1.861660736471546045e+02 -1.840392204219009216e+02 -2.048834542854272058e+03
7.638851022693428661e+01 -2.554292390479025983e+02 -2.553985949601348580e+02 -3.136306229755316963e+03
7.378833470875576950e+01 -2.648036089702078471e+02 -2.612955106158636909e+02 -2.975655094905803253e+03
5.278555540243806377e+01 -2.445702664381419993e+02 -2.417276490523081804e+02 -1.626243932356538153e+03
6.261585833268895129e+01 -2.172620039439369464e+02 -2.129845991899135811e+02 -2.154192704422608585e+03
6.193845601718452087e+01 -2.364153844567684075e+02 -2.331786481846852439e+02 -2.134741419570932521e+03
5.674505193788600366e+01 -2.312073709376277293e+02 -2.280961895877312600e+02 -1.833613635383601377e+03
5.748202984016061379e+01 -2.751727491624300228e+02 -2.736386261342466355e+02 -1.918752123962020733e+03
8.795159414709345924e+01 -2.235866204720475992e+02 -2.178096558422495264e+02 -4.036310200958277164e+03
7.582955859789446151e+01 -2.363814102223632574e+02 -2.298743335203523657e+02 -3.054832988548879712e+03
6.281114706524725477e+01 -2.509573767426205961e+02 -2.478172002324303094e+02 -2.214280073249848556e+03
7.267724575664563247e+01 -2.357561335895054526e+02 -2.336757521593472404e+02 -2.842443337390146553e+03
8.351360381635726071e+01 -3.405727809269319550e+02 -3.308768335223597319e+02 -3.628703124677316737e+03
6.007582420666780365e+01 -2.031695560615175395e+02 -2.003996505178723453e+02 -1.982078562413667441e+03
6.901315604860050712e+01 -2.310933809879453804e+02 -2.288408260052208050e+02 -2.553336426530521749e+03
6.771616428231338602e+01 -2.273850672364458774e+02 -2.245468994206980824e+02 -2.498634430087663077e+03
6.376909055175084262e+01 -2.271757745348522803e+02 -2.242979477811005893e+02 -2.246989034850770167e+03
5.919773913270783794e+01 -2.113035702495171222e+02 -2.079076289479682202e+02 -1.940055706442750079e+03
7.542589125836961728e+01 -2.686368028899647129e+02 -2.678352498917589628e+02 -3.084979380386805587e+03
6.904247083213309111e+01 -2.522896034122525464e+02 -2.512903778932865464e+02 -2.606556671936953535e+03
7.132972161550806334e+01 -2.089462781335061550e+02 -2.044112052384508331e+02 -2.721406927833771533e+03
6.602956730247528583e+01 -2.200400702727496594e+02 -2.173616110754535384e+02 -2.362166805082223618e+03
5.637869358951730447e+01 -2.459367221838834610e+02 -2.420332213570391389e+02 -1.822233372765198283e+03
8.100576610070206129e+01 -2.220539288038619929e+02 -2.219558987472287583e+02 -3.450818182627353963e+03
6.921498519772843849e+01 -2.491635457871118717e+02 -2.455504199698048922e+02 -2.626284791104503711e+03
9.020952025437941302e+01 -2.491843254852268217e+02 -2.479259605848151864e+02 -4.303081533756329009e+03
4.793078928994120957e+01 -2.693282822880086655e+02 -2.665758804462126932e+02 -1.413168267542561125e+03
6.377543696637547299e+01 -2.329652427873568001e+02 -2.314353203246602391e+02 -2.246590442076109866e+03
7.827581043527165150e+01 -2.515751049684665475e+02 -2.493373491322794564e+02 -3.298751062704626747e+03
6.675730157243410190e+01 -2.398735661640712067e+02 -2.362999050408282073e+02 -2.451580834140258048e+03
6.248036578336130731e+01 -2.309369175180324589e+02 -2.289093353732677372e+02 -2.162030849947450406e+03
7.998948003447215171e+01 -2.298825538121095349e+02 -2.305025047240522440e+02 -3.358917509551950843e+03
5.117621966038754522e+01 -2.590018522343804079e+02 -2.556463489011836714e+02 -1.564939474753400418e+03
6.538255856690267365e+01 -2.186960611019587191e+02 -2.153461027076937739e+02 -2.314864592904798428e+03
8.662638053769573787e+01 -2.510166377748031152e+02 -2.440454511304705250e+02 -3.889004334895152169e+03
7.628307498967123479e+01 -2.244924990348127380e+02 -2.224584293514340629e+02 -3.099656706653535366e+03
7.329596208413860836e+01 -3.213877715084421993e+02 -3.180650098284547198e+02 -3.002419302391840574e+03
5.503142952311427649e+01 -2.505846595073255969e+02 -2.474378966154035879e+02 -1.747564683041936632e+03
8.249276121093173231e+01 -3.108111609735883576e+02 -3.122258879925137194e+02 -3.543206969418213248e+03
6.585039456437941396e+01 -2.340349536915292106e+02 -2.308390193495656888e+02 -2.365273541191298591e+03
5.898545085581758229e+01 -2.199081327910767811e+02 -2.189119807243602338e+02 -1.943760335612054632e+03
6.346690878668226077e+01 -2.407083455013553532e+02 -2.376926284905693763e+02 -2.236284983421317975e+03
6.445094903718934631e+01 -2.238398444123697004e+02 -2.205762665120405188e+02 -2.270868415528720107e+03
6.986418461963486948e+01 -2.179591623648206280e+02 -2.179997138933239000e+02 -2.607000441555934685e+03
7.153444062050546393e+01 -2.272936684261961489e+02 -2.258990338669226219e+02 -2.722152602244215359e+03
5.926534132711567793e+01 -2.603513871813303808e+02 -2.585780669509450149e+02 -2.005502349989138338e+03
4.851214645537594095e+01 -2.898184717096569898e+02 -2.870214738808837751e+02 -1.461440588257690933e+03
5.713868316672740377e+01 -3.047004015671769821e+02 -3.016183383676761878e+02 -1.932416703789795065e+03
7.577745946638206931e+01 -2.849699476613665752e+02 -2.820072629719060160e+02 -3.048323524486619135e+03
7.449933256364285228e+01 -2.111204688998095378e+02 -2.101385634322278975e+02 -2.932647483522448965e+03
6.776491295303857498e+01 -2.284313969477667570e+02 -2.239259451035704274e+02 -2.478526712461530678e+03
6.404572951087310173e+01 -2.369116099398991082e+02 -2.337844549019660008e+02 -2.277782650902970090e+03
8.759664403210057060e+01 -2.484228005282372465e+02 -2.425120558724062505e+02 -4.018454735519383121e+03
7.518438050109992332e+01 -2.467530948812673159e+02 -2.445061541063087702e+02 -3.050458269351408035e+03
6.070313359642990036e+01 -2.280029262701552284e+02 -2.239586349039108484e+02 -2.052655457768864380e+03
5.774809382558456861e+01 -2.353285708023133793e+02 -2.321409253271816056e+02 -1.895203202408398738e+03
8.739228151840278258e+01 -2.345572315984816498e+02 -2.278916692780986466e+02 -4.003892174863751734e+03
6.432935165787660026e+01 -2.208618216145842439e+02 -2.178585332616266612e+02 -2.249373792951806081e+03
6.936057383654164710e+01 -2.919505130435762226e+02 -2.897629556464040661e+02 -2.683280136273379412e+03
6.945605022365158732e+01 -2.302437385137643560e+02 -2.268715023357960661e+02 -2.632275359654011481e+03
7.324046990900025378e+01 -2.949823257473469766e+02 -2.920531443148352082e+02 -2.963469013990543317e+03
9.087752344972733454e+01 -2.719415340844151956e+02 -2.618595834778888616e+02 -4.287009964158971343e+03
7.994982400056497340e+01 -2.963471346559206268e+02 -2.922265601352195858e+02 -3.473732824115797484e+03
6.098563157911289068e+01 -2.242239161216999150e+02 -2.204533399028126723e+02 -2.055394570524696519e+03
8.834751895917567310e+01 -3.100090096404907740e+02 -2.735160787042929655e+02 -4.045933006550800201e+03
8.236512631721610944e+01 -4.099512252633777507e+02 -3.882152114165307921e+02 -3.535016714934591164e+03
6.364825907518748238e+01 -2.270508797040066042e+02 -2.223506368816112513e+02 -2.228285366693676224e+03
6.049199807386249006e+01 -2.149437200253565834e+02 -2.119558403709692982e+02 -2.029333513768788180e+03
7.044690354784520991e+01 -2.479275324833310776e+02 -2.428057360407476324e+02 -2.689712600174319505e+03
6.540697680158413618e+01 -2.533918362769957753e+02 -2.505018440123976120e+02 -2.386741753863132089e+03
7.872031573764354562e+01 -2.285619141933447054e+02 -2.294586742429524122e+02 -3.270232339370626505e+03
7.095969214872457087e+01 -2.449004988746655158e+02 -2.436674308971065841e+02 -2.744727532144727320e+03
6.029954169254421714e+01 -2.229098841618944107e+02 -2.197146533250480616e+02 -2.031817409426490258e+03
8.578943542441311365e+01 -2.365728957260515415e+02 -2.361422044245066729e+02 -3.870329174997024893e+03
8.550193042478666428e+01 -3.724555670760725548e+02 -3.533853573414691027e+02 -3.807914905194638777e+03
5.527810434200799250e+01 -2.831571633866167303e+02 -2.826689070653382032e+02 -1.800215093766141990e+03
7.687647082644947716e+01 -2.147065073573733969e+02 -2.138238332759600269e+02 -3.142196207044221410e+03
7.666824846476758637e+01 -2.246918381745079500e+02 -2.221154103705322598e+02 -3.136236300003686210e+03
7.388211550231652325e+01 -2.943104764062117624e+02 -2.913718120027119767e+02 -3.009103706598169538e+03
4.942297603017093621e+01 -3.300950451382377651e+02 -3.274434424613281749e+02 -1.545743903834729736e+03
6.034097750116811909e+01 -2.371122079605727322e+02 -2.335190124844790489e+02 -2.044591111892867730e+03
9.070631915122366706e+01 -2.663067677686853472e+02 -2.692937972195035741e+02 -4.284706677516296622e+03
6.499685172945527256e+01 -3.335672608740434839e+02 -3.301761025969605612e+02 -2.437763267653808725e+03
7.839349986666816505e+01 -2.684688700119899067e+02 -2.647282157750269107e+02 -3.327079695505738528e+03
5.990199852665509894e+01 -2.308008121478372630e+02 -2.275876968394534288e+02 -2.012636008769952241e+03
8.362124702969343559e+01 -2.847548086748671494e+02 -2.862849895364229837e+02 -3.662416160185787703e+03
5.931239582397689247e+01 -2.785893959186993811e+02 -2.756956638115855753e+02 -2.031302021765739482e+03
7.648330200460669914e+01 -2.458118253943212039e+02 -2.422450020503213182e+02 -3.161372546226409668e+03
6.309439141490312863e+01 -2.617737096291319290e+02 -2.590621206818742621e+02 -2.235630452343302750e+03
