# start_time, SNRtot_MF, SNR220_MF, SNR221_MF, SNR330_MF, evidence220, evidence220_330, evidence220_221_330, np.log10(occams220_221), np.log10(occams220_221_330
2.900000000000000000e+01 2.784303889211623861e+00 2.256916778371059973e+00 -1.772970737149444753e+00 2.077285651329841887e+00 -3.825592955692399073e+02 -3.785443717432823405e+02 -3.783834921338042818e+02 -3.788199767610887534e+02 -1.575967401990313321e-01 -1.443132917219828448e-01
3.650000000000000000e+01 1.168387583128517537e+00 1.364671482072929543e+00 -5.566855641361551088e-01 -2.164865510333411572e-03 -3.816251441585707198e+02 -3.818621066881091224e+02 -3.824425254087517487e+02 -3.825439832295207907e+02 -9.383947690383803719e-02 -1.617682656014929887e-01
2.500000000000000000e+01 5.326707518494014693e+00 4.288454941387913166e+00 -2.055839424449318997e+00 3.479680644557454183e+00 -3.905057886374550549e+02 -3.771679908060220896e+02 -3.781089780218283636e+02 -3.777937543460583356e+02 -2.088615860286818504e-01 -2.329592831349771853e-01
5.000000000000000000e+00 1.692695378727050581e+01 1.173223449470554414e+01 9.303246366568189707e-01 1.127573600997524395e+01 -5.623855357375678068e+02 -4.107685321642297822e+02 -3.929015146799119407e+02 -3.784020688592223678e+02 -1.510135694709354270e+00 -1.220414249610555224e+00
2.050000000000000000e+01 4.679658199040964917e+00 4.636589149628394857e+00 -1.371956452840901397e+00 3.474618334402109099e+00 -3.906909693362489975e+02 -3.828764786081453622e+02 -3.783500215258756612e+02 -3.793030034617630690e+02 -9.366396306866173749e-01 -3.983308339757614114e-01
2.400000000000000000e+01 5.700943654987545628e+00 5.054415202826373132e+00 -2.355219512781200120e+00 3.158342422879712785e+00 -3.901249252601425042e+02 -3.758283466652853235e+02 -3.774669291468122765e+02 -3.770787257052715518e+02 -2.239552750813686155e-01 -1.979311398301054625e-01
1.650000000000000000e+01 4.608551592427608590e+00 6.931551034852856397e+00 -1.203623201958688327e+00 3.385533576215450147e+00 -3.942836990568832789e+02 -3.850741092788201740e+02 -3.817828536400810435e+02 -3.792570894443671250e+02 -8.278782237517980924e-01 -5.068430353093188456e-01
3.200000000000000000e+01 1.345358119817911424e+00 1.266357967629500703e+00 -1.060952716543578589e+00 1.356998079787345546e+00 -3.791018144773772747e+02 -3.788156002386003252e+02 -3.793717165875248156e+02 -3.797188469797258108e+02 -7.091083472820451650e-02 -8.298146674916558052e-02
8.000000000000000000e+00 1.192343773712700106e+01 1.046290106176319945e+01 -1.542577394600204987e-01 9.105992008552744821e+00 -4.842549238283597219e+02 -3.956522678014495114e+02 -3.883249665697006208e+02 -3.808639833246555213e+02 -1.926786667100995443e+00 -9.025730209768445533e-01
3.450000000000000000e+01 7.915279644266979275e-01 1.017378076196696624e+00 -1.100025925512086111e+00 1.046364355162250570e+00 -3.787483786661918543e+02 -3.786819353529788259e+02 -3.788483154936787400e+02 -3.794726455531241527e+02 -1.470374493255701687e-01 -1.797585990558910884e-01
4.800000000000000000e+01 -3.445685606218410468e-01 -4.676818121389426097e-01 1.430639976186893536e+00 1.026712539488828513e-01 -3.822420656683829066e+02 -3.825662346056547563e+02 -3.824840867172563321e+02 -3.828394811958489754e+02 -1.640853028945813419e-01 -2.833805512668926552e-01
7.000000000000000000e+00 1.193463642384516987e+01 1.042725288523664062e+01 6.604011046138721364e-01 9.077887613267268563e+00 -4.842277807666228000e+02 -4.026924274977506002e+02 -3.890326990297569978e+02 -3.805168058887225015e+02 -2.081883771768477942e+00 -1.025864449001312240e+00
4.150000000000000000e+01 2.926272237952611821e-01 4.108217183954607221e-01 -3.458718060708799724e-01 2.173136614646561104e-01 -3.815788480197653598e+02 -3.823182295783084328e+02 -3.830221506037904646e+02 -3.832182465497170938e+02 -1.408415810052015826e-01 -2.647865721736964995e-01
3.500000000000000000e+00 2.304432267438599524e+01 1.470089051022086934e+01 8.221207853425381851e-01 1.365149275865040224e+01 -6.861891256918431736e+02 -4.106662745099988570e+02 -3.975145046485619673e+02 -3.778692648876303792e+02 -2.512759838535503221e+00 -1.239536358138916494e+00
1.850000000000000000e+01 4.786805141026347243e+00 6.005059766114920983e+00 -1.358239761018465996e+00 3.030322022719593722e+00 -3.935642688029275860e+02 -3.846596552091421017e+02 -3.804747682185623034e+02 -3.796438303096845175e+02 -9.442499612877307547e-01 -4.904689675828901585e-01
1.450000000000000000e+01 5.270948297830956086e+00 7.236883198468263778e+00 -2.289827145780567730e-01 3.628427283362491984e+00 -3.961902829621557771e+02 -3.839058852505065147e+02 -3.802411197885662091e+02 -3.781467151739120709e+02 -1.087746287716497173e+00 -5.584101091272586359e-01
4.050000000000000000e+01 2.522907893764884113e-01 4.637366312266057444e-01 -3.455779127683140106e-01 2.908517067538798351e-01 -3.781926486494471646e+02 -3.792684394346927093e+02 -3.803785114738406037e+02 -3.810018184443309792e+02 -1.429220241721503304e-01 -2.024077375847007088e-01
3.000000000000000000e+01 2.391552364720184176e+00 1.878908954010407806e+00 -9.653844901225482333e-01 1.922239344567709063e+00 -3.809266381125001431e+02 -3.785074308444505959e+02 -3.786974221691932598e+02 -3.791439017000556646e+02 -1.292527464857322894e-01 -1.340867018332369820e-01
2.350000000000000000e+01 5.121629844539240750e+00 4.707034673957614324e+00 -1.098683328265138703e+00 3.688497671974993342e+00 -3.908270513904496397e+02 -3.764103854669658631e+02 -3.767808523467051032e+02 -3.765504480118997321e+02 -4.572811163554516556e-01 -3.197814919022092250e-01
3.250000000000000000e+01 7.472507099716888535e-01 8.054376044682142188e-01 -6.696515007433628819e-01 9.909945774017886455e-01 -3.782823335436505658e+02 -3.785682333412202070e+02 -3.792873976299868559e+02 -3.795220344555881411e+02 -7.566619320983149211e-02 -1.056695046919695763e-01
8.500000000000000000e+00 1.170939555123669784e+01 1.045618490798393019e+01 -8.215225287344598559e-01 8.955177411440404356e+00 -4.808801363795460588e+02 -3.936493476059013119e+02 -3.869691423039350866e+02 -3.798610939127687516e+02 -8.411102267826855439e-01 -7.821569863304155268e-01
1.350000000000000000e+01 4.674141662215936854e+00 7.141446809974754117e+00 -5.482206137972186477e-01 5.009509878262502269e+00 -3.997669687176640423e+02 -3.860985807260362321e+02 -3.816807058132959014e+02 -3.779161207337896258e+02 -7.896111030649375362e-01 -5.753534041042689395e-01
4.200000000000000000e+01 -3.249992097213424969e-02 6.419383616935260550e-02 -3.787885058466173849e-01 6.756759312566398279e-01 -3.828180293748705481e+02 -3.828421233666323360e+02 -3.824694131107285102e+02 -3.827361187086885934e+02 -1.120596632864006847e-01 -2.080996160373622117e-01
2.450000000000000000e+01 5.713417320090744767e+00 4.845800564561822732e+00 -2.566107492797843559e+00 3.239745033038303301e+00 -3.926257290524744690e+02 -3.774354217274122902e+02 -3.781945779727086574e+02 -3.778560058688755134e+02 -2.197166451114494767e-01 -2.196674973173718959e-01
3.350000000000000000e+01 6.519132235277989018e-01 8.831831084347229188e-01 -1.028085115638732505e+00 1.051890222188539337e+00 -3.781809331034378374e+02 -3.786426627919007046e+02 -3.793344498505556999e+02 -3.796160833208869008e+02 -7.929872620019162710e-02 -1.204537894263540271e-01
2.550000000000000000e+01 4.976791973780220424e+00 3.848419519755938101e+00 -1.696153642450685339e+00 3.522629942585135510e+00 -3.896919340366689539e+02 -3.785588826068036497e+02 -3.794761898846599024e+02 -3.789981398712002942e+02 -1.312855707873336053e-01 -1.589504267321661390e-01
0.000000000000000000e+00 2.532561514441096762e+01 1.791992398787258978e+01 5.670939850975802443e+00 1.856662888290356506e+01 -8.254020302238535578e+02 -4.236241688018894820e+02 -4.167403124647526056e+02 -3.858869916758154091e+02 -1.184524426592544089e+00 -1.460730838531492992e+00
2.950000000000000000e+01 2.649776678528748874e+00 2.116496015188618518e+00 -1.400217770592512512e+00 2.091248585319040121e+00 -3.818011530784846173e+02 -3.786873622943180067e+02 -3.787646192831275584e+02 -3.791025693926159761e+02 -1.292781435056040984e-01 -1.281222707274569939e-01
2.300000000000000000e+01 5.006861963117428260e+00 4.800264766266217009e+00 -1.080236122314729652e+00 3.621367742765015940e+00 -3.902120747750574878e+02 -3.771494414003990414e+02 -3.780490329551972764e+02 -3.779876554608276251e+02 -4.538585804781017918e-01 -2.642020573049734256e-01
3.050000000000000000e+01 2.161959263908739270e+00 1.708998773865732623e+00 -8.120158711203063762e-01 1.768063364912348057e+00 -3.803232988034331470e+02 -3.783869379605341692e+02 -3.786228031218942647e+02 -3.791368631922148893e+02 -1.356192286005160341e-01 -1.450914930248402568e-01
6.500000000000000000e+00 1.227419054205259030e+01 1.049109946496201751e+01 8.755799012269498416e-01 9.161802505760332949e+00 -4.879773643356271577e+02 -4.060158629880642138e+02 -3.895470008037727325e+02 -3.806809439214786721e+02 -2.096102523810006613e+00 -1.077224331649796030e+00
3.500000000000000000e+01 1.108587773189656511e+00 1.300887047667270480e+00 -8.216352141915714835e-01 6.536774483620307885e-01 -3.778301032533491366e+02 -3.787708608970880277e+02 -3.801758323831347752e+02 -3.798968804878456353e+02 -1.022978886589486630e-01 -2.083563594247716533e-01
2.650000000000000000e+01 3.678829155729546052e+00 2.642786665866984741e+00 -6.238129610830799310e-01 3.039167139933202311e+00 -3.836229197643782527e+02 -3.774875724432922652e+02 -3.797825391669177861e+02 -3.795441326508457678e+02 -2.470179539613683306e-01 -2.659828192099509825e-01
1.400000000000000000e+01 5.077587092552091619e+00 7.203773195698302878e+00 -3.709488250713725010e-01 4.312445978869884122e+00 -3.981320771909818177e+02 -3.851681111247150398e+02 -3.811733927781122588e+02 -3.780490760912399537e+02 -8.961623385183120627e-01 -5.678287466429627894e-01
4.550000000000000000e+01 1.026748321462807867e-01 8.605500165630070031e-02 5.770480888443769718e-01 6.199531543184287896e-01 -3.828607939755634675e+02 -3.827911824274461878e+02 -3.823247308617322346e+02 -3.829402314485616330e+02 -1.723277425273024854e-01 -2.884805894124744530e-01
3.000000000000000000e+00 2.412393451791832177e+01 1.585195321790746448e+01 7.023074572619838474e-01 1.389055119899272661e+01 -7.119351268282978253e+02 -4.127106928463242070e+02 -3.979882619682882137e+02 -3.779169958490081740e+02 -2.585151014502776512e+00 -1.255153979360402738e+00
7.500000000000000000e+00 1.192198301429862539e+01 1.041659635221374458e+01 5.902811092285448202e-01 9.056467583350407580e+00 -4.841859699282309748e+02 -3.997892917764288541e+02 -3.882694140220110057e+02 -3.810633908071200722e+02 -2.025807263606285602e+00 -9.822626118947277440e-01
2.750000000000000000e+01 3.298175539573719117e+00 2.567343926670301535e+00 -7.288287319023958322e-01 2.889055857618000100e+00 -3.842504321903304572e+02 -3.792662314010193541e+02 -3.795668337925163769e+02 -3.792624275430586067e+02 -1.239699295794211564e-01 -1.476274823291056915e-01
3.400000000000000000e+01 8.779677515058367243e-01 1.124669220810483816e+00 -1.106990911364230668e+00 1.039236778004125172e+00 -3.781802203841196501e+02 -3.785831711663541341e+02 -3.789215599868329605e+02 -3.790925034120594432e+02 -8.872670764105247687e-02 -1.174140274123651184e-01
2.000000000000000000e+00 2.377540750237911737e+01 1.696846298752552329e+01 2.166859006455134740e+00 1.404646673463763129e+01 -7.178986032792179230e+02 -4.153366805019697381e+02 -3.991656626059628366e+02 -3.783140378806033368e+02 -2.721643610987491968e+00 -1.367070705857635682e+00
3.800000000000000000e+01 1.617370077378692095e+00 1.938553304190665960e+00 -1.960554753502176561e+00 -7.516810017795566568e-02 -3.790007897199715217e+02 -3.782352477674406828e+02 -3.775214877270259990e+02 -3.783922676214861553e+02 -1.575309089614844726e-01 -1.706483340853465758e-01
