# start_time, SNRtot_MF, SNR220_MF, SNR221_MF, nofilter, evidence220, evidence220_221, np.log10(occams220), np.log10(occams220_221)
3.600000000000000000e+01 3.753285264152015799e+00 3.753856605231641108e+00 1.402510951231553671e-01 -3.801283595700169826e+02 -3.747776604283262714e+02 -3.741372837464824670e+02 -6.811291758391886386e-01 -5.260604700992401739e-01
2.550000000000000000e+01 8.236789984788364549e+00 8.235025984403691268e+00 -1.881861030806764867e-01 -4.135315732258147250e+02 -3.827099666566288647e+02 -3.820119032454384183e+02 -9.401228886434672694e-01 -5.389418438826149016e-01
1.700000000000000000e+01 1.399196028111247081e+01 1.396672341043444021e+01 2.009281562045276637e+00 -4.773121331727126062e+02 -3.821036077528613646e+02 -3.805115852089356281e+02 -1.179078528042794227e+00 -8.589628098914363630e-01
7.500000000000000000e+00 2.965464253462566901e+01 3.030827677011421883e+01 4.291698343515707670e+00 -8.131790966057211563e+02 -3.781667452902797208e+02 -3.763755813697878807e+02 -1.680250925829266828e+00 -1.118485081361020095e+00
4.650000000000000000e+01 1.761084358771071834e+00 1.761001163188251395e+00 1.220003541685140913e+00 -3.788121803517872763e+02 -3.775980373730294559e+02 -3.785476817055300103e+02 -2.858138124630380528e-01 -4.110058234848765757e-01
2.950000000000000000e+01 5.099076781948931547e+00 5.104211637406659285e+00 1.376380887825250088e-01 -3.893166744181549461e+02 -3.782427690467018238e+02 -3.773502731023355068e+02 -6.305286203983857529e-01 -7.155692661554805545e-01
1.250000000000000000e+01 1.814598170999017768e+01 1.783695781654901324e+01 2.140667209146727590e+00 -5.376638197610876659e+02 -3.775725084022338365e+02 -3.757638594316381955e+02 -1.413923904491408257e+00 -9.563598639754369302e-01
2.000000000000000000e+01 9.406910462898498082e+00 9.374195878384067981e+00 1.709202967433963272e+00 -4.228467883331200028e+02 -3.819931136440307569e+02 -3.809978221826825120e+02 -1.115065560894822116e+00 -8.109215773566442742e-01
3.350000000000000000e+01 4.099728655865602533e+00 4.099478682237888805e+00 2.872922346562860607e-01 -3.805892674221560696e+02 -3.742611375916662269e+02 -3.736096212417208449e+02 -6.682889386762952411e-01 -7.063742813610772719e-01
4.300000000000000000e+01 1.609576273058523688e+00 1.609652287884569155e+00 3.939072815126712923e-01 -3.784609300910645970e+02 -3.785034261515676803e+02 -3.780187473644778606e+02 -2.195692184117921664e-01 -3.647370786722003433e-01
2.000000000000000000e+00 5.731952466770341204e+01 5.378260714971981571e+01 1.155217460898706250e+01 -2.015448727842636345e+03 -3.844574429863135379e+02 -3.776810337678641076e+02 -2.072232386092296874e+00 -1.484073590991487945e+00
2.450000000000000000e+01 7.804869110554180978e+00 7.804337520332381040e+00 1.112686575880753814e+00 -4.127218891849640272e+02 -3.845312173470308608e+02 -3.829870530201845895e+02 -8.810496626122552577e-01 -8.066371397319502812e-01
3.700000000000000000e+01 3.646868572181143797e+00 3.647251405996174700e+00 2.452657820091114771e-01 -3.794010443169746054e+02 -3.740899870326505265e+02 -3.737420562871214997e+02 -6.530939880324404534e-01 -4.682834302429679796e-01
1.600000000000000000e+01 1.516811223027679745e+01 1.524750105560221414e+01 1.368574593815267804e+00 -4.920011298900967631e+02 -3.803589414077620177e+02 -3.789507197851623914e+02 -1.207582239014935999e+00 -8.738371589479803081e-01
6.500000000000000000e+00 3.073380959824977765e+01 3.055214009110303763e+01 6.480795735455420647e+00 -8.458200207068304053e+02 -3.792600953410575926e+02 -3.762902290719663938e+02 -1.759277370776730631e+00 -1.135961753937603236e+00
4.750000000000000000e+01 2.149221030432630020e+00 2.149122749450885994e+00 1.114132103018456776e+00 -3.787709471100568521e+02 -3.771086643554836542e+02 -3.783080939315549358e+02 -3.247152950395016391e-01 -3.837082604008464903e-01
2.850000000000000000e+01 5.455437133630802293e+00 5.464797737064777117e+00 -8.130307513283306919e-01 -3.937473498664846829e+02 -3.809211447107831532e+02 -3.802402434733111249e+02 -6.836185706575073073e-01 -6.810516117106473200e-01
1.350000000000000000e+01 1.571198521810892501e+01 1.578234959844562901e+01 1.066188753365245212e+00 -4.953043566754736275e+02 -3.771214202378298523e+02 -3.755306976371848577e+02 -1.354275507617206387e+00 -9.814874088295535426e-01
3.250000000000000000e+01 4.238496292069253712e+00 4.238063113882926558e+00 4.049775318447141337e-01 -3.817627999463924198e+02 -3.748144507178780032e+02 -3.742776014503481292e+02 -5.959072718007292213e-01 -7.294194061438039611e-01
2.100000000000000000e+01 8.863177289871769560e+00 8.864691007369110309e+00 2.128525922495648981e+00 -4.187743929692525171e+02 -3.821378429128178027e+02 -3.809659782536600687e+02 -1.066794148836121892e+00 -7.334111781765458860e-01
4.200000000000000000e+01 1.647302186069927288e+00 1.647255075685386538e+00 6.064047614308725187e-01 -3.769144456981451867e+02 -3.768134031406669351e+02 -3.777505923331662530e+02 -2.442858768272447301e-01 -3.607001629043824487e-01
3.000000000000000000e+00 5.440394757677369597e+01 4.897480670036090800e+01 1.005207479043549235e+01 -1.852029138331280137e+03 -3.789022025324193237e+02 -3.752389791698112731e+02 -2.008982907460777678e+00 -1.255639062044479726e+00
1.500000000000000000e+01 1.535290448403318564e+01 1.549682912042933225e+01 2.097849798332181326e+00 -4.933849180580160692e+02 -3.788160780430235377e+02 -3.773173675910301199e+02 -1.270499578493449189e+00 -9.076181039752686530e-01
9.500000000000000000e+00 2.831166787767503124e+01 2.808505172330064426e+01 1.961146353926615182e+00 -7.741671394122823813e+02 -3.773372318355752668e+02 -3.759545840614023859e+02 -1.543946825216392149e+00 -1.144369636282604574e+00
3.400000000000000000e+01 3.823329651954438191e+00 3.823464098447326265e+00 1.506750312672259229e-01 -3.796382508920833061e+02 -3.746092673181126429e+02 -3.738539123452234207e+02 -6.095163402246019935e-01 -6.888510975911843470e-01
2.750000000000000000e+01 5.731725889981563959e+00 5.737504537042196873e+00 -6.409631629454218826e-01 -3.957010142273393853e+02 -3.820689573868615980e+02 -3.814766309153949919e+02 -7.834968477158243960e-01 -5.907215098516723772e-01
4.850000000000000000e+01 2.162450503330587637e+00 2.162330287768646997e+00 1.118826299455195405e+00 -3.807655377866640833e+02 -3.797863919934839601e+02 -3.822085910549959635e+02 -4.158849214490710211e-01 -3.991540645448497515e-01
4.450000000000000000e+01 1.775636932827469705e+00 1.775639911454946596e+00 6.001708746480720613e-01 -3.790129757842566960e+02 -3.786596984778696537e+02 -3.807310186077014009e+02 -4.300179759812516322e-01 -3.638332785903460875e-01
3.800000000000000000e+01 3.473324478112905567e+00 3.473423137159493024e+00 4.511413358806442564e-01 -3.791397416236619051e+02 -3.744198044325964361e+02 -3.739565681564704391e+02 -4.709127578317552354e-01 -2.630353823739330910e-01
5.500000000000000000e+00 3.441532458125894323e+01 3.217682977642773068e+01 7.443996106920250710e+00 -9.659688367937894782e+02 -3.793469698539962565e+02 -3.761951263664934118e+02 -1.825528237470728454e+00 -1.196810685928749507e+00
1.900000000000000000e+01 1.061783079981231737e+01 1.055161984324219482e+01 1.296141227469455481e+00 -4.350162909142771923e+02 -3.818669144039033085e+02 -3.813462301295070915e+02 -1.143056830786111977e+00 -8.094945214737011563e-01
2.200000000000000000e+01 8.777055814974046299e+00 8.802269787345272434e+00 1.446315889200816773e+00 -4.164719168912016016e+02 -3.811555437908765498e+02 -3.808033845988166490e+02 -1.016501304340326817e+00 -7.272861974035866872e-01
3.150000000000000000e+01 4.430859726815167932e+00 4.431367697645949733e+00 3.776298146151732538e-01 -3.837159160405990974e+02 -3.758297231045424951e+02 -3.751431820108217039e+02 -5.729885433807040407e-01 -7.333965959728375728e-01
1.050000000000000000e+01 2.557887529241623881e+01 2.500815727110703079e+01 1.878988614589079731e+00 -6.995294153105481882e+02 -3.765681697134131127e+02 -3.750800254738326203e+02 -1.516548979488156368e+00 -1.051664709909755135e+00
0.000000000000000000e+00 6.044161080177484280e+01 5.678021615081201645e+01 2.831119380916828376e+01 -2.198560009002845618e+03 -4.012842697840730466e+02 -3.784233567853968339e+02 -2.341668977553001518e+00 -1.602383407861640352e+00
4.100000000000000000e+01 1.729191048707820144e+00 1.729135267681850996e+00 4.162478741446133390e-01 -3.758413307673976078e+02 -3.762235365099053865e+02 -3.774164350473677132e+02 -2.648708468133125216e-01 -2.905322335750545326e-01
8.500000000000000000e+00 2.959617897129284714e+01 2.992089126528151155e+01 2.936880602214870795e+00 -8.113144778877963290e+02 -3.778111112621826919e+02 -3.760431414367700427e+02 -1.607263781777681144e+00 -1.090956556839172586e+00
1.400000000000000000e+01 1.539786335172398068e+01 1.556561499409088434e+01 8.968889103955546283e-01 -4.904050734920824652e+02 -3.775366804653470467e+02 -3.765270289621520305e+02 -1.342913290310888907e+00 -1.038190417715328717e+00
2.650000000000000000e+01 6.437195464030227576e+00 6.436592507167598676e+00 -2.946384310458150524e-01 -4.001309939191471585e+02 -3.832627473495103345e+02 -3.827386807420427317e+02 -8.425514812077354865e-01 -6.732246584266432521e-01
4.950000000000000000e+01 1.773164795601009258e+00 1.773102398228044052e+00 5.800282880733947932e-01 -3.806727138059566187e+02 -3.802854876018432151e+02 -3.827439418807663287e+02 -2.852730630921452293e-01 -4.212598605735837776e-01
3.500000000000000000e+01 3.794337157743384648e+00 3.794614713152774765e+00 3.024061477558589450e-01 -3.802309711033583994e+02 -3.748940073466085323e+02 -3.742168427488053908e+02 -6.953480679729451275e-01 -6.369738936892410663e-01
3.900000000000000000e+01 3.271741505962487029e+00 3.271708470027429705e+00 4.143181391648573797e-01 -3.772661733234036774e+02 -3.742770003063153013e+02 -3.748093187143285263e+02 -4.011239951174359608e-01 -2.232834984601274331e-01
4.550000000000000000e+01 1.509997231458714229e+00 1.509906303291843832e+00 1.449631053598083863e+00 -3.794389768774403251e+02 -3.781959097905025828e+02 -3.795794325244179959e+02 -3.337131726593845493e-01 -3.662434302725278146e-01
1.800000000000000000e+01 1.273937031666665831e+01 1.266865444645183381e+01 1.529495842258638882e+00 -4.608878162871960740e+02 -3.829229519051616535e+02 -3.834517325062362261e+02 -1.158612579769582096e+00 -7.927593250045226192e-01
4.500000000000000000e+00 4.263371973625831401e+01 3.788652238388821303e+01 9.402032568850147598e+00 -1.281804333474626901e+03 -3.800936844406373325e+02 -3.758944080850298519e+02 -1.943492360603848113e+00 -1.206757450406181542e+00
3.050000000000000000e+01 4.523294030824090761e+00 4.524988873557797220e+00 1.010264513759145277e+00 -3.851579258361574603e+02 -3.764458996335955021e+02 -3.756957002082048689e+02 -6.144447294734570741e-01 -7.162976428157790121e-01
2.300000000000000000e+01 8.802261106073926200e+00 8.825557162957762714e+00 5.528383257069623413e-01 -4.201608677953544770e+02 -3.841259274057266566e+02 -3.833671480064281241e+02 -9.198992321258430138e-01 -7.380438529538243531e-01
1.150000000000000000e+01 2.134536434848253350e+01 2.077027615780014358e+01 1.910162433102291057e+00 -5.997233504567775526e+02 -3.759494160356346129e+02 -3.761863042759736118e+02 -1.458247375112749600e+00 -1.057961157960488841e+00
1.000000000000000000e+00 5.772790458711030936e+01 5.640240183958950126e+01 1.753012932000841673e+01 -2.038667759869409792e+03 -3.918124672942681741e+02 -3.785257842172281926e+02 -2.145535730174372713e+00 -1.555505768222122942e+00
4.000000000000000000e+01 3.227499479219832157e+00 3.227338872208281639e+00 5.736240929251585907e-01 -3.786342842337313641e+02 -3.749356127968343344e+02 -3.730894816939344878e+02 -3.766737411514056721e-01 -3.146250407232464852e-01
3.500000000000000000e+00 5.090666646166023668e+01 4.515382546881239989e+01 1.004932811627315203e+01 -1.667984189217519088e+03 -3.793733489990138423e+02 -3.752407412330783245e+02 -1.987256949429016650e+00 -1.234006237582674137e+00
4.250000000000000000e+01 1.599499998500803821e+00 1.599536703789673719e+00 4.700891212031748090e-01 -3.774571675793532677e+02 -3.774438378105142533e+02 -3.778163179964405458e+02 -2.272570839958980293e-01 -3.561311567339970896e-01
2.150000000000000000e+01 8.786333678209858888e+00 8.796955468847944104e+00 2.325194911458552838e+00 -4.183771946127295678e+02 -3.820431245009717145e+02 -3.802695822058859108e+02 -1.036546139435402969e+00 -7.031797205983639776e-01
3.200000000000000000e+01 3.929245870582854572e+00 3.928870521639810764e+00 6.820037718167141216e-01 -3.815219929943994543e+02 -3.756396008847842722e+02 -3.746237139354410033e+02 -4.304170003656224708e-01 -7.159473092521779769e-01
1.300000000000000000e+01 1.676432911708554485e+01 1.664587263315483412e+01 1.808553235893711308e+00 -5.135499906724405719e+02 -3.783700119922938256e+02 -3.762988245570845720e+02 -1.374217925556286746e+00 -9.334382573685462425e-01
4.700000000000000000e+01 1.778114986939069775e+00 1.778019780289939566e+00 1.296521788811282550e+00 -3.788939758932287987e+02 -3.775967023398242191e+02 -3.784880080037144126e+02 -2.765840542601999963e-01 -3.521609655701355979e-01
2.800000000000000000e+01 5.357456484516820439e+00 5.367929295701719283e+00 -1.213140504727463043e+00 -3.934529503934645618e+02 -3.807827121918294324e+02 -3.801837089616046796e+02 -6.706551232403985541e-01 -7.069501597128043935e-01
6.000000000000000000e+00 3.222120376789921892e+01 3.112402080627347445e+01 7.127115383070893984e+00 -8.926466586663830185e+02 -3.793778837539214805e+02 -3.761660405193545671e+02 -1.795745331505841591e+00 -1.165380535982285526e+00
1.650000000000000000e+01 1.446662882246973325e+01 1.448293440036167645e+01 2.151228496307207916e+00 -4.812186429511741039e+02 -3.793035644094679242e+02 -3.783144281981439008e+02 -1.195160741438328955e+00 -9.872307878988197949e-01
3.750000000000000000e+01 3.703086718861522630e+00 3.703477151099531461e+00 -5.282755342605193610e-02 -3.797564289566611819e+02 -3.747942353245599065e+02 -3.743247458380293438e+02 -5.922781225643667380e-01 -3.475544947258546458e-01
2.400000000000000000e+01 8.161278146398670330e+00 8.167126941296228182e+00 1.049581435549729491e+00 -4.149845610871929580e+02 -3.842660167605347397e+02 -3.830047071368533693e+02 -8.849596564014179378e-01 -7.694560019295735298e-01
2.500000000000000000e+00 5.622194529078028324e+01 5.151657804482493219e+01 1.046249376670514231e+01 -1.953193025037551479e+03 -3.825417846992502291e+02 -3.777267991803991549e+02 -2.027813246303884043e+00 -1.429069046380238017e+00
4.350000000000000000e+01 1.554935235214511158e+00 1.554877027449140803e+00 1.020970992259604637e+00 -3.783904825040405058e+02 -3.779641653178072147e+02 -3.783876016122828219e+02 -4.176010578660043771e-01 -4.849038800540851346e-01
3.300000000000000000e+01 4.528398238502505890e+00 4.527937859138093657e+00 3.786994004483379417e-01 -3.817631749910252665e+02 -3.740532853556493365e+02 -3.732444232421882475e+02 -6.641291535921135525e-01 -6.884301676024261463e-01
2.050000000000000000e+01 9.083647065058414682e+00 9.069146596428387497e+00 1.970712803322759443e+00 -4.198665261486929126e+02 -3.820360353139179210e+02 -3.809436159639810739e+02 -1.092620649923945919e+00 -7.863537345009367074e-01
1.200000000000000000e+01 1.933901686548401599e+01 1.888462849888221839e+01 1.808662512241394849e+00 -5.595134524779971343e+02 -3.764201206024360999e+02 -3.762148549834563482e+02 -1.429286175531616854e+00 -1.045218997643695413e+00
4.600000000000000000e+01 2.192631387743798399e+00 2.192604799977681651e+00 3.541554924871747057e-01 -3.792385236450605248e+02 -3.777246908956396396e+02 -3.787333019007519965e+02 -3.060429653233015523e-01 -4.384310952822904062e-01
2.900000000000000000e+01 5.458423732363608671e+00 5.468217035712509499e+00 -1.342610309210050978e+00 -3.939550916403712222e+02 -3.806431483549736754e+02 -3.783091441023231596e+02 -5.268754176585700444e-01 -7.515764226509138446e-01
7.000000000000000000e+00 2.986739304283427288e+01 3.031244127087880358e+01 5.274167634134405702e+00 -8.195272164223449636e+02 -3.786555195287672859e+02 -3.762973748508418907e+02 -1.715863271231745424e+00 -1.127171618040591961e+00
1.750000000000000000e+01 1.350363822846538220e+01 1.345097324637219671e+01 1.621178578618019506e+00 -4.704077668358359006e+02 -3.822896638628415644e+02 -3.811816566671608371e+02 -1.158651399388102243e+00 -8.249157176701567007e-01
2.500000000000000000e+01 8.343766814464391501e+00 8.342931321872363526e+00 3.951383828850932312e-02 -4.141984684148567908e+02 -3.820255341362121726e+02 -3.835314783813083181e+02 -9.209759402405532924e-01 -6.764485125591988002e-01
3.650000000000000000e+01 3.824748201125714342e+00 3.825605036911390755e+00 -3.646178930880259461e-01 -3.800007912715510656e+02 -3.747312389118322926e+02 -3.740259605653945982e+02 -6.743942019819997302e-01 -5.708771411157064213e-01
4.050000000000000000e+01 2.369413435705624238e+00 2.369240551655943605e+00 6.501829049415621675e-01 -3.752916625687152532e+02 -3.737673126126075545e+02 -3.735054221240075094e+02 -2.786057181494547841e-01 -3.243683258530937197e-01
1.500000000000000000e+00 5.776340406442862019e+01 5.569184139214970486e+01 1.313691276999582414e+01 -2.040845666747066161e+03 -3.849877063837511173e+02 -3.782364535939753978e+02 -2.113943352306836942e+00 -1.492783828629540732e+00
1.100000000000000000e+01 2.323680891939270765e+01 2.261696343370993389e+01 1.859197864635283137e+00 -6.417778146559107881e+02 -3.758607624667283176e+02 -3.749728504271510587e+02 -1.476179329835071385e+00 -1.045009763916992629e+00
2.350000000000000000e+01 8.541994010599605502e+00 8.556432265401095805e+00 7.537235129601826955e-01 -4.181095785988792954e+02 -3.843856280622854342e+02 -3.834234111037984007e+02 -8.995268333125117088e-01 -7.460466286738025588e-01
3.000000000000000000e+01 5.121018970894678723e+00 5.125651014701195329e+00 -2.890268821628922957e-01 -3.892637305897652595e+02 -3.782025407031691770e+02 -3.767113370612983090e+02 -5.670227560338310102e-01 -7.330904827435239524e-01
4.000000000000000000e+00 4.715091021352822764e+01 4.165168800145280414e+01 9.980639415477682519e+00 -1.483805335430005698e+03 -3.790197022665261102e+02 -3.740174220808858081e+02 -1.995710636915889458e+00 -1.246276317701175751e+00
1.850000000000000000e+01 1.221064320528338953e+01 1.213636384666524926e+01 1.512699410406590284e+00 -4.541614519304285977e+02 -3.833047371910825518e+02 -3.829400450410499843e+02 -1.133500114566072359e+00 -7.061824914788786822e-01
4.500000000000000000e+01 1.888248870787783362e+00 1.888253029883339540e+00 4.377900196661262955e-01 -3.801610319874672541e+02 -3.793999043986613628e+02 -3.806044178838099583e+02 -3.378341097698528417e-01 -4.004866826310973793e-01
3.950000000000000000e+01 3.106950907743781798e+00 3.106824290314323722e+00 5.993916157190494198e-01 -3.768471968668228556e+02 -3.741606119718294394e+02 -3.747200402661454177e+02 -3.779326038514732033e-01 -2.176572116214989250e-01
3.550000000000000000e+01 3.748655536484595263e+00 3.749311762981323515e+00 5.366615041081110316e-02 -3.799614970808727890e+02 -3.748698480295745412e+02 -3.742443381661893227e+02 -6.865017450220366468e-01 -6.356445625327604709e-01
2.600000000000000000e+01 7.116118460624655029e+00 7.113831244679108323e+00 -1.866954465478338487e-01 -4.046068747049765193e+02 -3.827167715312124301e+02 -3.822131692745420537e+02 -8.847323257768484606e-01 -6.136803116071041231e-01
4.900000000000000000e+01 1.976327555661314461e+00 1.976222366899578420e+00 9.613005043105231628e-01 -3.806957714714687881e+02 -3.798677530783112957e+02 -3.826739627251608908e+02 -3.889543770019132651e-01 -4.345594207842865542e-01
1.450000000000000000e+01 1.537584487371532838e+01 1.555602406646145219e+01 1.319680359226330424e+00 -4.939848579903242012e+02 -3.795493718087441835e+02 -3.781269900845929897e+02 -1.303190669184908224e+00 -9.545605337233654675e-01
8.000000000000000000e+00 2.966695102957579877e+01 3.019388068121392266e+01 3.933995205811054330e+00 -8.135051804453288469e+02 -3.784406809961318459e+02 -3.761099257094306836e+02 -1.642225885499282390e+00 -1.088208162778766974e+00
4.150000000000000000e+01 1.524358038717590569e+00 1.524384324475019037e+00 3.220848334054983719e-01 -3.769584255534896329e+02 -3.771469491256356719e+02 -3.775690922761542652e+02 -2.147364192518143033e-01 -3.289236743195913526e-01
5.000000000000000000e-01 5.816052957026652592e+01 5.677414487066833715e+01 2.208651459724952559e+01 -2.063268233409414734e+03 -3.948336842178991901e+02 -3.789541005062087606e+02 -2.197065080829259998e+00 -1.575110260784358340e+00
1.000000000000000000e+01 2.675606396756496252e+01 2.629396161346552674e+01 2.168602827571087577e+00 -7.311456816764739415e+02 -3.773500440882367002e+02 -3.759973686793060779e+02 -1.517523628331566954e+00 -1.078449059015234912e+00
3.100000000000000000e+01 4.758157451656113146e+00 4.759697240821487263e+00 1.834214386455969292e-01 -3.852217535119035006e+02 -3.758114211756240479e+02 -3.751388513858915985e+02 -6.037119394639295367e-01 -7.408532989829264004e-01
2.250000000000000000e+01 8.831110731347157738e+00 8.857780380784531005e+00 9.875511496800243316e-01 -4.164257543541668838e+02 -3.807631610786875740e+02 -3.817433924678529706e+02 -9.746738021206093894e-01 -7.787929282072030279e-01
1.950000000000000000e+01 9.818988409418254903e+00 9.768886440528072868e+00 1.385142300307810714e+00 -4.268770945309643139e+02 -3.820653712452223090e+02 -3.810521740477128105e+02 -1.142907048242153278e+00 -8.361678301467773133e-01
5.000000000000000000e+00 3.814584719714905248e+01 3.455932976399210332e+01 8.449469337274354785e+00 -1.101548247261838242e+03 -3.803875111004462610e+02 -3.763578131176673196e+02 -1.875128621977628640e+00 -1.201498435593686853e+00
3.850000000000000000e+01 3.805617522703787614e+00 3.805829899988978582e+00 -3.464196321178870108e-01 -3.791283144809417536e+02 -3.741353284542477695e+02 -3.733212161034435326e+02 -5.086556880264850866e-01 -3.449533661986585731e-01
4.400000000000000000e+01 1.511138367249744485e+00 1.511053052493715798e+00 1.258842792921911924e+00 -3.795058179644506140e+02 -3.788497676191215078e+02 -3.801221224197713582e+02 -4.566252862337210616e-01 -3.529071709917716015e-01
2.700000000000000000e+01 6.372340940832856404e+00 6.373120764488957590e+00 -1.196304596406000537e-01 -3.994207582603050923e+02 -3.830101929335689874e+02 -3.818330594367167237e+02 -8.495254409310907251e-01 -5.765508427408589931e-01
4.800000000000000000e+01 2.082337202414917154e+00 2.082229634493542925e+00 1.118027686446550817e+00 -3.786890814811435462e+02 -3.771877700588734683e+02 -3.784681440636462639e+02 -3.171340990283447736e-01 -4.035461604653767242e-01
3.450000000000000000e+01 3.796855540784854544e+00 3.797105701030150993e+00 2.050815277824642735e-01 -3.795248064102841568e+02 -3.744761874084789497e+02 -3.737703222740669275e+02 -6.433266092906327893e-01 -6.762439220563439823e-01
9.000000000000000000e+00 2.919086355082226092e+01 2.923718522205086146e+01 2.278099163163058716e+00 -7.994139881503762126e+02 -3.774802578174175096e+02 -3.760361217493347112e+02 -1.573089342843127847e+00 -1.118591270158624029e+00
1.550000000000000000e+01 1.537866891682309323e+01 1.550233194906122414e+01 1.590164630279451874e+00 -4.935956227054286387e+02 -3.792254712829735581e+02 -3.778014960233423949e+02 -1.239115643361154540e+00 -8.985232762077558499e-01
