# start_time, SNRtot_MF, SNR220_MF, SNR221_MF, evidence220_221, evidence220, evidence221, nofilter
7.000000000000000000e+00 1.461348431980527778e+02 1.236566366295564592e+02 2.580975386371021330e+01 -3.919733567689809774e+02 -4.033596077783674332e+02 -4.370378239532035991e+02 -1.106434833958035597e+04
3.100000000000000000e+01 1.239820187278623287e+01 1.238207601819149239e+01 4.112295602098031133e-01 -3.900162022191312303e+02 -3.894865746149053507e+02 -3.940905513294223397e+02 -4.638497234085821219e+02
3.600000000000000000e+01 9.445838404928586840e+00 9.437181872582822706e+00 6.501596131997011696e-01 -3.940376669897887609e+02 -3.946202330216797804e+02 -3.975861867127549658e+02 -4.359095080464572902e+02
0.000000000000000000e+00 3.593414579161458846e+02 2.210746685358120658e+02 1.514867893691386200e+02 -3.902624919076650940e+02 -1.357626233104958601e+03 -7.137955253509038585e+02 -6.494739121870165400e+04
3.800000000000000000e+01 6.767527156283505541e+00 6.765676123209646065e+00 -4.621249775658790027e-01 -3.957065428700267375e+02 -3.975513363679958729e+02 -4.010032183112036250e+02 -4.161708968729336107e+02
4.400000000000000000e+01 5.584465166654656976e+00 5.583853115431775649e+00 2.911638569312557379e-01 -3.914383987043573825e+02 -3.927562923999272471e+02 -3.938471491844377965e+02 -4.047056654959258140e+02
9.500000000000000000e+01 -3.179641749930431360e-01 -3.179641435792810999e-01 -7.672590485186466802e-01 -3.986142909974519171e+02 -3.994293724412194706e+02 -4.003985538654334277e+02 -4.011953821122974659e+02
9.000000000000000000e+00 9.958408041910033148e+01 9.143924992691535181e+01 1.118613182178152776e+01 -3.931713660539759303e+02 -3.960328142647157961e+02 -4.329536465058523049e+02 -5.344480265545140355e+03
4.300000000000000000e+01 4.749875044129023394e+00 4.749077167491499551e+00 -1.509566385695149560e+00 -3.926574702417446474e+02 -3.947745644566210217e+02 -3.978113339904420513e+02 -4.044600033413271944e+02
9.200000000000000000e+01 1.367236941246462445e-01 1.367237437336561445e-01 -1.633639496434197813e+00 -3.970515545517499163e+02 -3.994585637673495739e+02 -3.995952806810095126e+02 -4.014760433388943284e+02
7.600000000000000000e+01 1.529197982809590295e-01 1.529193969274900422e-01 6.664601514441765850e-01 -3.987247687456678591e+02 -3.999148824293706639e+02 -4.001746348417125887e+02 -3.998230614377552570e+02
7.100000000000000000e+01 1.279172891376658461e+00 1.279172731538456009e+00 2.448002325646047028e-01 -3.973399510461428576e+02 -3.976234274335296277e+02 -3.975602316538523269e+02 -3.971210052274814188e+02
7.800000000000000000e+01 4.020614770275230954e-01 4.020613875923672587e-01 1.663522842800596591e-01 -3.998347939151834112e+02 -4.014009385883149434e+02 -4.013404901213656331e+02 -4.015552261445450313e+02
6.900000000000000000e+01 1.156996789165705808e+00 1.156995965081920374e+00 3.914286434633647560e-01 -3.936982731310546910e+02 -3.926613820621845434e+02 -3.933250828934143897e+02 -3.920999547668248510e+02
1.500000000000000000e+01 6.149089271790095523e+01 5.911814208552689820e+01 3.987492131351589197e+00 -3.910762272542226583e+02 -3.928356698660092547e+02 -4.175463658666812989e+02 -2.276440224302818933e+03
1.200000000000000000e+01 8.931301381545920037e+01 8.396514906532938483e+01 6.864208955373956478e+00 -3.919831091561162566e+02 -3.926784848521361937e+02 -4.224784412793308093e+02 -4.374273633228083781e+03
6.000000000000000000e+01 1.891650757632966195e+00 1.891620538449149125e+00 1.770248214414927412e+00 -3.923332109664506220e+02 -3.921471253729980617e+02 -3.922183676614876617e+02 -3.943141574018664528e+02
6.700000000000000000e+01 1.096091011907424306e+00 1.096089816503733383e+00 2.190994626702515991e-01 -3.921018852638038084e+02 -3.915593713203473385e+02 -3.917519629726072026e+02 -3.909737682323187187e+02
8.300000000000000000e+01 -1.955121498906739197e-01 -1.955119141266074279e-01 -8.019593124219650537e-01 -3.977191459823881701e+02 -3.985389422519089067e+02 -3.991194577907697862e+02 -3.996443799095502527e+02
5.200000000000000000e+01 1.014186389947125733e+00 1.014303066456565983e+00 -2.479121606443570158e+00 -3.916854545144863096e+02 -3.937538878090649632e+02 -3.929981497856911119e+02 -3.964100697544583340e+02
2.900000000000000000e+01 1.688702533410137718e+01 1.683045682570562107e+01 1.778451032373374430e+00 -3.899727911395354454e+02 -3.906425287879930579e+02 -3.946711845306602413e+02 -5.312853730701085624e+02
8.400000000000000000e+01 -3.571277291707130042e-01 -3.571276524404045638e-01 -3.538594688430203861e-01 -3.975579484255191005e+02 -3.988795408517108854e+02 -3.995563515299614892e+02 -3.998410167850063885e+02
5.500000000000000000e+01 1.046299686884147651e+00 1.046286299469462833e+00 -8.504717085309820845e-01 -3.937700079357456389e+02 -3.952279760036332164e+02 -3.952450114703719919e+02 -3.958509888556662872e+02
2.700000000000000000e+01 2.407750466115659194e+01 2.397323450349298923e+01 1.883905505804314595e+00 -3.867549363647388532e+02 -3.886628770349961997e+02 -3.925747596113368445e+02 -6.756579083403621553e+02
2.000000000000000000e+01 4.409563996772897099e+01 4.339454821599837686e+01 1.804544648385904670e+00 -3.874908684063739770e+02 -3.901114092659473727e+02 -4.044363606910676481e+02 -1.356719110433556352e+03
7.900000000000000000e+01 -2.293526412533065661e-01 -2.293527724976207327e-01 -3.476793966597576009e-04 -3.985039421805020652e+02 -3.999009513505401969e+02 -4.000096046190687957e+02 -4.001626546736907812e+02
7.000000000000000000e+01 1.232690048972852503e+00 1.232689700453408088e+00 2.628002359337260896e-01 -3.965972670280543753e+02 -3.954709201806794567e+02 -3.965057861756672537e+02 -3.946524840224795412e+02
7.700000000000000000e+01 2.289623192674763719e-01 2.289620665547416334e-01 5.446150187575118373e-01 -3.990313668405210592e+02 -3.999771274521425539e+02 -4.004570563478279723e+02 -3.998926136062162300e+02
8.000000000000000000e+00 1.189793256641442269e+02 1.049255265374982002e+02 1.745582568135895229e+01 -3.920184833509902091e+02 -3.985060676826474833e+02 -4.362022778586268146e+02 -7.464235190235289338e+03
4.200000000000000000e+01 6.429885272940629726e+00 6.428568272170202214e+00 -5.569770945805955220e-01 -3.944210642876789734e+02 -3.974352348790103520e+02 -4.000342287979575531e+02 -4.145188173485917673e+02
9.300000000000000000e+01 -8.201225656320955126e-01 -8.201225325059913196e-01 -1.137184492303622285e+00 -3.978417462290363460e+02 -3.991378613473944483e+02 -3.998462299147071235e+02 -4.001131407362222490e+02
3.900000000000000000e+01 6.802180725342374501e+00 6.800399545484192565e+00 8.267372487943157600e-01 -3.928402861714482697e+02 -3.946846050520289850e+02 -3.966527159057131371e+02 -4.153875214953095565e+02
4.500000000000000000e+01 4.926643047933280783e+00 4.926520909070362109e+00 -4.384819584419329952e-01 -3.914385871301670932e+02 -3.930752374923911248e+02 -3.936473497871724589e+02 -4.026394253044433640e+02
9.400000000000000000e+01 -4.149855064297415796e-01 -4.149854709803121877e-01 -9.559633772037864352e-01 -3.983824908591938652e+02 -3.991868876597794156e+02 -4.003668164392843209e+02 -4.004808268447563933e+02
3.700000000000000000e+01 7.767825959964351767e+00 7.763027249528898999e+00 2.671540001501931383e-01 -3.946046467823109083e+02 -3.953435366320024400e+02 -3.986030744267081900e+02 -4.219112056198959522e+02
1.000000000000000000e+00 2.702369016109261679e+02 1.869444267737580390e+02 9.449835632720058243e+01 -3.900341054964451928e+02 -7.042943805887261988e+02 -5.713687869482299675e+02 -3.689809460630913964e+04
6.000000000000000000e+00 1.726003556133684640e+02 1.414611237888967139e+02 3.458130220375731056e+01 -3.907683406172703258e+02 -4.089304328909100263e+02 -4.365404388482563149e+02 -1.528052210719965660e+04
3.000000000000000000e+01 1.373355838031147691e+01 1.370273724213043032e+01 8.452235663948874933e-01 -3.903375515700275855e+02 -3.899836932796753786e+02 -3.946506769038187485e+02 -4.819125361465765423e+02
2.100000000000000000e+01 3.937539091657213675e+01 3.880290050711825245e+01 1.692457131672256310e+00 -3.852660178825985327e+02 -3.885585495800538069e+02 -4.017331688817411646e+02 -1.158301983061667670e+03
2.600000000000000000e+01 2.504203259529540304e+01 2.493853598871840660e+01 1.808562973700136745e+00 -3.870315376647595826e+02 -3.893007606571629822e+02 -3.935593758617903291e+02 -6.992401661388612411e+02
2.800000000000000000e+01 2.199912284489260017e+01 2.190677671023372142e+01 2.150588216478666936e+00 -3.885461447196058771e+02 -3.899095916476351249e+02 -3.938033525541837321e+02 -6.287812352031002092e+02
8.500000000000000000e+01 -3.983405549687651925e-01 -3.983404891414034088e-01 -6.373654802690481569e-01 -3.976553637282229943e+02 -3.992958314395525008e+02 -4.000100661204183439e+02 -4.003201564222520688e+02
5.400000000000000000e+01 1.258409886293643920e+00 1.258422821035875661e+00 -1.001652215618149100e+00 -3.935838438262514956e+02 -3.948614672309701632e+02 -3.948794457383543204e+02 -3.957505397301869721e+02
8.200000000000000000e+01 -2.505670604377905897e-01 -2.505671490823361824e-01 3.807310538926110266e-01 -3.979637503146735185e+02 -3.993963699410889490e+02 -4.001174780052419351e+02 -3.996770786160582816e+02
5.300000000000000000e+01 1.287859501221872316e+00 1.287944524827232762e+00 -2.051850230365324546e+00 -3.934459132089558011e+02 -3.950914146380647480e+02 -3.947452442393479828e+02 -3.970250331794172212e+02
6.600000000000000000e+01 8.479731650859798631e-01 8.479747876119647643e-01 -3.484734124861569304e-01 -3.917489071133381913e+02 -3.914161898137340359e+02 -3.913931034887914961e+02 -3.909962668044246925e+02
6.100000000000000000e+01 1.807833987732900383e+00 1.807818857729275752e+00 1.463208453785615815e+00 -3.930193511942514419e+02 -3.929436626832728052e+02 -3.928158605365192670e+02 -3.944160553477278768e+02
1.300000000000000000e+01 8.348039952343845016e+01 7.875382991049457360e+01 6.373317954952137931e+00 -3.913234268409577794e+02 -3.928226322847413599e+02 -4.230994096479690256e+02 -3.870415008525762914e+03
6.800000000000000000e+01 1.160925168937254393e+00 1.160923998688133230e+00 3.358617470167868935e-01 -3.935808806563659914e+02 -3.923131806200105984e+02 -3.933066660489574815e+02 -3.912953439531535764e+02
1.400000000000000000e+01 7.353338347155791155e+01 6.990362256229123261e+01 5.673113946355123893e+00 -3.924729419988295263e+02 -3.942370800616525344e+02 -4.227250685170552629e+02 -3.090499906797995209e+03
2.500000000000000000e+01 2.502046713436740433e+01 2.491782098161045056e+01 1.937249588087519792e+00 -3.877171784559933485e+02 -3.899689269675158698e+02 -3.948541053571724433e+02 -6.994182102031209070e+02
8.800000000000000000e+01 9.185217887187210328e-01 9.185218353279300807e-01 -4.689387454980590841e-01 -3.979682072876055372e+02 -3.980298465271903297e+02 -3.986279798899133766e+02 -3.996967885293073550e+02
5.900000000000000000e+01 1.808842791152217355e+00 1.808819405419875626e+00 8.499434451692179371e-01 -3.935108940840735841e+02 -3.934418661805651709e+02 -3.939376333874566285e+02 -3.947977811948110798e+02
2.200000000000000000e+01 3.260173865657588976e+01 3.221419659261566437e+01 1.713370181662753622e-01 -3.843171549493508792e+02 -3.880249223254515414e+02 -4.017501266770175903e+02 -9.146997172503720321e+02
8.100000000000000000e+01 -4.045709470470631453e-01 -4.045708815465776653e-01 -1.231934515787893036e-01 -3.977040056331391611e+02 -3.988901143552479311e+02 -3.992757010799144837e+02 -3.994675877353915325e+02
5.000000000000000000e+01 2.723241245297483459e+00 2.723110110528454531e+00 -6.386068259180529560e-01 -3.902997849667890478e+02 -3.919182005975236507e+02 -3.913744224964022465e+02 -3.975523362514966834e+02
8.600000000000000000e+01 3.069757707378951150e-01 3.069758740024732813e-01 -7.507624711488471991e-01 -3.976551413705255413e+02 -3.991224781408103581e+02 -4.002624324389539652e+02 -4.001148283941519708e+02
5.700000000000000000e+01 9.207228477670325040e-01 9.207030992398242963e-01 -6.682156289025527052e-01 -3.926347557544861502e+02 -3.929139690244834924e+02 -3.936064153272607200e+02 -3.938350042528551853e+02
6.200000000000000000e+01 2.094542674641466817e+00 2.094536134676947547e+00 9.885280296509365572e-01 -3.930256886116110877e+02 -3.927508102416575753e+02 -3.927257829673173433e+02 -3.938929412260997083e+02
6.500000000000000000e+01 1.835589260714282078e+00 1.835584859202724406e+00 7.722268398960459024e-01 -3.922359097869696711e+02 -3.922307846220151077e+02 -3.917116522512626489e+02 -3.930817307626793422e+02
1.900000000000000000e+01 4.642769937114118051e+01 4.568067701804822889e+01 1.854279180505086222e+00 -3.900402023051138940e+02 -3.915405265643238977e+02 -4.051064313523406781e+02 -1.463186326898843163e+03
1.700000000000000000e+01 4.764010458351000210e+01 4.681140724511298856e+01 1.725082600223275531e+00 -3.906224948075370662e+02 -3.923734019426013901e+02 -4.090709157457468450e+02 -1.521075492577341265e+03
1.000000000000000000e+01 9.175011134228455489e+01 8.603107100865386769e+01 7.916944955811564988e+00 -3.932919646226130226e+02 -3.941105376211443172e+02 -4.301020569707184222e+02 -4.595051864843931071e+03
7.400000000000000000e+01 1.935919264189653599e-01 1.935916887397697017e-01 1.421711453068880970e-01 -3.991327427864302422e+02 -3.995980846553430297e+02 -3.999834585594381338e+02 -3.992345920556058445e+02
7.300000000000000000e+01 -9.462013450772879808e-02 -9.461940131754023597e-02 -5.786804279480554092e-01 -3.971678493039876798e+02 -3.972298350061442989e+02 -3.978166408385478121e+02 -3.968950271110703625e+02
4.600000000000000000e+01 5.047472915110151170e+00 5.047334492148043417e+00 2.726563827333802759e-01 -3.906278128231229516e+02 -3.932853970399451669e+02 -3.924158197537825572e+02 -4.056566928585979781e+02
9.700000000000000000e+01 1.620481352161892985e-01 1.620481242241524344e-01 4.978823106702623402e-01 -3.963749581315619253e+02 -3.967472088840847277e+02 -3.974318713050570295e+02 -4.001677972082771362e+02
4.100000000000000000e+01 7.007338401491475466e+00 7.005895369042118404e+00 -6.086267362321557961e-01 -3.958992733757644373e+02 -3.976124059861414253e+02 -4.007479911996884994e+02 -4.179761248244403760e+02
9.000000000000000000e+01 5.289428926023518329e-01 5.289429782576104966e-01 -1.508958414895294142e+00 -3.992742854818486649e+02 -3.988427124600394222e+02 -4.010438809569679961e+02 -4.003576280411575112e+02
5.000000000000000000e+00 1.906298999132243068e+02 1.531501902271259041e+02 4.142796144256399771e+01 -3.909738119183795675e+02 -4.136008791600096970e+02 -4.391122187789985674e+02 -1.855472068474958360e+04
3.300000000000000000e+01 1.210764394400662880e+01 1.209456497466427471e+01 -5.282696942059286194e-01 -3.919031319342216193e+02 -3.907579818288020874e+02 -3.947430400072133807e+02 -4.614335967179350746e+02
3.400000000000000000e+01 1.146795487428494553e+01 1.145474424100628852e+01 -5.650904840488228942e-01 -3.922810011382571815e+02 -3.925830249897692852e+02 -3.961974087411761047e+02 -4.551677526471327724e+02
2.000000000000000000e+00 2.146670988444004138e+02 1.644880396160070006e+02 5.707121352412001158e+01 -3.897897228239143601e+02 -4.794056053085385543e+02 -4.670195207151367072e+02 -2.342505782628729139e+04
4.800000000000000000e+01 4.276608753366196503e+00 4.276449862269339874e+00 -1.655980356861193048e-01 -3.894755467662109254e+02 -3.899798402652895675e+02 -3.903898390311434810e+02 -4.002771714430616612e+02
9.900000000000000000e+01 8.419982254052216231e-02 8.419981141285799719e-02 1.245785243905759732e+00 -3.986225442570432165e+02 -3.998644007078328855e+02 -4.000100030011419108e+02 -4.022163626086060617e+02
1.100000000000000000e+01 9.091858467626342133e+01 8.550181563295035403e+01 7.084182343726278752e+00 -3.921710426311751689e+02 -3.927539449984715816e+02 -4.295085200698516132e+02 -4.519882235544784635e+03
1.600000000000000000e+01 5.214336225542015057e+01 5.078760340365316495e+01 2.797636718755625473e+00 -3.906669276470935870e+02 -3.926681719298434814e+02 -4.113953186461980636e+02 -1.745257890220101672e+03
6.400000000000000000e+01 2.100902872792814069e+00 2.100898159225312423e+00 9.034637555858965330e-01 -3.914593068118430210e+02 -3.907085785309027983e+02 -3.907566186110383910e+02 -3.919002339649073292e+02
1.800000000000000000e+01 4.702591427554726522e+01 4.629813806703032952e+01 1.726668870567530822e+00 -3.907870688313114442e+02 -3.923297894425514869e+02 -4.079919880721383834e+02 -1.492274122735309447e+03
6.300000000000000000e+01 1.875080431527067937e+00 1.875075202837933608e+00 8.154475019275414516e-01 -3.917518742912721450e+02 -3.908121915620054097e+02 -3.911744487678315068e+02 -3.915163762298421375e+02
8.700000000000000000e+01 7.840300418184161790e-01 7.840301137590754976e-01 -4.333111851147135041e-01 -3.976529329755846334e+02 -3.986624003640710043e+02 -3.995424886110312173e+02 -3.997847108094981650e+02
5.600000000000000000e+01 7.114671715849552047e-01 7.114380207246066012e-01 -6.806735387291146244e-01 -3.937548122244399451e+02 -3.945925917310441946e+02 -3.948977337410681230e+02 -3.956072847251903113e+02
8.000000000000000000e+01 -1.270813683645358461e-01 -1.270814690535472247e-01 6.144958526408034194e-02 -3.983972425340490986e+02 -3.997680817144612320e+02 -4.000954549888859333e+02 -4.000236593206726070e+02
5.100000000000000000e+01 1.231944458794908437e+00 1.231954548133522787e+00 -1.940887097495129998e+00 -3.915112250959745097e+02 -3.916619363553846824e+02 -3.924176798637305978e+02 -3.929325206569453712e+02
2.300000000000000000e+01 2.778451743030563392e+01 2.756161724042443950e+01 1.230948261447208925e-01 -3.863455352639726925e+02 -3.905760181634361174e+02 -4.011250033947588918e+02 -7.716389977527860538e+02
2.400000000000000000e+01 2.514619694244295545e+01 2.502556766798385013e+01 -1.829393531120069583e-01 -3.878712975410800254e+02 -3.925837738765026188e+02 -4.015801145164501236e+02 -7.038333486751906776e+02
8.900000000000000000e+01 7.156877404668909870e-01 7.156879039514826291e-01 -1.879902671268522063e+00 -3.975636758321223283e+02 -3.987190592791991435e+02 -3.999151510657832773e+02 -4.012687097869100512e+02
5.800000000000000000e+01 1.169151504202002867e+00 1.169137254975402440e+00 -2.201561615469997124e-01 -3.933593921009654650e+02 -3.934682831008506696e+02 -3.941791607060904994e+02 -3.944100176210293967e+02
3.500000000000000000e+01 1.013200281874514808e+01 1.012058207066106696e+01 -5.080709686506835743e-01 -3.918206854671988708e+02 -3.924205803513406750e+02 -3.959652323424391511e+02 -4.408691021463927768e+02
3.000000000000000000e+00 1.974106760306498813e+02 1.571918931687835652e+02 4.450482274891789558e+01 -3.908634216379558097e+02 -4.258103613911328580e+02 -4.413266972642672954e+02 -1.986948940794174632e+04
4.900000000000000000e+01 3.962645404986832709e+00 3.962469300376855408e+00 -2.394803291280315008e-02 -3.902907701780169987e+02 -3.912161993777739326e+02 -3.911836009900135878e+02 -4.012709690594108451e+02
9.800000000000000000e+01 9.131720919618435683e-02 9.131720062594281262e-02 6.470010817659334057e-01 -3.960597979413499843e+02 -3.958840645926253501e+02 -3.968666945756741029e+02 -3.991927209601001323e+02
4.000000000000000000e+00 1.965178262503827114e+02 1.567963606128067511e+02 4.378482047251301879e+01 -3.909780177400158436e+02 -4.143498305724352804e+02 -4.405100088763678059e+02 -1.969426167949290902e+04
3.200000000000000000e+01 1.222471283856645385e+01 1.221232782269043327e+01 -1.240011339666284573e-01 -3.905131736607099810e+02 -3.895474412630745178e+02 -3.939185185485288230e+02 -4.615825333555820862e+02
4.000000000000000000e+01 6.920965736595224627e+00 6.919495297741629081e+00 -2.529706549170713803e-01 -3.942497599379993289e+02 -3.953030560995268274e+02 -3.974801586801783060e+02 -4.170223230710693656e+02
9.100000000000000000e+01 2.708614632157133606e-01 2.708615044245845094e-01 -1.074329084586864491e+00 -3.987954157607233014e+02 -3.996057478705906192e+02 -4.003427144525248877e+02 -4.013714605458279152e+02
4.700000000000000000e+01 5.129258435747247269e+00 5.129278947381588516e+00 -1.293918318631661402e+00 -3.906314933932027316e+02 -3.932114575287561706e+02 -3.916573269707214422e+02 -4.073700099726549411e+02
9.600000000000000000e+01 9.038326440909920378e-02 9.038324465839578381e-02 6.626522535382054491e-01 -3.966904178835898165e+02 -3.963372551775782426e+02 -3.976716349845242462e+02 -3.997361466285025244e+02
7.200000000000000000e+01 6.590111513498059237e-01 6.590110425210136125e-01 -1.823504580821424734e-02 -3.972994532750077497e+02 -3.974343519269873468e+02 -3.981722536079084307e+02 -3.964936280421369474e+02
7.500000000000000000e+01 2.154248808906598367e-01 2.154247247798553866e-01 2.150932046495512562e-01 -3.990742937201855511e+02 -3.999080500470773814e+02 -4.002929192701473653e+02 -3.996276628329028995e+02
