# format=SNRtot_MF, evidence_inj, evidence_filt, nofilter,         occams_inj,occams_filt, mass_in_solar, chi_inject]
1.505532539078019454e+02 -4.076884528979404649e+02 -4.387576571292092353e+02 -1.173294426976555224e+04 2.142638506274869778e-04 2.040608101214161661e-05 5.000000000000000000e+01 6.999999999999999556e-01
1.318123020798979326e+02 -4.233551724960954630e+02 -4.526876029532530765e+02 -9.099823001226917768e+03 2.703805734108764218e-04 2.550760126517702246e-05 5.000000000000000000e+01 6.999999999999999556e-01
1.335712484938515843e+02 -3.983840808047328892e+02 -4.234205491264160628e+02 -9.312670111117133274e+03 2.703805734108764218e-04 2.550760126517702246e-05 5.000000000000000000e+01 6.999999999999999556e-01
8.955583658860412299e+01 -3.868025106040001333e+02 -3.995923620954923194e+02 -4.389502613643006043e+03 5.917763493521069427e-04 7.142128354249566830e-05 5.000000000000000000e+01 6.999999999999999556e-01
1.230570598183172137e+01 -3.826805436563286094e+02 -3.843141493353955980e+02 -4.544712290144371423e+02 3.041016222834404606e-02 3.380777471686562813e-02 5.000000000000000000e+01 6.999999999999999556e-01
1.183831503242800665e+02 -3.912417474410572140e+02 -4.162439939227358536e+02 -7.389481567231125155e+03 3.315988164473013190e-04 3.571064177124783415e-05 5.000000000000000000e+01 6.999999999999999556e-01
9.203041123326254080e+01 -4.131758085995505780e+02 -4.465598711024064187e+02 -4.639129292084277040e+03 4.540353025201510052e-04 4.591368227731863907e-05 5.000000000000000000e+01 6.999999999999999556e-01
1.362986493647524355e+02 -3.514979736381504267e+02 -4.120735945636969291e+02 -9.631576808168150819e+03 2.142638506274869778e-04 2.040608101214161661e-05 5.000000000000000000e+01 6.999999999999999556e-01
1.396820223509022583e+02 -4.020960778288134065e+02 -4.469049835541974289e+02 -1.014823818189493250e+04 2.244668911335578030e-04 2.040608101214161661e-05 5.000000000000000000e+01 6.999999999999999556e-01
9.404828023445863039e+01 -3.793496399900384404e+02 -3.974377610806840266e+02 -4.791894248781945862e+03 5.152535455565758482e-04 5.611672278338945076e-05 5.000000000000000000e+01 6.999999999999999556e-01
1.190551124553869471e+02 -4.043467332392576168e+02 -4.302029402719696805e+02 -7.483851512881890812e+03 3.213957759412304667e-04 3.060912151821242830e-05 5.000000000000000000e+01 6.999999999999999556e-01
1.481840411617184259e+02 -4.262236508517660241e+02 -4.676503996809122441e+02 -1.139627299159351060e+04 2.091623303744515787e-04 2.040608101214161661e-05 5.000000000000000000e+01 6.999999999999999556e-01
1.520632348581397366e+02 -3.910373210028142807e+02 -4.460385031391572852e+02 -1.194367773310102166e+04 1.887562493623099553e-04 2.040608101214161661e-05 5.000000000000000000e+01 6.999999999999999556e-01
1.138282368836897547e+02 -4.143863834866577349e+02 -4.514121958508996499e+02 -6.883722786097543576e+03 3.213957759412304667e-04 2.550760126517702246e-05 5.000000000000000000e+01 6.999999999999999556e-01
1.399830047818797709e+02 -4.146313310761375419e+02 -4.579758787239755975e+02 -1.020233604603899948e+04 2.244668911335578030e-04 2.040608101214161661e-05 5.000000000000000000e+01 6.999999999999999556e-01
8.819996162595209910e+01 -3.980651959264361608e+02 -4.174311329419793992e+02 -4.280809755089979262e+03 5.509641873278236417e-04 6.121824303642485661e-05 5.000000000000000000e+01 6.999999999999999556e-01
1.292649918680930341e+02 -4.250625107151882389e+02 -4.582460404639999183e+02 -8.771304266386485324e+03 2.754820936639118209e-04 2.550760126517702246e-05 5.000000000000000000e+01 6.999999999999999556e-01
1.495619452256602528e+02 -4.079204461475649168e+02 -4.480648587852377887e+02 -1.158330540156623647e+04 2.040608101214161797e-04 2.040608101214161661e-05 5.000000000000000000e+01 6.999999999999999556e-01
1.298043450122728757e+02 -4.190622774345218886e+02 -4.575108963892920997e+02 -8.834262147524008469e+03 2.652790531578410227e-04 2.550760126517702246e-05 5.000000000000000000e+01 6.999999999999999556e-01
5.662425740247484640e+01 -3.701591991908604768e+02 -3.797117137892541905e+02 -1.965176269235203335e+03 1.382511988572594558e-03 2.091623303744515787e-04 5.000000000000000000e+01 6.999999999999999556e-01
4.434948970649720223e+01 -3.846497268477796183e+02 -3.951393414559340158e+02 -1.361751709216309564e+03 1.887562493623099608e-03 3.418018569533721172e-04 5.000000000000000000e+01 6.999999999999999556e-01
1.087585314335779856e+02 -3.820164584325390251e+02 -4.006688236097398885e+02 -6.287989071370728198e+03 4.030200999897969602e-04 4.081216202428323322e-05 5.000000000000000000e+01 6.999999999999999556e-01
3.825449024851051405e+01 -4.014702377721603739e+02 -4.103689575257283764e+02 -1.126357351150889144e+03 2.520151004999489960e-03 4.948474645444342519e-04 5.000000000000000000e+01 6.999999999999999556e-01
1.440539944008150712e+02 -3.951735355237292424e+02 -4.204103505734601072e+02 -1.076465490868312008e+04 2.397714518926640274e-04 2.550760126517702246e-05 5.000000000000000000e+01 6.999999999999999556e-01
1.583877667944988445e+02 -4.136120149305056088e+02 -4.520292864763326293e+02 -1.294828260012074861e+04 1.938577696153453815e-04 2.040608101214161661e-05 5.000000000000000000e+01 6.999999999999999556e-01
1.228139613078119368e+02 -4.108667638183989652e+02 -4.536751536614875135e+02 -7.944597815171076036e+03 2.754820936639118209e-04 2.550760126517702246e-05 5.000000000000000000e+01 6.999999999999999556e-01
1.088570761042891348e+02 -3.814141284095755964e+02 -4.056696177787824240e+02 -6.298152867039051671e+03 3.826140189776553640e-04 4.081216202428323322e-05 5.000000000000000000e+01 6.999999999999999556e-01
5.556825086765335442e+01 -4.075259245296505810e+02 -4.206560000011191391e+02 -1.944123568673595628e+03 1.265177022752780270e-03 1.785532088562391572e-04 5.000000000000000000e+01 6.999999999999999556e-01
1.554273586564935670e+02 -3.903999970292226749e+02 -4.329511008591953214e+02 -1.246135368261987060e+04 1.887562493623099553e-04 1.530456075910621415e-05 5.000000000000000000e+01 6.999999999999999556e-01
1.349713206773039076e+02 -4.174899933897687561e+02 -4.808852175586298472e+02 -9.518816725752507409e+03 2.193653708805224040e-04 2.040608101214161661e-05 5.000000000000000000e+01 6.999999999999999556e-01
1.228422857679842934e+02 -4.055899369878424636e+02 -4.376649513607160884e+02 -7.941168588662374532e+03 2.958881746760534713e-04 2.550760126517702246e-05 5.000000000000000000e+01 6.999999999999999556e-01
1.315727206412414318e+02 -4.198067500111457093e+02 -4.461089177921156761e+02 -9.069213706329417619e+03 2.805836139169472741e-04 2.550760126517702246e-05 5.000000000000000000e+01 6.999999999999999556e-01
4.437977349814858030e+01 -3.980137081619969877e+02 -4.012683691258734484e+02 -1.374779525156892760e+03 2.759922456892154041e-03 6.836037139067442344e-04 5.000000000000000000e+01 6.999999999999999556e-01
6.308134925474350041e+01 -4.178250683189401684e+02 -4.290087276882193237e+02 -2.399147212095301256e+03 1.091725334149576485e-03 1.530456075910621347e-04 5.000000000000000000e+01 6.999999999999999556e-01
3.758958876083116962e+01 -4.200686022737309031e+02 -4.234055878693642967e+02 -1.120285391193750002e+03 3.576165697377818760e-03 9.488827670645852029e-04 5.000000000000000000e+01 6.999999999999999556e-01
1.607616766359382723e+02 -3.557702024012104403e+02 -4.267838428318023034e+02 -1.326837890624273314e+04 1.632486480971329329e-04 1.530456075910621415e-05 5.000000000000000000e+01 6.999999999999999556e-01
1.184162032539689875e+02 -4.078071810008267448e+02 -4.283313861091332342e+02 -7.411006434639085455e+03 3.418018569533721172e-04 3.571064177124783415e-05 5.000000000000000000e+01 6.999999999999999556e-01
1.539408981030892960e+02 -4.011504966668189240e+02 -4.441811840262387818e+02 -1.223933446029649895e+04 1.938577696153453815e-04 2.040608101214161661e-05 5.000000000000000000e+01 6.999999999999999556e-01
6.139614457140331893e+01 -3.816227763044548169e+02 -3.957094082260715595e+02 -2.258498037949258560e+03 1.076420773390470396e-03 1.428425670849913366e-04 5.000000000000000000e+01 6.999999999999999556e-01
4.379524044588889353e+01 -3.949803974078895408e+02 -4.030364288173466321e+02 -1.347851391254564533e+03 2.096724823997551078e-03 3.775124987246199107e-04 5.000000000000000000e+01 6.999999999999999556e-01
1.072157879185766092e+02 -3.861284853409447919e+02 -4.114603169632262052e+02 -6.126723957619862631e+03 3.877155392306907630e-04 4.081216202428323322e-05 5.000000000000000000e+01 6.999999999999999556e-01
3.539001179300591104e+01 -3.958213330833398231e+02 -3.976314772992292319e+02 -1.015607981815628818e+03 4.744413835322926556e-03 1.642689521477400235e-03 5.000000000000000000e+01 6.999999999999999556e-01
1.472173159769746462e+02 -3.912835673132452712e+02 -4.708287186612166124e+02 -1.122409584539667048e+04 1.836547291092745563e-04 2.040608101214161661e-05 5.000000000000000000e+01 6.999999999999999556e-01
9.010700026354139425e+01 -4.048334957273375494e+02 -4.239258342186211621e+02 -4.455482679872326116e+03 5.458626670747882426e-04 6.121824303642485661e-05 5.000000000000000000e+01 6.999999999999999556e-01
1.539533955519223696e+02 -4.042308106993095294e+02 -4.558130018048656780e+02 -1.224514665207721373e+04 1.836547291092745563e-04 2.040608101214161661e-05 5.000000000000000000e+01 6.999999999999999556e-01
1.539337654185750353e+02 -4.042958057436045465e+02 -4.467941038705772598e+02 -1.224388412970683021e+04 1.938577696153453815e-04 2.040608101214161661e-05 5.000000000000000000e+01 6.999999999999999556e-01
1.128802359898491545e+02 -4.179488439284414198e+02 -4.415958929794806522e+02 -6.780097669558208509e+03 3.571064177124783144e-04 3.571064177124783415e-05 5.000000000000000000e+01 6.999999999999999556e-01
1.365861342680651092e+02 -4.204718677015538901e+02 -4.545354445279266997e+02 -9.738106067310018261e+03 2.448729721456994264e-04 2.040608101214161661e-05 5.000000000000000000e+01 6.999999999999999556e-01
3.602528580863134522e+01 -3.737862522597400812e+02 -3.755711905802817796e+02 -1.017826220915571639e+03 4.718906234057749019e-03 1.647791041730435743e-03 5.000000000000000000e+01 6.999999999999999556e-01
7.591540604278597471e+01 -4.031871383889251774e+02 -4.183700707930523208e+02 -3.275933568910613758e+03 7.499234771962044223e-04 9.182736455463727813e-05 5.000000000000000000e+01 6.999999999999999556e-01
7.470593589190950468e+01 -3.717280569087947129e+02 -3.822819732055149302e+02 -3.155125504810408529e+03 8.519538822569125121e-04 1.173349658198143006e-04 5.000000000000000000e+01 6.999999999999999556e-01
1.618716347299192932e+02 -3.516750560325422725e+02 -4.000337825011757786e+02 -1.344341017886897680e+04 1.785532088562391572e-04 1.530456075910621415e-05 5.000000000000000000e+01 6.999999999999999556e-01
1.011651697171823088e+02 -3.871329317532151890e+02 -4.171978498276822052e+02 -5.495556959859129165e+03 4.030200999897969602e-04 4.081216202428323322e-05 5.000000000000000000e+01 6.999999999999999556e-01
6.927045083077157983e+01 -4.206828914842276959e+02 -4.345103632594507417e+02 -2.811884136313385625e+03 8.876645240281604140e-04 1.173349658198143006e-04 5.000000000000000000e+01 6.999999999999999556e-01
1.600248278532038739e+02 -4.036843205695514598e+02 -4.514505602369532085e+02 -1.319448448987178563e+04 1.836547291092745563e-04 1.530456075910621415e-05 5.000000000000000000e+01 6.999999999999999556e-01
1.179542160681652518e+02 -3.719002582814457583e+02 -4.023953086414577456e+02 -7.319463209263148201e+03 3.213957759412304667e-04 3.060912151821242830e-05 5.000000000000000000e+01 6.999999999999999556e-01
3.235564981175756571e+01 -4.162559576908984127e+02 -4.203289879546043721e+02 -9.330000926114396407e+02 4.550556065707580741e-03 1.163146617692072289e-03 5.000000000000000000e+01 6.999999999999999556e-01
6.834715115758854154e+01 -3.980461718448170814e+02 -4.098037291191477038e+02 -2.724343434309268105e+03 9.641873278236915085e-04 1.326395265789205114e-04 5.000000000000000000e+01 6.999999999999999556e-01
6.021088886427113351e+01 -3.827718586207715816e+02 -3.919035292680471230e+02 -2.188098745978224542e+03 1.234567901234567876e-03 1.938577696153453815e-04 5.000000000000000000e+01 6.999999999999999556e-01
2.899479843501282161e+01 -4.179835898847946964e+02 -4.195311690305929915e+02 -8.345111176407649509e+02 6.989082746658503882e-03 2.805836139169472308e-03 5.000000000000000000e+01 6.999999999999999556e-01
4.594231456453241691e+01 -3.851008629696635239e+02 -3.912312762958877670e+02 -1.432248431546316851e+03 2.163044587287011374e-03 4.183246607489031575e-04 5.000000000000000000e+01 6.999999999999999556e-01
5.616073351045626083e+01 -3.791965085265910602e+02 -3.927402310633217439e+02 -1.947748865412155055e+03 1.249872461993674182e-03 1.734516886032037581e-04 5.000000000000000000e+01 6.999999999999999556e-01
3.454595439723282624e+01 -3.892099540135159259e+02 -3.927251395348619667e+02 -9.789753473289559906e+02 4.152637485970818963e-03 1.091725334149576485e-03 5.000000000000000000e+01 6.999999999999999556e-01
1.180467543153564662e+02 -3.920607831617654142e+02 -4.238074372235199689e+02 -7.349119746203697105e+03 3.162942556881950676e-04 3.060912151821242830e-05 5.000000000000000000e+01 6.999999999999999556e-01
1.290209529106489583e+02 -3.887002962259618357e+02 -4.323380321905449364e+02 -8.705552991557857240e+03 2.601775329048056236e-04 2.550760126517702246e-05 5.000000000000000000e+01 6.999999999999999556e-01
1.595468295500645297e+02 -4.079619213970656801e+02 -4.480941457946594255e+02 -1.312668908002504031e+04 1.887562493623099553e-04 2.040608101214161661e-05 5.000000000000000000e+01 6.999999999999999556e-01
1.225038158238416770e+02 -3.795092830151100429e+02 -4.074948575211163302e+02 -7.873308099023619434e+03 3.060912151821242695e-04 3.060912151821242830e-05 5.000000000000000000e+01 6.999999999999999556e-01
3.229899532679193186e+01 -4.091459819749752000e+02 -4.201543995488685823e+02 -9.272942735477048473e+02 2.816039179675543323e-03 5.662687480869299473e-04 5.000000000000000000e+01 6.999999999999999556e-01
1.612741014977287790e+01 -4.096920071611710910e+02 -4.132064122751746709e+02 -5.329355671090163469e+02 1.426895214774002649e-02 7.733904703601673231e-03 5.000000000000000000e+01 6.999999999999999556e-01
5.060836889331287836e+01 -3.769820081785887851e+02 -3.825482249366964425e+02 -1.650091214352964926e+03 1.892664013876135115e-03 3.673094582185491125e-04 5.000000000000000000e+01 6.999999999999999556e-01
5.030679618927843677e+01 -4.135661154049557240e+02 -4.181846731288129035e+02 -1.672460805944458571e+03 2.025303540455055708e-03 4.132231404958677584e-04 5.000000000000000000e+01 6.999999999999999556e-01
1.597732581754679018e+02 -3.701471513976183019e+02 -4.264084683095530863e+02 -1.312571030349790999e+04 1.734516886032037581e-04 1.530456075910621415e-05 5.000000000000000000e+01 6.999999999999999556e-01
7.067581199685889715e+01 -3.855052836027202829e+02 -3.973871820956273382e+02 -2.874381833715543053e+03 8.978675645342312122e-04 1.224364860728497132e-04 5.000000000000000000e+01 6.999999999999999556e-01
3.092049663017113303e+01 -4.180684496930282990e+02 -4.205150277984807872e+02 -8.907725121580896257e+02 5.902458932761963338e-03 1.974288337924701500e-03 5.000000000000000000e+01 6.999999999999999556e-01
3.922325675572488990e+01 -4.066328365129061808e+02 -4.128937254549069280e+02 -1.167178005800423989e+03 2.780328537904295638e-03 5.764717885930007455e-04 5.000000000000000000e+01 6.999999999999999556e-01
8.792905130874054009e+01 -4.170052019413478774e+02 -4.388784829478197480e+02 -4.274115186390074086e+03 5.509641873278236417e-04 5.611672278338945076e-05 5.000000000000000000e+01 6.999999999999999556e-01
9.515512265579526741e+01 -3.980186449352598288e+02 -4.171045123399655949e+02 -4.916899876618854250e+03 5.050505050505050501e-04 5.611672278338945076e-05 5.000000000000000000e+01 6.999999999999999556e-01
1.455567238090138176e+02 -3.756095815528200319e+02 -4.142392373787497490e+02 -1.096079954180662571e+04 2.193653708805224040e-04 2.040608101214161661e-05 5.000000000000000000e+01 6.999999999999999556e-01
1.051974093028060935e+02 -4.110713961382090815e+02 -4.450859502838745243e+02 -5.935137879894141406e+03 3.724109784715845116e-04 3.571064177124783415e-05 5.000000000000000000e+01 6.999999999999999556e-01
1.418045479375535365e+02 -4.294943826620867640e+02 -4.679886202178410599e+02 -1.047020695435243761e+04 2.244668911335578030e-04 2.040608101214161661e-05 5.000000000000000000e+01 6.999999999999999556e-01
5.811669884623684368e+01 -3.581428713097438390e+02 -3.660724439110844060e+02 -2.040635079587030759e+03 1.367207427813488469e-03 2.142638506274869778e-04 5.000000000000000000e+01 6.999999999999999556e-01
1.351287461980246007e+02 -4.005363374726950383e+02 -4.469742938194571593e+02 -9.520542925198709781e+03 2.346699316396286012e-04 2.040608101214161661e-05 5.000000000000000000e+01 6.999999999999999556e-01
8.541350658738180357e+01 -4.009474780514098029e+02 -4.181733374783607360e+02 -4.040236173981448701e+03 6.070809101112131399e-04 7.142128354249566830e-05 5.000000000000000000e+01 6.999999999999999556e-01
2.047898412242315658e+01 -4.292277584000572119e+02 -4.328452313638454712e+02 -6.333546270482160025e+02 9.845934088358329964e-03 3.759820426487093126e-03 5.000000000000000000e+01 6.999999999999999556e-01
3.393734695833068571e+01 -3.865792395185084160e+02 -3.915468600405860684e+02 -9.557106690465567453e+02 3.729211304968880515e-03 8.876645240281604140e-04 5.000000000000000000e+01 6.999999999999999556e-01
1.311916459216847954e+02 -3.721120557373301381e+02 -4.067703519022430783e+02 -8.968076001310228094e+03 2.601775329048056236e-04 2.040608101214161661e-05 5.000000000000000000e+01 6.999999999999999556e-01
9.913614259033339238e+01 -3.713698078640601921e+02 -3.891173358169026528e+02 -5.276805300152987002e+03 4.642383430262218033e-04 5.101520253035404491e-05 5.000000000000000000e+01 6.999999999999999556e-01
1.045294820172667301e+02 -4.028399584354444301e+02 -4.241863927518736546e+02 -5.857362670530547803e+03 4.183246607489031575e-04 4.591368227731863907e-05 5.000000000000000000e+01 6.999999999999999556e-01
8.120713183789686695e+01 -4.048616374683556955e+02 -4.245548899534144880e+02 -3.695523696016105077e+03 6.478930721354963325e-04 7.142128354249566830e-05 5.000000000000000000e+01 6.999999999999999556e-01
6.618567977794157287e+01 -4.080453178288872778e+02 -4.181330664851465144e+02 -2.590190006503718905e+03 1.040710131619222495e-03 1.479440873380267357e-04 5.000000000000000000e+01 6.999999999999999556e-01
1.684499543483943640e+01 -3.742533275426384876e+02 -3.769967933569445222e+02 -5.107776994384238378e+02 1.484542393633302669e-02 1.025405570860116362e-02 5.000000000000000000e+01 6.999999999999999556e-01
3.388600890725873427e+01 -4.297014736039550939e+02 -4.305419138722741081e+02 -1.000375147531005496e+03 6.264666870727476564e-03 3.234363840424446697e-03 5.000000000000000000e+01 6.999999999999999556e-01
9.393765919423437083e+01 -3.993997689154859927e+02 -4.159283574999051893e+02 -4.802828665134220500e+03 5.254565860626466463e-04 6.121824303642485661e-05 5.000000000000000000e+01 6.999999999999999556e-01
8.670007478781349164e+01 -4.034410176461179276e+02 -4.243749695576008776e+02 -4.153263114328819938e+03 5.764717885930007455e-04 6.121824303642485661e-05 5.000000000000000000e+01 6.999999999999999556e-01
1.261633133583265476e+01 -4.012542135871278219e+02 -4.011565609206436989e+02 -4.777860182466340007e+02 3.853688399142944643e-02 4.270482603815937278e-02 5.000000000000000000e+01 6.999999999999999556e-01
1.113127695103896002e+02 -3.913737780364410810e+02 -4.143150930428487868e+02 -6.576148764493324961e+03 3.673094582185491125e-04 4.081216202428323322e-05 5.000000000000000000e+01 6.999999999999999556e-01
5.631790193670246936e+01 -4.191148508549288181e+02 -4.380968520548701122e+02 -1.999966068615121458e+03 1.071319253137434889e-03 1.428425670849913366e-04 5.000000000000000000e+01 6.999999999999999556e-01
9.675370493142810346e+01 -4.087699449707732811e+02 -4.241731114573315153e+02 -5.079370959683514229e+03 5.101520253035404491e-04 5.611672278338945076e-05 5.000000000000000000e+01 6.999999999999999556e-01
1.527998191769426910e+02 -4.073826784434941715e+02 -4.714277041118331795e+02 -1.207486401441454109e+04 1.785532088562391572e-04 2.040608101214161661e-05 5.000000000000000000e+01 6.999999999999999556e-01
1.639972642389334112e+02 -3.901258310447630038e+02 -4.518072477416332049e+02 -1.382873995943405316e+04 1.683501683501683591e-04 1.530456075910621415e-05 5.000000000000000000e+01 6.999999999999999556e-01
1.229439846672986647e+02 -3.780221446456936292e+02 -4.294554445779893967e+02 -7.929609799445202952e+03 2.601775329048056236e-04 2.040608101214161661e-05 5.000000000000000000e+01 6.999999999999999556e-01
1.434315127115154951e+02 -3.899233252152411637e+02 -4.352104428007297656e+02 -1.066562178118678094e+04 2.142638506274869778e-04 2.040608101214161661e-05 5.000000000000000000e+01 6.999999999999999556e-01
1.546598420085505268e+02 -4.036940324864438594e+02 -4.533864988455942466e+02 -1.235442397774193705e+04 1.887562493623099553e-04 2.040608101214161661e-05 5.000000000000000000e+01 6.999999999999999556e-01
6.101897381024130596e+01 -3.932851145259719488e+02 -4.047057324642747744e+02 -2.248440641767572288e+03 1.127435975920824387e-03 1.632486480971329329e-04 5.000000000000000000e+01 6.999999999999999556e-01
1.204292979319049408e+02 -3.740172823093294596e+02 -4.095916149133735189e+02 -7.616984367376277987e+03 2.958881746760534713e-04 2.550760126517702246e-05 5.000000000000000000e+01 6.999999999999999556e-01
8.125641959176859075e+01 -4.185565949206989558e+02 -4.379788850542909131e+02 -3.710900544187397827e+03 6.376900316294255343e-04 7.142128354249566830e-05 5.000000000000000000e+01 6.999999999999999556e-01
5.583392116651655357e+01 -3.983390397461549242e+02 -4.054499295337205922e+02 -1.953327278943504098e+03 1.515151515151515150e-03 2.550760126517702246e-04 5.000000000000000000e+01 6.999999999999999556e-01
1.005179439656656797e+02 -3.976266587093521139e+02 -4.301947515486004363e+02 -5.442154605214715957e+03 4.030200999897969602e-04 4.081216202428323322e-05 5.000000000000000000e+01 6.999999999999999556e-01
3.464791585288487852e+01 -3.881592087612451110e+02 -3.927196190395166013e+02 -9.827318042995000269e+02 3.958779716355474015e-03 9.539842873176206019e-04 5.000000000000000000e+01 6.999999999999999556e-01
1.393929985912581344e+02 -4.004948052147715885e+02 -4.418411291415431492e+02 -1.010610306084993863e+04 2.244668911335578030e-04 2.040608101214161661e-05 5.000000000000000000e+01 6.999999999999999556e-01
8.206910549602221749e+01 -3.922065148479711070e+02 -4.132802295498878493e+02 -3.752619750753248354e+03 6.070809101112131399e-04 6.631976328946025568e-05 5.000000000000000000e+01 6.999999999999999556e-01
1.566669554312989305e+02 -3.857413760172123602e+02 -4.327741455391496288e+02 -1.264702070960789752e+04 1.836547291092745563e-04 2.040608101214161661e-05 5.000000000000000000e+01 6.999999999999999556e-01
1.228692362247350189e+02 -4.122226324461457807e+02 -4.409572611916114511e+02 -7.947501891739177154e+03 3.060912151821242695e-04 3.060912151821242830e-05 5.000000000000000000e+01 6.999999999999999556e-01
1.265532608312435769e+02 -4.211198264522039381e+02 -4.467541779215972042e+02 -8.421001557804489494e+03 3.009896949290888704e-04 3.060912151821242830e-05 5.000000000000000000e+01 6.999999999999999556e-01
5.873610382113825068e+01 -4.163662135606002721e+02 -4.243760859778000736e+02 -2.133050341364041742e+03 1.362105907560452961e-03 2.193653708805224040e-04 5.000000000000000000e+01 6.999999999999999556e-01
1.211817197012814695e+01 -4.182908824541059403e+02 -4.251389614424715546e+02 -4.902270999565643024e+02 8.846036118763391312e-03 1.121314151617181995e-02 5.000000000000000000e+01 6.999999999999999556e-01
1.129913122730473845e+02 -4.112990742707394247e+02 -4.393353705792674759e+02 -6.786198361191586628e+03 3.469033772064075163e-04 3.571064177124783415e-05 5.000000000000000000e+01 6.999999999999999556e-01
1.199895901580909481e+02 -3.914576040803436854e+02 -4.221818619776778974e+02 -7.579763011857597121e+03 3.111927354351596686e-04 2.550760126517702246e-05 5.000000000000000000e+01 6.999999999999999556e-01
1.487515178885146554e+02 -4.052122953193579065e+02 -4.421669761565468662e+02 -1.145981716978145596e+04 2.142638506274869778e-04 2.040608101214161661e-05 5.000000000000000000e+01 6.999999999999999556e-01
6.036840447331461945e+01 -3.728427105725945694e+02 -3.875658971547964597e+02 -2.187989477647852254e+03 1.081522293643505687e-03 1.428425670849913366e-04 5.000000000000000000e+01 6.999999999999999556e-01
5.057260428579604650e+01 -4.420330634327259531e+02 -4.477827112222275900e+02 -1.713893782133764944e+03 1.902867054382205913e-03 3.469033772064075163e-04 5.000000000000000000e+01 6.999999999999999556e-01
7.870939083906869804e+00 -3.985765216770473671e+02 -3.992616139005088485e+02 -4.260188066788921901e+02 6.346801346801346499e-02 6.207019691868176370e-02 5.000000000000000000e+01 6.999999999999999556e-01
1.457290134105584798e+02 -4.032424122502081332e+02 -4.518058542594300206e+02 -1.101167468507499325e+04 2.040608101214161797e-04 2.040608101214161661e-05 5.000000000000000000e+01 6.999999999999999556e-01
4.802463391452669583e+01 -3.981699158576662967e+02 -4.066833966341705491e+02 -1.544603540379248216e+03 1.785532088562391626e-03 3.111927354351596686e-04 5.000000000000000000e+01 6.999999999999999556e-01
1.055895835364039215e+02 -3.847972475069435632e+02 -4.067588524621962733e+02 -5.950874730242901023e+03 4.132231404958677584e-04 4.591368227731863907e-05 5.000000000000000000e+01 6.999999999999999556e-01
1.144910940651736269e+02 -3.698753700088050209e+02 -4.053464303314121366e+02 -6.914805726918199980e+03 3.213957759412304667e-04 2.550760126517702246e-05 5.000000000000000000e+01 6.999999999999999556e-01
1.138196670691329047e+02 -4.155493542767081294e+02 -4.370540798661840540e+02 -6.883754484147185394e+03 3.673094582185491125e-04 4.081216202428323322e-05 5.000000000000000000e+01 6.999999999999999556e-01
2.814899237831347634e+01 -4.062345221500416415e+02 -4.102780808905856134e+02 -7.958499787889334129e+02 5.433119069482706190e-03 1.550862156922763052e-03 5.000000000000000000e+01 6.999999999999999556e-01
1.176526523603242680e+02 -3.845388109217790316e+02 -4.152377103289999809e+02 -7.296505134014066243e+03 3.162942556881950676e-04 3.060912151821242830e-05 5.000000000000000000e+01 6.999999999999999556e-01
1.513946561449183434e+02 -4.208726932860224110e+02 -4.663958065234153310e+02 -1.187124642119545933e+04 1.938577696153453815e-04 2.040608101214161661e-05 5.000000000000000000e+01 6.999999999999999556e-01
9.692839889404353926e+01 -4.116930004597659831e+02 -4.323708827916883024e+02 -5.100767754382124622e+03 4.795429037853280547e-04 5.101520253035404491e-05 5.000000000000000000e+01 6.999999999999999556e-01
9.110333300036981541e+01 -4.017882531791092902e+02 -4.302101036379027050e+02 -4.544410035887135564e+03 4.846444240383634538e-04 4.591368227731863907e-05 5.000000000000000000e+01 6.999999999999999556e-01
7.135717225114250084e+01 -3.805713119806502505e+02 -3.929489432053618998e+02 -2.918136892210390215e+03 8.723599632690542168e-04 1.122334455667789015e-04 5.000000000000000000e+01 6.999999999999999556e-01
1.620509376962490080e+02 -3.868276984922525799e+02 -4.333102928625194750e+02 -1.350678131626409231e+04 1.836547291092745563e-04 1.530456075910621415e-05 5.000000000000000000e+01 6.999999999999999556e-01
1.481844906335772976e+02 -3.781711737635573627e+02 -4.199522374986260047e+02 -1.134718805890746808e+04 2.091623303744515787e-04 2.040608101214161661e-05 5.000000000000000000e+01 6.999999999999999556e-01
3.993362337515356586e+01 -3.758879405419720001e+02 -3.776273284327354531e+02 -1.167922020093223182e+03 3.836343230282624438e-03 1.295786144270992665e-03 5.000000000000000000e+01 6.999999999999999556e-01
1.066619663755999170e+02 -3.742369225023136323e+02 -3.995877394208684450e+02 -6.053494171227129300e+03 3.928170594837261621e-04 4.081216202428323322e-05 5.000000000000000000e+01 6.999999999999999556e-01
7.810192861359627159e+01 -3.889915962602083823e+02 -3.994581210398605435e+02 -3.429988055279726723e+03 7.958371594735231223e-04 1.071319253137434889e-04 5.000000000000000000e+01 6.999999999999999556e-01
5.003499389410315246e+01 -4.126369181424122417e+02 -4.191683355038461514e+02 -1.655757313781455196e+03 1.872257932863993519e-03 3.418018569533721172e-04 5.000000000000000000e+01 6.999999999999999556e-01
1.528681582674770993e+02 -3.872147783886825323e+02 -4.427188035022309123e+02 -1.206191361065684032e+04 1.887562493623099553e-04 1.530456075910621415e-05 5.000000000000000000e+01 6.999999999999999556e-01
1.535286904034034094e+01 -4.171094884388171522e+02 -4.187100898408609737e+02 -5.303908375259558170e+02 2.170696867666564722e-02 1.890113253749617361e-02 5.000000000000000000e+01 6.999999999999999556e-01
9.214645691318055754e+01 -3.863670154037559996e+02 -4.067868707511595403e+02 -4.624127715341885960e+03 5.101520253035404491e-04 5.101520253035404491e-05 5.000000000000000000e+01 6.999999999999999556e-01
1.391316398052942986e+02 -3.987006582010118905e+02 -4.391308686671174542e+02 -1.006682584555864014e+04 2.346699316396286012e-04 2.040608101214161661e-05 5.000000000000000000e+01 6.999999999999999556e-01
2.275502247746872442e+01 -3.965660571343821061e+02 -3.991405206473662020e+02 -6.486130248755528100e+02 9.810223446587083146e-03 4.239363330272420856e-03 5.000000000000000000e+01 6.999999999999999556e-01
1.034283218700818274e+01 -3.735999792570473801e+02 -3.755804568431402686e+02 -4.237914114368886658e+02 3.522599734720947146e-02 3.644526068768492999e-02 5.000000000000000000e+01 6.999999999999999556e-01
1.407466027582422043e+02 -3.835514118771944254e+02 -4.453611798100440637e+02 -1.028318137594013388e+04 2.091623303744515787e-04 2.040608101214161661e-05 5.000000000000000000e+01 6.999999999999999556e-01
3.753404516774266853e+01 -4.081643108172926304e+02 -4.095487183683039234e+02 -1.108243524702963214e+03 4.509743903683297549e-03 1.668197122742577339e-03 5.000000000000000000e+01 6.999999999999999556e-01
5.115774254843923075e+01 -4.303016604517197834e+02 -4.358815737104951040e+02 -1.728229906680634031e+03 1.877359453117028809e-03 3.520048974594429153e-04 5.000000000000000000e+01 6.999999999999999556e-01
8.140901568501979568e+01 -3.787414292904272770e+02 -3.994918495173955080e+02 -3.686392379130327754e+03 6.172839506172839380e-04 6.631976328946025568e-05 5.000000000000000000e+01 6.999999999999999556e-01
6.053180894549284119e+01 -4.175770956416177455e+02 -4.254327099683503661e+02 -2.238585409282336968e+03 1.290684624017957374e-03 2.040608101214161797e-04 5.000000000000000000e+01 6.999999999999999556e-01
3.269596719472532698e+01 -4.022949428376647347e+02 -4.074259296926351226e+02 -9.276843451620712813e+02 4.081216202428323593e-03 9.539842873176206019e-04 5.000000000000000000e+01 6.999999999999999556e-01
1.497175114739904132e+02 -4.117327072022057450e+02 -4.564387338179656695e+02 -1.161119444368679979e+04 2.040608101214161797e-04 2.040608101214161661e-05 5.000000000000000000e+01 6.999999999999999556e-01
1.354227495315206795e+02 -3.847038945235538563e+02 -4.377666228242336501e+02 -9.547420629105139597e+03 2.295684113865932021e-04 2.040608101214161661e-05 5.000000000000000000e+01 6.999999999999999556e-01
8.976578858354025670e+01 -4.056184827972023754e+02 -4.278484936935504948e+02 -4.425619157689781787e+03 5.305581063156820454e-04 5.611672278338945076e-05 5.000000000000000000e+01 6.999999999999999556e-01
6.268996477851042926e+01 -3.818924570423801015e+02 -3.899733209008321637e+02 -2.339281229187582539e+03 1.209060299969390772e-03 1.836547291092745563e-04 5.000000000000000000e+01 6.999999999999999556e-01
1.019427978814820221e+02 -3.994785705376587543e+02 -4.186281762688386721e+02 -5.587502998526052579e+03 4.540353025201510052e-04 5.101520253035404491e-05 5.000000000000000000e+01 6.999999999999999556e-01
1.549112838189755159e+01 -3.852060800104617897e+02 -3.869975233462619144e+02 -5.022080635621526881e+02 2.181920212223242492e-02 1.767676767676767610e-02 5.000000000000000000e+01 6.999999999999999556e-01
1.018218711419363984e+02 -3.852399468239756288e+02 -4.086507758534620507e+02 -5.560251313421223131e+03 4.234261810019385565e-04 4.591368227731863907e-05 5.000000000000000000e+01 6.999999999999999556e-01
5.353781022477536311e+01 -3.688735141534879745e+02 -3.729606873177801845e+02 -1.795788033582870412e+03 1.902867054382205913e-03 3.979185797367615612e-04 5.000000000000000000e+01 6.999999999999999556e-01
8.209871030860915653e+01 -3.741182882735663497e+02 -3.848147191468276560e+02 -3.736996590725145325e+03 7.193143556779920279e-04 9.182736455463727813e-05 5.000000000000000000e+01 6.999999999999999556e-01
7.080110380435746720e+01 -4.208680069119430982e+02 -4.285754631430778545e+02 -2.921684299268566974e+03 9.845934088358329964e-04 1.530456075910621347e-04 5.000000000000000000e+01 6.999999999999999556e-01
1.093130767205845189e+02 -4.007270372953074116e+02 -4.279659156221694616e+02 -6.366380822544739203e+03 3.673094582185491125e-04 3.571064177124783415e-05 5.000000000000000000e+01 6.999999999999999556e-01
1.144330400608361487e+02 -4.071379143466792812e+02 -4.485227244117791088e+02 -6.948813484362772215e+03 3.060912151821242695e-04 2.550760126517702246e-05 5.000000000000000000e+01 6.999999999999999556e-01
1.352334017553694991e+02 -3.962069819421586772e+02 -4.355509303333624871e+02 -9.529821552403698661e+03 2.397714518926640274e-04 2.040608101214161661e-05 5.000000000000000000e+01 6.999999999999999556e-01
7.137820048598403844e+01 -3.795019007759933061e+02 -3.994588490759168735e+02 -2.920614348044418875e+03 7.652280379553107279e-04 9.182736455463727813e-05 5.000000000000000000e+01 6.999999999999999556e-01
8.287664970110064644e+01 -3.784000530486127900e+02 -3.940270692099028338e+02 -3.803932326747605202e+03 6.580961126415672390e-04 7.652280379553106737e-05 5.000000000000000000e+01 6.999999999999999556e-01
3.342964477975429105e+01 -4.107696846316044343e+02 -4.162623849426951779e+02 -9.649768996752592329e+02 3.739414345474951530e-03 8.468523620038771130e-04 5.000000000000000000e+01 6.999999999999999556e-01
2.941464628492589384e+01 -3.930520239098320872e+02 -3.970686556738141917e+02 -8.188410237874059021e+02 5.203550658096112690e-03 1.438628711355984056e-03 5.000000000000000000e+01 6.999999999999999556e-01
1.041304451360844574e+01 -3.912398299834346176e+02 -3.918812396420440791e+02 -4.390528480255457566e+02 5.060197938985817878e-02 5.099989796959494143e-02 5.000000000000000000e+01 6.999999999999999556e-01
7.747677918249434015e+01 -4.155068710181036522e+02 -4.276028046424239619e+02 -3.409515879929693710e+03 7.652280379553107279e-04 9.692888480767269076e-05 5.000000000000000000e+01 6.999999999999999556e-01
3.857581984065992486e+01 -4.190329544143622797e+02 -4.226875046385401333e+02 -1.155444253482991144e+03 3.382307927762473378e-03 8.774614835220896159e-04 5.000000000000000000e+01 6.999999999999999556e-01
1.179727920844299121e+02 -3.809256279440992898e+02 -4.039304162860416341e+02 -7.330954751238971767e+03 3.418018569533721172e-04 3.571064177124783415e-05 5.000000000000000000e+01 6.999999999999999556e-01
1.176778357220857458e+02 -4.080622637467987488e+02 -4.288633677434658580e+02 -7.324128973072767621e+03 3.469033772064075163e-04 3.571064177124783415e-05 5.000000000000000000e+01 6.999999999999999556e-01
5.966688646756981740e+01 -3.961433298048607412e+02 -4.038580484034136475e+02 -2.166975479261003329e+03 1.331496786042240567e-03 2.193653708805224040e-04 5.000000000000000000e+01 6.999999999999999556e-01
7.938626144887075498e+01 -3.920219578511523650e+02 -4.047207288549318491e+02 -3.534827588021256815e+03 7.346189164370982251e-04 9.182736455463727813e-05 5.000000000000000000e+01 6.999999999999999556e-01
1.389979315282001266e+02 -3.676060849968916955e+02 -4.108308905086431650e+02 -1.001834440001409166e+04 2.244668911335578030e-04 2.040608101214161661e-05 5.000000000000000000e+01 6.999999999999999556e-01
4.515683327917315637e+01 -3.802509187798837615e+02 -3.906988308375392194e+02 -1.396401833460356329e+03 1.841648811345781124e-03 3.162942556881950676e-04 5.000000000000000000e+01 6.999999999999999556e-01
1.548980503886722886e+02 -4.162992705350707752e+02 -4.667825768204286305e+02 -1.240575948040368530e+04 1.836547291092745563e-04 2.040608101214161661e-05 5.000000000000000000e+01 6.999999999999999556e-01
1.305563794873249321e+02 -3.998073860417110268e+02 -4.301440063713109225e+02 -8.911342852017905898e+03 2.703805734108764218e-04 2.550760126517702246e-05 5.000000000000000000e+01 6.999999999999999556e-01
2.191742694148004844e+01 -4.107462509444576426e+02 -4.128553417022590679e+02 -6.452149074407177523e+02 1.088664421997755268e-02 5.795327007448219415e-03 5.000000000000000000e+01 6.999999999999999556e-01
2.695447106019827999e+01 -3.653544727728647672e+02 -3.715990832302142053e+02 -7.228437674986215598e+02 4.994388327721661219e-03 1.316192225283134478e-03 5.000000000000000000e+01 6.999999999999999556e-01
1.175445224818782748e+02 -3.832758686581695429e+02 -4.156895532896932082e+02 -7.284123929588110514e+03 3.162942556881950676e-04 3.060912151821242830e-05 5.000000000000000000e+01 6.999999999999999556e-01
3.698448043178269273e+01 -3.755896482873405944e+02 -3.821985156081696573e+02 -1.050409994897323031e+03 2.938475665748392900e-03 6.325885113763901352e-04 5.000000000000000000e+01 6.999999999999999556e-01
5.094242183324391249e+01 -4.187308372226236202e+02 -4.208625577130852093e+02 -1.712665876388114839e+03 2.280379553106825878e-03 6.223854708703193371e-04 5.000000000000000000e+01 6.999999999999999556e-01
1.546201334839403785e+02 -4.124760391025805575e+02 -4.640824637757643814e+02 -1.235624682894270336e+04 1.836547291092745563e-04 2.040608101214161661e-05 5.000000000000000000e+01 6.999999999999999556e-01
6.032229737760427923e+01 -4.127689941751295919e+02 -4.234671239490289167e+02 -2.224143236673962292e+03 1.209060299969390772e-03 1.785532088562391572e-04 5.000000000000000000e+01 6.999999999999999556e-01
1.593259691228010126e+02 -4.156773410193832206e+02 -4.624080112965309581e+02 -1.309633007188095871e+04 1.836547291092745563e-04 2.040608101214161661e-05 5.000000000000000000e+01 6.999999999999999556e-01
9.744039719363445329e+01 -3.891019809583564779e+02 -4.077047583088845499e+02 -5.128482509515166385e+03 4.795429037853280547e-04 5.101520253035404491e-05 5.000000000000000000e+01 6.999999999999999556e-01
1.252713339707737816e+02 -4.125759087002090837e+02 -4.445639290806406621e+02 -8.250144597712427640e+03 2.856851341699826732e-04 2.550760126517702246e-05 5.000000000000000000e+01 6.999999999999999556e-01
2.207403094131505839e+01 -4.158002845504781817e+02 -4.205547256719161169e+02 -6.526732405126335834e+02 7.575757575757575968e-03 2.555861646770737645e-03 5.000000000000000000e+01 6.999999999999999556e-01
7.177250587483807465e+01 -3.710472782287970404e+02 -3.808718402123149076e+02 -2.939285964213864645e+03 9.233751657994082075e-04 1.326395265789205114e-04 5.000000000000000000e+01 6.999999999999999556e-01
1.302824450627900035e+02 -4.146733567094252635e+02 -4.371201894820640064e+02 -8.894261634662721917e+03 2.856851341699826732e-04 3.060912151821242830e-05 5.000000000000000000e+01 6.999999999999999556e-01
1.588336808093776256e+02 -4.446828577543985830e+02 -4.986334219607034015e+02 -1.304964089955906456e+04 1.785532088562391572e-04 1.530456075910621415e-05 5.000000000000000000e+01 6.999999999999999556e-01
1.463592087882765327e+02 -3.826976896808856168e+02 -4.220679977603302859e+02 -1.108453149784526977e+04 2.142638506274869778e-04 2.040608101214161661e-05 5.000000000000000000e+01 6.999999999999999556e-01
4.233785305436535396e+01 -4.436996341269648383e+02 -4.466838055923937532e+02 -1.333150899022518388e+03 3.025201510049994793e-03 7.754310784613815261e-04 5.000000000000000000e+01 6.999999999999999556e-01
1.494305976215365774e+02 -4.174798537093232085e+02 -4.478268823998221819e+02 -1.157445014162004736e+04 2.193653708805224040e-04 2.040608101214161661e-05 5.000000000000000000e+01 6.999999999999999556e-01
1.378196765289385439e+02 -3.860603227928096999e+02 -4.273527102243886020e+02 -9.873275860856167128e+03 2.346699316396286012e-04 2.040608101214161661e-05 5.000000000000000000e+01 6.999999999999999556e-01
1.613793522209342655e+02 -4.248508808065567450e+02 -4.794651896055935367e+02 -1.343751757378212642e+04 1.734516886032037581e-04 1.530456075910621415e-05 5.000000000000000000e+01 6.999999999999999556e-01
2.290076177117339640e+01 -4.112133565252173639e+02 -4.159536722442395558e+02 -6.677259513142282685e+02 7.111519232731354327e-03 2.351800836649321682e-03 5.000000000000000000e+01 6.999999999999999556e-01
4.512571201984779634e+01 -4.072384669760352267e+02 -4.174508231465622998e+02 -1.418509185022965084e+03 1.882460973370064317e-03 3.213957759412304667e-04 5.000000000000000000e+01 6.999999999999999556e-01
