# format=SNRtot_MF, evidence_inj-nofilter, occams, mass_in_solar, chi_inject]
1.921599982019395156e+02 1.845370117114985987e+04 6.066958897147576831e-04 9.001128861315386587e+01 6.024311244755897743e-01
2.637940665405183154e+02 3.478293101333833329e+04 8.036338225017470444e-04 1.105852640138769374e+02 2.607329705124981079e-01
2.354669939107158712e+02 2.771373948921899864e+04 2.541134616606314809e-05 5.128577901816520068e+01 8.516009700706858032e-01
4.540364015686713373e+01 1.022915582698560229e+03 1.229909154437456263e-02 6.932775732535495194e+01 3.843387554128757655e-01
7.003931709728189503e+01 2.450226369758481269e+03 3.792643415284924560e-03 3.391227825484850911e+01 1.747980912777873097e-01
3.643567154448629708e+01 6.585057529693583547e+02 5.584143319992376960e-03 4.792619405765309182e+01 4.656031255617383291e-01
3.439798527095826444e+02 5.914809153344139486e+04 1.588209135378946713e-05 1.199810506430132051e+02 9.332000889814769939e-01
2.801715259154492443e+01 3.869026897092031732e+02 1.838828536941744529e-02 7.525042513836940827e+01 6.694067310681091065e-01
1.436147492653901452e+02 1.030095198969199555e+04 1.083158630328441650e-03 8.638297735280639245e+01 2.059682517304204374e-01
2.189598672275851641e+02 2.396404580945588532e+04 9.370433898735785506e-04 1.017545208750901793e+02 2.051300345311779794e-01
2.204994967657986393e+01 2.383601781678617613e+02 2.631662537322914525e-02 8.601695768064067238e+01 6.049548430208877559e-01
4.206957971015962698e+02 8.848321008082713524e+04 1.429388221841052008e-04 9.882521346296289266e+01 5.440950099921647576e-01
4.857111214164330448e+01 1.176944992681914755e+03 1.415411981449717256e-02 1.063642220279405564e+02 5.181844472579638650e-01
1.490852937291367937e+02 1.110884262697570921e+04 2.350549520360841122e-04 4.807119595565295356e+01 5.888022726934195594e-01
1.050886023162384504e+02 5.515764514803756356e+03 4.358045867479829784e-03 6.327887157102822613e+01 2.411091769875678414e-01
1.123873078146613409e+02 6.310752877116632590e+03 2.534781780064799053e-03 6.016049748554348753e+01 2.077957072879410474e-03
5.032759797542251334e+01 1.263306656596340190e+03 7.448700844927260041e-03 4.558242275308916192e+01 6.161764206849525832e-02
2.688950414646599825e+02 3.614099194823284051e+04 2.858776443682104016e-04 1.024600108858510765e+02 5.763152315549774363e-01
7.619066007145626429e+01 2.890999496989480576e+03 3.894288799949177302e-03 3.759275973981573316e+01 3.828036543703013383e-01
2.566522620125973617e+02 3.292423138965498947e+04 2.223492789530525331e-05 7.050704112194188156e+01 8.780710405794509565e-01
1.672481329440874163e+02 1.398122182145859188e+04 5.101327742837176438e-03 1.083312443015475708e+02 2.625103981355692562e-01
6.236540570435415987e+01 1.938235932323530506e+03 1.639031827711073070e-03 6.780551098889831962e+01 7.196795705867978787e-01
3.586094254211755015e+02 6.428770437224712805e+04 2.858776443682103948e-05 4.492301127866496557e+01 7.329273052311582326e-01
1.621342398108816667e+02 1.314491585581508662e+04 3.929229400927514507e-03 6.213274373092429670e+01 1.302064997015413561e-01
1.632321355824185503e+02 1.331301263744261450e+04 7.115176926497681058e-04 6.042762514063208812e+01 3.263106051943224784e-01
1.295872981186721518e+02 8.388162254004933857e+03 3.192300362111682999e-03 7.614928432337455888e+01 3.519786229984179782e-01
1.251924363166017713e+02 7.827514337151588734e+03 1.270567308303157371e-04 7.869043941826842570e+01 7.662193864374288177e-01
1.765446871121842207e+02 1.557353024016612471e+04 6.988120195667365132e-05 7.436206664443437830e+01 8.344487439733280221e-01
1.544072952236772380e+02 1.191258558875281597e+04 3.589352645956419511e-04 5.237653361019437170e+01 4.800726921703138972e-01
4.109539655963139921e+02 8.443286328723892802e+04 3.970522838447366749e-04 7.082116739840466835e+01 1.919439066498011826e-01
1.391497202821861094e+02 9.675441823840812503e+03 5.501556444952671390e-03 1.112669190009808062e+02 2.336386388786277357e-01
1.115912635010108289e+02 6.225177892188562510e+03 4.002287021154945731e-04 4.174282252588778874e+01 6.462896147855189399e-01
1.009858013762284230e+02 5.092748985052264288e+03 3.656057429642335481e-03 7.686662946825066456e+01 2.509742572500542890e-01
4.320673168574485885e+02 9.333103808255915646e+04 8.671621879169048993e-04 6.413959441243012805e+01 3.277356331220098729e-01
5.848540917169314923e+01 1.705991865344199368e+03 4.713804713804713512e-03 6.554844237304018861e+01 2.174158556524229402e-01
5.729356885240386532e+01 1.633289511146504537e+03 2.572898799313893723e-04 1.186948905326804891e+02 9.322610070040926455e-01
5.140396870104588345e+01 1.315312376717596635e+03 5.870020964360587144e-03 5.587914607112482912e+01 6.175071294751637296e-01
2.121464308649520447e+01 2.182455786356136400e+02 6.540562861317578136e-02 7.942018890365625339e+01 2.092400678397536573e-01
7.733932372390296450e+01 2.982372401606964559e+03 4.615335747411218777e-03 4.368030448933358656e+01 1.544127568151982266e-01
1.936470300652533183e+02 1.873647435573665643e+04 1.810558414331999246e-04 5.475627507558148466e+01 6.826522027285363281e-01
3.196127426405709571e+02 5.106991759967053076e+04 4.669334858014103262e-04 6.411519834489384095e+01 4.325338143031247085e-01
3.366219802077224585e+02 5.665172218970553513e+04 8.290451686678102297e-04 1.034705068751690362e+02 5.910419194527857800e-02
2.828608319802338542e+02 3.999478623015755875e+04 6.352836541515787022e-06 7.724008688706101111e+01 9.052911641322570757e-01
1.213783258449910534e+02 7.361436065404594046e+03 1.915380217267009669e-03 7.449581965407475082e+01 1.279259051978496875e-01
2.272624611444433071e+02 2.581350187215017286e+04 1.334095673718315334e-04 5.526415292777573995e+01 6.531067249437788602e-01
1.957512277321751810e+02 1.913900044604137656e+04 3.176418270757893511e-06 3.580505769197110766e+01 9.405694237408144254e-01
1.032949690460751526e+02 5.326787126802848434e+03 1.524680769963788953e-04 5.049336460580000363e+01 8.154193385761224766e-01
2.215554813776407173e+02 2.453716931420169203e+04 3.494060097833682566e-04 3.658959421776040699e+01 4.067768369790527028e-01
1.400340424995094111e+02 9.797787208884234133e+03 2.055142621180356972e-03 4.757809530791418950e+01 1.136285985708325036e-01
3.634974920053429628e+02 6.605460629243645235e+04 1.143510577472841579e-04 8.854173904501004699e+01 5.320277806641264817e-01
1.263499507170188423e+02 7.974438326306398267e+03 4.256400482815577042e-04 4.947774654411909268e+01 6.572800882858694793e-01
7.814999475325724632e+01 3.044713504112919509e+03 3.865701035512356110e-03 4.866795469147709241e+01 3.208709490561333366e-01
6.936011968007137796e+01 2.396681101727474925e+03 6.066958897147576831e-04 4.524806852888588793e+01 6.614041349068388032e-01
1.246385606462693261e+02 7.760259518903464595e+03 4.923448319674734574e-04 9.572247254774730152e+01 7.192267308504037837e-01
2.120585706964451731e+02 2.247799958394195710e+04 1.175274760180420561e-04 3.119964619863557331e+01 5.687442429386824205e-01
2.837825596278268563e+02 4.025384655113595363e+04 1.270567308303157404e-05 5.600602015067933337e+01 8.983073331260844618e-01
3.331836274660556114e+02 5.549537196357730863e+04 3.176418270757893426e-05 5.617333853419437872e+01 7.357242704007451728e-01
6.645144529628898056e+01 2.205151358502257153e+03 5.819198272028460774e-03 7.995280251003615035e+01 7.216554890878060236e-02
6.750013979164751277e+01 2.268319894849172215e+03 2.150435169303093700e-03 5.611106818589581735e+01 4.933311714238984291e-01
4.459025735739884055e+01 9.887562772909639079e+02 3.678292357537640660e-03 3.231580263046382129e+01 8.149374261064608327e-02
1.052344064857790329e+02 5.524101772273294046e+03 2.636427164729051686e-04 7.459251623136144360e+01 7.890476405968497309e-01
3.206445295374016382e+02 5.139814615305227926e+04 1.057747284162378464e-03 8.871422244258495482e+01 1.028724523868771862e-01
2.448527799475899656e+02 2.996355111604970443e+04 8.893971158122101323e-05 1.017726950430653972e+02 7.283659564287829902e-01
3.037197662000291842e+01 4.553661382860024105e+02 1.693030938313957231e-03 6.960262941036731377e+01 8.257859821601948314e-01
6.695965647279426491e+01 2.232979690824282898e+03 2.398195794422209540e-03 3.120184020682968651e+01 3.511520838520824084e-01
3.983901159570137906e+02 7.934500926763965981e+04 8.481036782923575103e-04 9.771034381548558656e+01 3.150984654370786453e-01
2.005100295140110518e+02 2.009229115079241092e+04 5.145797598627787446e-04 6.820006019377916573e+01 2.974537654021052191e-01
1.466627157098935470e+02 1.074571971869108711e+04 6.257543993393049637e-04 4.957553157247106412e+01 2.877661113032956020e-01
1.864924465629462986e+02 1.738216559314178448e+04 2.366431611714630776e-03 1.047943974281909050e+02 3.275390440787470103e-01
2.481355243114261100e+02 3.077588677830902088e+04 1.978908582682167416e-03 1.147584536122394070e+02 2.882656801482869624e-01
5.848543027888515411e+01 1.696906564977550261e+03 2.001143510577472865e-04 3.470009075536556509e+01 8.678502114266087863e-01
9.255297991721695894e+01 4.275146439703491524e+03 1.804205577790483558e-03 1.064109162556714523e+02 5.438897136889769834e-01
5.681639697880423228e+02 1.613941108761474025e+05 6.035194714439997849e-04 8.778725482301152283e+01 1.629461732189877721e-01
3.450528862414735727e+02 5.952749885350868863e+04 1.537386443046820329e-03 6.935125273815664571e+01 2.065677667654956251e-01
2.375240325688677956e+01 2.785793623050157066e+02 7.982339114414586934e-03 5.404720553581999809e+01 6.798980373415067779e-01
1.843956304337354197e+02 1.698805109613291279e+04 2.509370433898735759e-04 7.492887066642495597e+01 6.424540966696193900e-01
4.943937470863336614e+01 1.214047072730721311e+03 9.497490629566101433e-04 3.621890627594984124e+01 5.649270090192262117e-01
3.277553963368848144e+02 5.370790680620034254e+04 2.731719712851788089e-04 9.321249969302425598e+01 4.222259310262071463e-01
5.095813283277996675e+02 1.298200499601392512e+05 9.529254812273680957e-06 8.949473574960778421e+01 8.916544231878696936e-01
1.764328421454926570e+02 1.556132523092893825e+04 2.137729496220062107e-03 8.681775479770507786e+01 1.903682168599147573e-01
8.639857079835319098e+01 3.728997530076998373e+03 7.826694619147448947e-03 5.748443597958221574e+01 1.554344273454311698e-01
1.250679940741465970e+02 7.814166748683841433e+03 6.988120195667365132e-05 1.062349485432528837e+02 8.754972612177784885e-01
5.924387579506427670e+01 1.748860998995106229e+03 4.732863223429261226e-04 4.295806576942913324e+01 5.497366836441487381e-01
5.545435940978297396e+01 1.531466060598189870e+03 2.045613366368083386e-03 9.950083393645761021e+01 7.196459628638481876e-01
4.395190110298566992e+02 9.657688323137405678e+04 6.352836541515787022e-06 1.171722512534208676e+02 9.342702800681793596e-01
6.786554396839589742e+01 2.293338101367869058e+03 1.035512356267073285e-03 8.974057357937726920e+01 6.353784689513760631e-01
1.492777151434319762e+02 1.113327519244256109e+04 2.090083222158693743e-03 6.033653471812049673e+01 4.231445870068133441e-01
3.185836718912468868e+01 5.030603613341040727e+02 1.121593291404612142e-02 1.141634622999547588e+02 6.569670559701936696e-01
2.738420079304339652e+02 3.748639031707979302e+04 1.451623149736357187e-03 7.467534863113115762e+01 2.356003144543735162e-01
3.624693236214472591e+01 6.525118404570050643e+02 1.669525443110348936e-02 4.409143078463644372e+01 4.563002819007293542e-01
3.113054681075348640e+02 4.844550092714204948e+04 5.082269233212629618e-05 7.245383049722383362e+01 7.528129899789317570e-01
2.894831723977698061e+02 4.189486845273592189e+04 4.732863223429261226e-04 8.279527897643836809e+01 3.802679007795082278e-01
7.159821292359956146e+01 2.557218477528207131e+03 4.967918175465345365e-03 9.306853756485753593e+01 1.127563230385326687e-01
2.419904501558662560e+02 2.927201723707939163e+04 8.258687503970523315e-04 9.975937020576245118e+01 1.765572380549508547e-01
1.084145439884270701e+02 5.869982531634654151e+03 3.519471443999745968e-03 1.139617952500653502e+02 1.516611631260539883e-01
4.054276093549465543e+01 8.217796592329927989e+02 2.554157931516421939e-02 1.087019395331069376e+02 3.570400103566814809e-01
2.424812687784027503e+02 2.939221170911629088e+04 1.473858077631662582e-03 5.504567306427227891e+01 2.369362861428538913e-01
1.222437124244197975e+02 7.467247663616090904e+03 4.923448319674734574e-04 4.790018534794380400e+01 3.816524422072464784e-01
5.053476218047476465e+01 1.268307137984983683e+03 5.441204497808271000e-03 7.672326004969863789e+01 2.362297002380554789e-02
1.801712977467757071e+02 1.621641188114939723e+04 3.176418270757893426e-05 4.683653779966729758e+01 8.715652665254084441e-01
3.030045924469418424e+02 4.589627505433486658e+04 4.288164665523156024e-04 7.552396041430017704e+01 4.387401643781707605e-01
2.096446671449703913e+01 2.188475648454293037e+02 1.626961438282192862e-02 4.146095812338288056e+01 7.026342237215944531e-01
2.566510783425777475e+01 3.249035673182344226e+02 5.733434978717997198e-03 1.185359127534943298e+02 8.221893072254037316e-01
7.499163714538899228e+01 2.802026653044711566e+03 1.658090337335620459e-03 1.164901171865067937e+02 5.896001237622814362e-01
4.938048718337094556e+01 1.217450720194541418e+03 7.172352455371323009e-03 6.714367746363832623e+01 4.259401026923921307e-01
2.066222950747116158e+02 2.133617245666682356e+04 6.035194714439997714e-05 5.994775486357073646e+01 7.682863016922779620e-01
3.491814314453658881e+02 6.095343033161888161e+04 1.969379327869893884e-04 6.477692467335552351e+01 5.623536576248892027e-01
8.818611517820146162e+01 3.882062390126623995e+03 2.598310145479957017e-03 9.382884244846897559e+01 3.839697378606558020e-01
6.392324892811563330e+01 2.032874355895864483e+03 1.994790674035957015e-03 3.538384034404212741e+01 6.322592923405476739e-01
9.200517885983902033e+01 4.227249807436246556e+03 2.264786227050378034e-03 6.439629303841041974e+01 1.713031650855708909e-01
2.282493860944142483e+01 2.553195506513846453e+02 5.304618512165682354e-04 3.733708788366082132e+01 8.884060387188650321e-01
1.560610622210165559e+02 1.217026552242151229e+04 1.470681659360904576e-03 8.553186660300831079e+01 4.878287261904216687e-01
1.303239308176847828e+02 8.487087520275759744e+03 1.362683438155136255e-03 9.428704911234947872e+01 3.112115287705463640e-01
1.294862922171060973e+02 8.381174367715670087e+03 1.248967664062003609e-02 1.150456571327582651e+02 1.161657809531239927e-01
4.723720163357322122e+02 1.115557379578376567e+05 6.352836541515787022e-06 8.028755177046591029e+01 9.021768151081176468e-01
1.252190734606757729e+02 7.833992025893266145e+03 2.827012260974525034e-04 8.747272133742890787e+01 7.832400044091457625e-01
2.346473864266586133e+02 2.751897631046582319e+04 5.082269233212629482e-04 6.951710578963945864e+01 2.981594655092216217e-01
1.294434169812432742e+02 8.373793537942132389e+03 3.462295915126103584e-04 4.318627877826495620e+01 6.335862706567008118e-01
2.584503975107256224e+02 3.339309360389247013e+04 1.588209135378946713e-05 5.396867081103928854e+01 8.613199372349129579e-01
1.787568033518531365e+02 1.596538727868550814e+04 7.623403849818944766e-05 6.114288160592299448e+01 7.604240854177052311e-01
1.591504364616511680e+02 1.263562643341756848e+04 6.352836541515787022e-06 3.088658121424313308e+01 9.237400637665876824e-01
1.497287244016052341e+02 1.120130029409007875e+04 8.576329331046311506e-05 3.159405314540694576e+01 7.470216058659514546e-01
1.882371346349098573e+01 1.738957468572845073e+02 7.444571501175274719e-02 8.454287479634993474e+01 9.537752604831879755e-02
1.295272617173030483e+02 8.381684888691468586e+03 2.090083222158693743e-03 4.685964142322298187e+01 3.601746178829546285e-01
1.537254696561712421e+02 1.181160653095908310e+04 2.096436058700209756e-03 7.275637407529116274e+01 3.450059345720127846e-01
3.415464753654663355e+02 5.832443399083728582e+04 8.322215869385680195e-04 8.932620870644456090e+01 1.244797924574935488e-01
4.353340154113626426e+01 9.388296788450294343e+02 1.337272091989073070e-03 7.669486840003838779e+01 8.156194445121973668e-01
1.166576009468544015e+02 6.796660254715018709e+03 1.207038942887999543e-04 1.171808394752878399e+02 8.438305841501729798e-01
1.198149604680634184e+02 7.167176481271861121e+03 6.511657455053681490e-04 3.932469503690776946e+01 2.917158613449879478e-01
1.624465352309977391e+02 1.318954287447544448e+04 2.563369544501619812e-03 6.565263954508033351e+01 1.472147694131852591e-01
5.797158016225762367e+01 1.677077187310424279e+03 5.199796709230671173e-03 1.156753581866151563e+02 3.348943976583654836e-01
2.713477595729008272e+02 3.680572922777412168e+04 2.032907693285051847e-04 1.100605800429850802e+02 6.460083126574702739e-01
2.534108864214248058e+01 3.158385708001761145e+02 4.027698367321009242e-03 9.435438262165820333e+01 8.800627567829508724e-01
3.448833301412346941e+02 5.946410111373522523e+04 5.209325964042945409e-04 6.009895230837840074e+01 1.803072107185743067e-01
1.855000721138160600e+02 1.719578087353490264e+04 1.162569087097388995e-03 1.141621630335240667e+02 3.647083666431700372e-02
3.217880427804375643e+01 5.113289874382821836e+02 8.439743345403722535e-03 8.559130439542926183e+01 6.872000237464958028e-01
2.052349735543854194e+02 2.105351943380762532e+04 6.988120195667365132e-05 6.794880722167765441e+01 7.322912188421091262e-01
5.540755950650518002e+01 1.524527183527733769e+03 1.565974207483641521e-03 3.654871488639104626e+01 6.131423078603782661e-01
1.799387337450055213e+02 1.618235811556199951e+04 7.401054570865891894e-04 9.288246962245766269e+01 3.328879725673229983e-01
1.884805693350768081e+02 1.775393183362995842e+04 7.146941109205260040e-04 7.085587151067419143e+01 5.218476022815748960e-01
1.405896300051665548e+02 9.872519863140099915e+03 1.937615145162314902e-04 1.026948975887714255e+02 7.748820592712031274e-01
1.279314305707261923e+02 8.175665889750954193e+03 2.773013150371640874e-03 7.226707517734999442e+01 3.979776044961674253e-01
9.591828488308364342e+01 4.593858167845316530e+03 5.399911060288418757e-05 7.765657815248660256e+01 9.210055777751503525e-01
1.276474361266809510e+01 7.982154703907588100e+01 5.451369036274696794e-02 6.655356209068926887e+01 3.851890601627565996e-02
2.023515731213931588e+02 2.046699193604313041e+04 2.306079664570230819e-03 6.618767567415557096e+01 2.819156822633634984e-01
5.710102258121570173e+01 1.619271475765245668e+03 5.939902166317260904e-04 5.287289621939935103e+01 6.933471512641367074e-01
1.429788629105815119e+02 1.018939176353116272e+04 2.858776443682103948e-05 3.283786573630508343e+01 8.961437132883215417e-01
5.540906687181775681e+01 1.528657825788576702e+03 4.774156660949113902e-03 4.772303358894073710e+01 8.944277161281062594e-02
2.283083348794615119e+02 2.605386297987531361e+04 1.905850962454736191e-05 7.050788946329303997e+01 8.601456455703435644e-01
2.382152602323316160e+01 2.737739662469558652e+02 4.265929737627851062e-03 3.358158620685373563e+01 7.369325074067402115e-01
2.341167775241490574e+02 2.739792122083460708e+04 5.082269233212629618e-05 6.619202922719605908e+01 7.608989707890247978e-01
1.510617543113389161e+02 1.140080325647798054e+04 9.529254812273679602e-05 8.131648187929627625e+01 8.241510171989755440e-01
4.324330644361104987e+02 9.349163649971180712e+04 2.890540626389682998e-04 1.175437301416239535e+02 5.327289804170369791e-01
2.415406592337260463e+02 2.916292247028409474e+04 2.604662982021472705e-04 1.128501005694157300e+02 6.069626978714668386e-01
8.531236117871492297e+01 3.633690203623528760e+03 5.415793151642207814e-03 1.188967714655779417e+02 6.025256570356045671e-01
3.352756938117941559e+02 5.619825617021403013e+04 8.576329331046312048e-04 7.483593230966546628e+01 2.344917112508200507e-01
5.977212899234005761e+01 1.780862392418262289e+03 8.544565148338733067e-04 3.580492453159262567e+01 4.437639669313767632e-01
1.950979007156137754e+02 1.902490193365858795e+04 6.352836541515786582e-04 4.670186732565865384e+01 3.146494946320676500e-01
2.984054260211444785e+02 4.451111339790192869e+04 1.492916587256209971e-04 1.113339768697249781e+02 6.536814145389441277e-01
2.087989535534508150e+02 2.179198902809293941e+04 1.013277428371767890e-03 5.713458404420866543e+01 4.675044949429415508e-01
7.299245715341690754e+01 2.659477946660373163e+03 1.091734959659487920e-02 9.208442697815848987e+01 4.002256583356588182e-01
4.674103001135510027e+01 1.083027346914066356e+03 1.079982212057683751e-04 5.855890112980887352e+01 9.433248437310972623e-01
1.523789220211021700e+02 1.160570446770697345e+04 6.352836541515786853e-05 7.249011401916587261e+01 8.260271217179833148e-01
1.435691252069826476e+02 1.029952005335874492e+04 1.238803125595578389e-04 6.827197550592258324e+01 8.383063230928621268e-01
1.850089156098037222e+02 1.710014387809146865e+04 2.541134616606314809e-05 3.446033316534430213e+01 8.473496181122166515e-01
4.791228297281054438e+01 1.143465100531527014e+03 3.097007813988946270e-03 1.038368529216432563e+02 6.923085843127340100e-01
1.065192675699845495e+02 5.665704950390333579e+03 5.558731973826313124e-04 1.041483093211069217e+02 5.257227488350940670e-01
8.720344719740336359e+01 3.794016850037519362e+03 3.744997141223556196e-03 4.220892611928749005e+01 3.868021195735456552e-01
3.994920930426832228e+02 7.978555472587612167e+04 4.764627406136839801e-05 1.023897701177267408e+02 7.489888629014307408e-01
1.124958493265410482e+02 6.324412571766984911e+03 3.548059208436566726e-03 1.092114221976271580e+02 1.109038335166420142e-01
1.251971814382114587e+02 7.834649909812883379e+03 2.159964424115367720e-03 7.094583089291805322e+01 8.444689979249697664e-02
9.119898657767315342e+01 4.156517603309075639e+03 4.653452766660313988e-03 1.143138367246799589e+02 2.659461005990199078e-01
1.957718385123265818e+02 1.915705598157070926e+04 1.683501683501683591e-04 7.037864287470250702e+01 6.839000785976183661e-01
5.797792124220141829e+01 1.669611969440357825e+03 1.334095673718315334e-04 6.778496069189583295e+01 9.287903543128286366e-01
1.238229607491952144e+01 7.623442753554104456e+01 7.254621688583952344e-02 4.809642618723752605e+01 1.567134905545670420e-01
2.805316438257215736e+02 3.933936118928530050e+04 2.604662982021472705e-04 4.968341651780571766e+01 5.166665056328395567e-01
2.574570886357250288e+02 3.312478087237282307e+04 9.529254812273680957e-06 3.347267989853448711e+01 8.815606801595284869e-01
1.641180432072278279e+02 1.346669102650042987e+04 2.067848294263388564e-03 3.216350302634176472e+01 1.917008035727099102e-01
6.394241566157084833e+01 2.034606526464447825e+03 4.319928848230735006e-04 3.567235217673957948e+01 7.673164467457753712e-01
2.042572236477804495e+02 2.084874673566204365e+04 1.143510577472841579e-04 9.775288013944593501e+01 7.331538077692366651e-01
2.224021137982277878e+02 2.472477855457156329e+04 3.732291468140524603e-03 8.940774658218720106e+01 2.481117386257853663e-01
2.077308773935454838e+02 2.156870644661759434e+04 2.906422717743472380e-03 1.147742872518590502e+02 8.862573608947117709e-02
8.617141161102713909e+01 3.705960960557314138e+03 3.700527285432945838e-03 3.173972660719695327e+01 1.030925759020569488e-01
1.701629963078761136e+02 1.446959960967398911e+04 1.982085000952925422e-03 1.082610089242826632e+02 5.630564861478053185e-02
2.585794298234100097e+02 3.342097896152400062e+04 4.288164665523156024e-04 5.950694459794340929e+01 2.919690068005681427e-01
1.625105007126208250e+02 1.319594267475650668e+04 2.788895241725430473e-03 5.518180615528618205e+01 3.749122571277637150e-01
8.664457225401649509e+01 3.745671867763266619e+03 3.335239184295788199e-04 9.050403202272353553e+01 8.409773197026608749e-01
2.165170207206487873e+02 2.343382948450353069e+04 9.973953370179785075e-04 6.974739739943422023e+01 5.793965593269525399e-02
3.487185903215868876e+01 6.011921308101575505e+02 2.611015818562988436e-02 8.299510452960356588e+01 5.523954636031923604e-01
1.740967147343660599e+02 1.515314930325388923e+04 1.200686106346483773e-03 6.209147725231256487e+01 6.881664572275285330e-02
1.696362933954090124e+02 1.438170461397501094e+04 2.175846515469156885e-03 4.568541144743785054e+01 9.247976992457057621e-02
2.911403224258297655e+02 4.237100030328114372e+04 1.302331491010736352e-04 4.051759056008799575e+01 4.776697263463352550e-01
4.475687016889778533e+02 1.001489670904623054e+05 9.846896639349469419e-05 1.110069262927296307e+02 5.846770073317368865e-01
7.953498746020478904e+01 3.160026035948316803e+03 1.060288418778984783e-02 6.142901052013762353e+01 1.093209655120393753e-01
3.076347251657739434e+01 4.724207942978911206e+02 3.388920653071596234e-02 7.271974303632578085e+01 7.240875036160637768e-01
2.763027107804368825e+02 3.816007488249800372e+04 4.574042309891366317e-04 7.199193568125970444e+01 2.766128578712975239e-01
1.400731848677814071e+02 9.805229644037808612e+03 2.506194015627977861e-03 8.967143705658358499e+01 2.679776242235814565e-01
2.715603199664723206e+02 3.686649174004414090e+04 1.124452067848294217e-03 8.153696304781257709e+01 2.365436583817783767e-01
3.159989192565624450e+01 4.920709673317390980e+02 3.440060987230798405e-03 4.652434590397545122e+01 7.839525212440123791e-01
4.691212614792954128e+02 1.100298295668398059e+05 4.859919954259577153e-04 1.199485739843739083e+02 1.784634766530420469e-01
