# format=SNRtot_MF, evidence_inj-nofilter, occams, mass_in_solar, chi_inject]
1.148445035990298990e+01 6.394716574548101562e+01 8.634457785401181140e-02 1.185612422241762260e+02 1.157719070933012212e-01
8.754291451095523868e+00 3.285983583026740007e+01 3.601423035385299676e-02 4.018326182797083845e+01 8.080355127448878017e-02
1.465316696778712569e+01 1.041337316548061267e+02 3.016326789911695505e-02 6.710733501606208051e+01 3.781106285546097512e-01
1.354582773847625177e+01 8.888804747756847746e+01 7.118035702941363785e-02 9.900598335219072510e+01 2.454259461530939601e-01
1.102456117514220502e+01 5.735663541562456658e+01 5.728352709484785255e-02 6.230115347885879373e+01 4.041401612977710833e-01
1.379806541434521350e+01 9.010636813466936701e+01 9.557842576710500956e-03 8.995230394801254192e+01 8.286412649796272012e-01
1.736809407170747122e+01 1.469286339416968303e+02 2.688838066196556909e-02 5.909523359154952971e+01 2.104958138991656902e-01
1.802130019563717767e+01 1.579322950725636474e+02 1.746712407089765634e-02 5.212669421271749570e+01 5.681548859764816717e-01
1.520997282453623534e+01 1.115072040161620066e+02 4.741121910933231848e-02 1.073635068254859988e+02 4.701004252393319316e-01
8.687554523641846771e+00 3.454356116298811230e+01 5.395464074709357960e-02 5.482275832563856710e+01 2.001985332546377394e-01
1.209513079665998880e+01 7.100998088329333768e+01 5.603519471443999672e-02 7.770046695949096716e+01 2.084236899783710739e-01
1.066668215713420054e+01 5.386333152378153954e+01 7.907058001397623825e-02 1.150947733528986703e+02 4.555218273322201861e-01
1.575487322773795285e+01 1.179826250640387002e+02 1.580585731529127874e-02 9.629573466978145291e+01 7.307070177520410548e-01
1.075073818745357634e+01 5.353729367622469226e+01 6.673019503208182934e-02 9.400988269871191960e+01 4.057812290805045685e-01
7.587952278767335912e+00 2.660739791304257551e+01 6.202274315481862837e-02 4.767231592712874289e+01 5.066590869018561261e-01
1.500452852788899882e+01 1.076657292197600100e+02 1.365859856425894088e-02 6.475042435548400022e+01 7.016584783742259024e-01
1.688117745758937360e+01 1.393363740945321751e+02 4.001651737500794281e-02 1.047314801881093018e+02 3.000726753857514972e-01
1.085284073327693299e+01 5.450777801373550346e+01 3.300298583317451406e-02 5.004133540100221467e+01 4.299374726466861363e-01
1.810764340362127811e+01 1.607353170445866795e+02 2.885140715329394603e-02 8.390245069805229150e+01 4.647502428834876520e-02
1.160488406846273790e+01 6.145686463493524343e+01 4.126167333714503109e-03 6.331482776977136950e+01 9.312482148361829193e-01
1.919283802219307944e+01 1.797472598258922858e+02 2.851788323486436835e-02 8.565341588923189420e+01 1.093440573785866010e-01
1.784003361281168409e+01 1.534667401107521414e+02 9.745251254685217274e-03 3.568286638365749752e+01 1.066140316133909194e-01
1.864467285540177244e+01 1.701483892813316743e+02 3.929229400927514160e-02 9.883567520510069926e+01 2.504576880349747015e-01
2.713750861342596110e+01 3.601514002518704842e+02 4.084873896194650758e-03 1.100905061296204934e+02 8.104840133072516162e-01
1.294022654111377157e+01 7.975473138416191432e+01 7.004955212502382567e-02 1.159959877706174467e+02 1.591861552950022685e-01
1.578099135071090053e+01 1.198299136740961330e+02 1.321707642462359444e-02 3.396550221977484085e+01 4.186472423956136280e-01
1.381762845357699199e+01 8.953778470919422716e+01 6.097134870719776722e-02 9.634712249584737265e+01 3.399084567799433299e-02
1.879427770345987270e+01 1.715760477619218136e+02 1.100628930817609992e-02 3.755163289765051360e+01 5.953875049611053738e-01
4.497343293084753668e+00 7.104685381795150079e+00 3.120735658471507357e-01 7.927920566459070528e+01 3.711151002265424825e-01
9.564129248235065717e+00 4.139224634091891630e+01 4.342163776126040098e-02 5.720750440404371773e+01 1.056228486462618688e-01
1.217800469890022086e+01 7.060656955580577687e+01 2.197128517883234836e-02 3.066698502046906682e+01 3.732545258350667972e-01
1.148007409031807491e+01 6.269922652543732511e+01 4.791309319611206097e-02 5.128314796906767015e+01 2.334016595506950009e-01
1.552201657724363315e+01 1.150882030611217033e+02 5.431357601168922133e-02 9.686930896413855407e+01 9.470889558275855102e-02
1.310334137583625136e+01 8.100478786825311772e+01 2.061813099548948439e-02 3.497884841706650860e+01 6.648287812428357313e-01
1.007921068728621705e+01 4.636387502686807238e+01 4.687440442157423531e-02 6.962668359935949525e+01 6.479675246838521030e-01
2.097480658165182632e+01 2.144886616815793445e+02 1.716218791690489812e-02 6.355451160409157296e+01 3.536919806024311774e-01
1.589671115636991594e+01 1.243377314637573932e+02 4.839908519153802297e-02 9.872791355230148724e+01 2.713207975693752161e-01
1.104885429233547711e+01 5.638379303188372660e+01 4.026745441839781753e-02 8.474553751460203443e+01 6.592573387026926524e-01
1.109726102416727045e+01 5.921867582751275449e+01 5.240137221269296902e-02 7.474004331511201826e+01 5.066987032648070932e-02
2.508917471852400283e+01 3.100630791997922415e+02 3.075408169747792519e-02 1.102674138758166151e+02 5.279066420387646952e-01
9.319675605600922452e+00 3.717489204266752267e+01 3.714503525824280200e-02 3.659647628356864857e+01 3.360864606097897778e-02
1.095119768706133989e+01 5.736699026777085919e+01 4.894225271583762388e-02 7.920742638182511541e+01 2.613412156058724234e-01
1.417099761294584326e+01 9.990416831397811848e+01 6.690172161870275302e-02 1.177697113872521726e+02 4.205622903463842044e-01
1.565928174470822931e+01 1.190299958136550913e+02 3.013785655295089100e-02 7.397088914211427380e+01 4.167580377901359823e-01
8.438661768889136994e+00 3.294819821744914634e+01 6.727971539292293413e-02 8.346711293709279289e+01 5.584172767101232004e-01
1.971559244490332574e+01 1.900372451433194101e+02 4.071532939457467998e-02 1.024520392111272287e+02 4.141839021118529640e-01
1.035944875810207577e+01 4.964569618132736650e+01 2.497300044469855790e-02 4.007449018414410347e+01 3.637425297621536546e-01
1.755269713649125407e+01 1.521287084708098405e+02 3.827584016263261418e-02 9.988248996836379945e+01 1.878653172167372709e-01
8.592408897814983959e+00 3.539474795609470448e+01 5.275077822247633413e-02 5.826048417852425843e+01 5.346168207128226824e-01
1.366550066879776892e+01 8.770617954630290569e+01 5.073375262054507367e-02 6.759535949182577497e+01 3.314497992935738768e-01
1.591452430105180049e+01 1.219289175828524776e+02 3.559494314211295030e-02 1.061537096226834080e+02 1.859158412709376318e-01
1.067470916510175982e+01 5.286588539967260658e+01 5.158185629883742934e-02 9.620759088639377410e+01 6.629664482379573620e-01
1.100831886311590679e+01 5.586796288657353671e+01 1.132393113525189017e-02 5.056974121478064887e+01 8.097903473703469412e-01
1.301897320166856176e+01 7.935006165585627969e+01 5.873197382631345151e-03 3.374658204859394317e+01 8.583482779468289969e-01
1.199815070946327111e+01 6.911347661652155239e+01 6.625373229146813703e-02 1.175392898889895008e+02 4.106271451185351112e-02
2.270497190342776150e+01 2.529232930171424982e+02 4.208754208754208678e-03 7.526348234600725107e+01 8.064595903880837913e-01
1.155904250632826269e+01 6.372393337763816135e+01 5.598119560383711668e-02 8.563928765227089457e+01 1.717892119524774830e-02
1.726792491822433107e+01 1.445201574424408477e+02 3.441966838193253470e-02 9.633550504639882206e+01 4.315858517362568536e-01
2.122715016563097734e+01 2.221679775562445798e+02 3.138618893335874682e-02 9.588452611968898509e+01 4.049455514270426937e-01
1.266004724204213083e+01 7.509729316842742719e+01 3.769455561908392066e-02 7.011740651796679913e+01 4.062803611785444913e-01
1.213935904263140841e+01 6.832734392230463527e+01 5.950701988437837736e-02 1.072026307305631576e+02 5.511450472542368528e-01
1.252734985272275026e+01 7.421202258668949980e+01 1.516422082459818223e-02 5.495327990310357791e+01 8.171043370596838828e-01
5.332285220277012350e+00 1.101322754970334472e+01 1.268121466234673755e-01 6.609132998215198995e+01 3.164181896771485203e-01
2.063336117523492774e+01 2.069983928473236006e+02 7.035766469728733929e-03 1.177862165987631613e+02 8.252336410085593377e-01
1.370958990057174987e+01 9.020672238591174619e+01 3.347309573724668169e-02 8.180656965756584498e+01 5.707447705212912448e-01
1.530354466700928739e+01 1.123165616059426384e+02 3.954323105266501631e-02 8.208974179912247848e+01 6.509413923364465449e-02
1.086090968738498574e+01 5.569055320087426253e+01 8.468331109840543727e-03 4.963862973747037444e+01 8.038583070210792991e-01
1.922574567548017299e+01 1.797094838781872568e+02 1.133028397179340618e-02 8.612025547958907623e+01 7.711574559960822084e-01
8.422526423459911982e+00 3.362468336694882964e+01 3.789466997014166727e-02 4.864668122189797117e+01 6.790679773859635837e-01
1.926317720721047877e+01 1.809889506056255186e+02 2.231433835207420266e-02 1.165206239040233100e+02 5.693711692877505559e-01
2.396290064751202920e+01 2.808328688870291785e+02 7.169176037100565002e-03 5.361482965232285380e+01 4.860814733289585687e-01
1.244801693269022635e+01 7.325421696838333219e+01 4.638523600787751444e-02 1.121937059314869884e+02 2.699131913756949164e-01
1.556059096167177813e+01 1.182802964009976563e+02 3.332698049679181512e-02 8.745388297057199622e+01 2.486791755075812016e-01
1.203847346195711054e+01 6.774891067408628942e+01 2.056730830315735975e-02 3.448435424403258764e+01 4.162434702141183385e-01
9.160966150878438796e+00 3.811699112596994610e+01 8.223746902992186414e-02 7.609216174629079887e+01 2.072502183322333380e-01
1.700962284228040033e+01 1.393787675234812014e+02 1.844228448002032880e-02 6.810285625039725232e+01 7.187361103294019893e-01
2.140902775926816659e+01 2.250729921823341328e+02 8.646210533002985157e-03 5.591125165172604028e+01 7.380373976635836719e-01
1.435122046105480464e+01 9.990873134142492518e+01 5.490756622832094341e-02 7.309447783900216677e+01 3.624577635452397861e-01
2.896787656710950287e+01 4.147426896179187565e+02 1.377294962200622565e-02 9.686959503517365988e+01 2.537066814081381239e-01
1.215002760898188328e+01 7.003461163498656106e+01 3.609681722889269972e-02 4.548082319737213197e+01 1.982800674447809247e-02
1.501034646228045766e+01 1.063611483430359499e+02 2.899752239374880913e-02 7.434833008229158224e+01 4.984816557287502503e-01
1.427646308063356173e+01 9.639866701193750487e+01 3.616034559430785639e-02 8.161147773072788425e+01 2.036432588122267726e-02
1.331072463579423371e+01 8.506370479566032827e+01 3.110348770726129378e-02 8.084964635983325820e+01 6.480498388359203776e-01
2.633093461917782463e+01 3.370467634052128574e+02 7.718696397941680627e-04 1.172597819146102722e+02 9.403890549781153130e-01
2.002694226809319744e+01 1.955163831543859487e+02 1.308366685725176337e-02 1.069405096596005507e+02 7.173346946099133925e-01
1.486329416413025228e+01 1.069878842151271101e+02 3.062067213010609065e-02 6.019315208391579120e+01 1.313498628691093517e-01
1.809369147841887582e+01 1.597543348408325414e+02 3.086525633695445109e-02 1.069709892791234580e+02 1.676706131473429395e-01
1.342497026117841763e+01 8.616466198838929813e+01 6.680007623403850202e-03 1.029658758933769747e+02 7.946025052510824471e-01
1.590826526067939106e+01 1.227348255495324452e+02 1.865192808589034856e-02 5.006043060150926038e+01 5.139831827807083142e-01
2.410351528223840134e+01 2.841592382202338740e+02 6.594244330093386626e-03 4.590312104559525608e+01 2.419270942859055862e-02
1.171423378402021065e+01 6.452154068994639147e+01 6.643478813290133733e-02 1.016408889191025935e+02 5.697240669592540385e-02
1.196512008833734697e+01 6.737121350180694890e+01 4.374880884314846785e-02 5.999406261778331384e+01 6.417054652993772201e-01
1.197468913184692063e+01 6.675042725904313556e+01 1.992567181246426497e-02 9.965923724156897379e+01 8.013693120534474135e-01
2.422701879572600703e+01 2.900768856110052525e+02 1.334730957372466838e-02 6.093521692975223658e+01 3.334877661904329105e-01
2.148301560733925442e+01 2.280241949346255979e+02 1.950638460072422198e-02 7.744786984992212808e+01 3.711811058925233997e-01
1.006442006463334771e+01 4.396666029921692598e+01 4.456514833873324519e-03 6.261910925649710435e+01 9.373019599245803191e-01
1.929924425223371642e+01 1.827163524931644929e+02 1.189568642398831054e-02 5.384222312082512474e+01 6.500387456723666357e-01
6.157409661336142648e+00 1.571627737569673400e+01 5.547932151705736725e-02 4.756874476403142182e+01 6.511963742136204214e-01
1.814512051531741221e+01 1.574862683699564627e+02 1.432564640111810015e-03 4.300857255643229848e+01 9.088545871020012878e-01
8.032666913283726728e+00 2.864483766123868236e+01 8.517565593037290661e-02 9.624674569972852112e+01 4.829826751380030814e-01
1.268781806993360917e+01 7.522475066658586229e+01 2.305762022743154671e-02 3.680264776667860360e+01 3.511510340991719770e-01
1.336960317517354646e+01 8.544409623825174549e+01 5.793786925862397241e-02 8.915488467350067481e+01 3.279950653067541522e-01
3.564986898670805981e+00 4.090501743925187839e+00 2.383616034559430663e-01 3.693735840539644499e+01 3.240274943453308465e-01
2.070380178287393491e+01 2.100407720083771892e+02 2.576075217584651578e-02 1.158821621146486223e+02 1.531969442399016418e-02
1.446594985651325160e+01 9.988801456666749345e+01 4.360269360269360128e-02 9.542002276399847460e+01 5.191971343618879686e-01
1.006007309695854168e+01 4.795918602440804079e+01 5.463439425703576352e-02 5.769298388619711204e+01 2.249016481387726973e-01
1.598710801541721871e+01 1.230355294656205842e+02 2.847023696080299912e-02 6.008656002121813344e+01 7.951825039435765630e-02
8.032315425947013310e+00 2.746429333074934220e+01 3.305063210723588329e-02 5.183745472750432270e+01 8.545576467363994455e-01
1.747793760671176244e+01 1.473482786019874879e+02 3.209770662600851254e-02 6.914392550160737017e+01 3.752429431169744256e-01
2.050092064649529178e+01 2.056014224766607867e+02 3.379073756432247194e-02 1.013830584934102461e+02 5.352826397377135059e-01
1.187003546210194749e+01 6.530436038648082331e+01 1.828981640302395142e-02 4.503295110935174250e+01 7.050348096793824793e-01
1.521553103044737831e+01 1.104328172060094744e+02 1.052347373102090027e-02 9.289477477532207672e+01 7.914630865568950124e-01
1.795425477096997824e+01 1.543055984197688986e+02 6.286131757829871262e-03 5.610870680474769756e+01 7.996956097246383788e-01
8.403845357133805649e+00 3.150424629164291446e+01 9.451750206467188220e-02 1.046898096850648443e+02 2.443171315095591933e-01
1.851075877589146046e+01 1.617532201849143121e+02 2.711708277746013515e-02 9.826287719618251515e+01 2.893327784652488868e-02
1.091576027871757226e+01 5.616963888843622499e+01 4.262435677530017342e-02 5.173358152513674213e+01 1.419010731653782276e-01
1.960104008252125851e+01 1.867954090135830256e+02 2.751095864303411409e-02 1.038957373947982745e+02 7.474532513771254827e-01
1.381464146636160173e+01 9.223990362696514467e+01 2.056730830315735975e-02 5.267477504981300029e+01 5.440414681771804650e-01
1.011752870129808279e+01 4.803495411990172670e+01 3.449272600215996104e-02 4.649705469586142215e+01 7.427631654287049079e-01
8.948357973501821050e+00 3.679495551329853242e+01 4.303093831395718438e-02 5.111682752476068003e+01 4.674605812882430544e-02
9.953174161987863755e+00 4.570862373780823873e+01 6.638078902229845035e-02 6.357355734562705862e+01 1.144639176224480082e-01
2.202727001684815633e+01 2.376676333668623329e+02 2.694873260910996687e-02 1.098624962476482381e+02 5.522500943769373949e-01
1.906567374804408743e+01 1.752514975399396349e+02 3.133218982275585984e-02 9.510882068570622039e+01 4.542641444419167063e-01
1.495928130965665659e+01 1.093543284295836884e+02 4.314528937170446915e-02 8.401133975402181875e+01 3.632947131161445853e-01
1.834391366048120631e+01 1.606610898594653349e+02 2.906422717743472380e-03 6.977112690399732742e+01 8.726954747347472896e-01
2.095078660552228911e+01 2.100344014708434770e+02 2.434406962708849514e-02 7.682381616736091701e+01 2.125606725525243657e-01
9.155041402109381110e+00 3.976918287660600981e+01 6.327425195349724307e-02 6.008217362841034515e+01 2.559757939788217529e-01
2.988865371649345448e+01 4.427588225815127885e+02 2.362619909789721168e-02 9.658144913884315486e+01 2.074283729338783633e-01
8.347886435233927926e+00 2.870957359412500409e+01 5.902738072549393311e-02 5.985467520390858454e+01 8.227800826252862354e-02
1.486029388572197618e+01 1.054450637814182414e+02 2.780001270567308141e-02 7.248608632756159409e+01 6.519143748177982367e-01
1.079820319071976265e+01 5.501331402450949781e+01 9.538784067085953611e-02 9.264735596141321139e+01 2.036427024614120562e-01
1.792116596552760299e+01 1.616313375113592770e+02 3.320310018423226067e-02 1.130535991877926563e+02 3.389348385660923002e-01
2.135101849930905260e+01 2.234209565639941957e+02 3.941935074010545492e-02 1.194105747941834181e+02 5.218134325077375957e-01
2.463366141303399814e+01 2.945854145499882861e+02 5.241090146750524391e-04 4.610257241711552467e+01 9.302208065291535100e-01
1.251892639024962506e+01 7.344622831882998071e+01 7.765389746521822456e-02 1.197146172001298225e+02 3.352956241883997546e-01
2.225067343149181198e+01 2.474208166203646897e+02 1.315672447747919492e-02 1.014152561247416884e+02 7.174028846262225922e-01
1.631263889775772924e+01 1.228191328317907391e+02 3.225017470300488992e-02 1.045729374909714267e+02 7.546402952871795744e-01
2.068897677580875794e+01 2.099417621893379646e+02 1.503398767549711003e-02 1.116602106633782512e+02 8.287589555766068372e-01
9.646477121297285962e+00 4.489262373116798699e+01 3.748173559494314550e-02 5.391367446270518116e+01 5.428021090632175749e-01
2.579730273069983681e+01 3.255491029787964976e+02 1.043771043771043842e-02 7.181021143920565919e+01 5.410175584548801986e-01
2.160198921284331774e+01 2.270768926693297090e+02 2.973127501429388350e-03 7.674461211197456123e+01 9.005345112717786371e-01
8.573977159371217738e+00 3.522264102866711255e+01 1.504034051203862604e-02 3.096666106247002759e+01 3.247128849158649744e-01
8.115300943895974228e+00 3.280952083367077421e+01 9.060097833682739799e-02 1.013601729252853119e+02 3.346911017121907417e-01
7.922682822654121715e+00 2.831773660027738515e+01 4.890413569658852433e-02 5.150378612947373824e+01 5.761732316890105787e-01
2.273588622313119956e+01 2.506330871858531282e+02 2.144082332761578120e-03 9.796112618055063592e+01 8.947784488258458957e-01
8.936241388829971655e+00 3.640538182378969623e+01 1.107140588272663706e-01 1.172983048364013712e+02 1.805887765354488861e-01
1.289047312449667615e+01 7.896541543072424929e+01 1.396988755479321512e-02 5.434000002121280204e+01 6.169144540188487014e-01
1.954076956056337266e+01 1.851436751431381822e+02 7.991868369226860086e-03 1.139312911429503572e+02 8.575748525582418402e-01
2.046984778392874560e+01 2.058714988204159226e+02 1.160027952480782720e-02 4.303381354565242134e+01 5.609066775629422130e-01
1.130706552830910638e+01 6.044338802964227852e+01 5.575249348834254715e-02 7.128210396414507954e+01 4.234902518947222250e-01
1.258735517336667797e+01 7.438026277569889544e+01 2.802871482116765095e-02 6.653035113216972718e+01 6.337965348813143773e-01
1.554068839864180873e+01 1.170590667576238388e+02 4.741121910933231848e-02 8.844120386441809956e+01 5.208877709066166428e-01
5.699150317799874799e+00 1.190184723939029254e+01 4.053109713487072080e-02 5.044693955907416694e+01 7.897845359958687306e-01
1.311784178428473702e+01 8.244173080951105703e+01 2.353408296804523209e-02 5.882964079711561567e+01 6.369570724347004553e-01
1.531751982549575786e+01 1.132664468248738672e+02 2.379772568451813883e-02 6.083829295930624426e+01 6.865838969689720406e-01
8.975813321529622968e+00 3.642481337656244023e+01 4.745568896512292710e-03 3.610287058394949611e+01 8.502273425008827212e-01
2.676181728221268585e+01 3.551067418387115708e+02 6.206721301060923700e-03 1.094412556260099052e+02 7.087343991638599405e-01
1.905567920093445977e+01 1.776086005000820478e+02 1.959850073057620157e-02 9.393053119789723837e+01 4.062739830699370613e-01
6.295467503877500981e+00 1.630936502085575057e+01 7.527158376214980462e-02 5.603450906255022801e+01 4.298619233328647704e-01
1.454706772995059794e+01 9.894248393420645016e+01 1.540880503144654093e-02 8.182453079316006495e+01 7.828606832856378483e-01
1.121368162385778255e+01 5.721431950388426912e+01 4.423162442030366404e-02 4.676289742722656229e+01 1.163328108964659241e-01
1.389500123210346949e+01 9.406834126717086519e+01 4.776697795565720134e-02 1.039750875812564885e+02 2.541942866650661048e-01
3.056056386141360548e+01 4.583345080585294227e+02 5.082269233212629482e-04 8.755539275393567777e+01 9.320283690734550985e-01
1.572674862892661807e+01 1.205596338748984522e+02 3.809478432119941388e-02 9.142805549438305945e+01 2.744908051923291570e-01
1.154097380402630790e+01 6.244255630991034423e+01 2.791754018169112506e-02 3.748729128701414481e+01 4.741018665386662057e-01
1.127802194241696654e+01 6.276111100316796865e+01 1.612349914236706552e-02 4.922654709711328280e+01 4.802774806157835696e-01
3.113299905172106818e+01 4.793605081778063663e+02 4.272282574169366208e-03 1.195919272003195886e+02 7.810594694892901702e-01
1.095599370800998607e+01 5.651376712321615514e+01 5.347182516993837648e-02 8.886105730210985598e+01 5.196762413020334925e-01
5.512257452063176189e+00 1.623590616037654399e+01 9.628676704148401988e-02 6.093066833470143706e+01 2.956309663686410572e-01
1.134445826907903587e+01 6.018979302102360407e+01 2.405183914617876895e-02 4.208053496392095383e+01 2.244107241767843708e-01
1.652878623282938264e+01 1.334173132752296169e+02 3.327298138618893508e-02 1.137318406444719869e+02 4.123775715571277312e-01
1.611967750462634896e+01 1.250823990900216245e+02 2.047836859157613904e-02 1.045450831541247396e+02 8.177016772202474471e-01
1.791092646016641510e+01 1.522726068777188857e+02 1.437646909345022608e-02 6.897249507969277715e+01 6.843595171468489502e-01
5.050875835243014755e+00 9.153045441642177593e+00 9.633758973381614799e-02 5.318637510410071911e+01 7.874671043249324986e-01
9.380923168074925655e+00 4.105480730770295850e+01 3.329521631408424026e-02 5.021964294079533886e+01 3.953191928991048876e-01
1.907490409279363774e+01 1.782649730997530924e+02 3.132266056794359016e-02 1.050584902233620426e+02 5.349448189130193709e-01
2.425823575692704992e+01 2.895962060806622844e+02 1.797852741248967545e-02 1.183223136862375782e+02 2.435226795489154050e-01
1.079988577675639938e+01 5.343590406931542702e+01 5.059716663490248373e-02 6.176710467454085318e+01 1.330366735221605312e-02
1.289290984269837459e+01 7.893626947157463292e+01 3.659869131567244915e-02 7.886990646766381019e+01 6.655013292819783599e-01
1.017964537182594853e+01 4.664158582181505608e+01 9.173178324121721017e-02 1.012308331346722241e+02 1.351716793643493730e-01
1.198683750713660068e+01 6.790631249183547880e+01 3.969569912966139369e-02 7.255444732069943825e+01 3.483701567591363513e-01
7.602491483027469243e+00 2.531564685034686590e+01 8.414967282891810951e-02 5.937059780092570804e+01 3.631903155094157176e-02
1.038576288201311471e+01 5.251505497021975089e+01 9.159202083730386135e-02 1.018564422190629983e+02 2.279566941624421583e-01
1.205730675707230759e+01 6.989259981092033058e+01 3.729115049869767030e-03 6.139056615180815868e+01 8.646818832558547108e-01
1.333438479241690189e+01 8.549354978481323997e+01 3.276793088113842678e-02 7.001345872426163908e+01 6.423206818610598390e-01
2.193738502046974759e+01 2.313023214080064349e+02 2.271139063591893614e-03 9.836544875762020013e+01 9.075136077367478293e-01
9.667060140886333031e+00 4.122628754572116350e+01 1.735277301315037157e-02 4.929096205426856159e+01 7.578537126164789361e-01
1.417075778462750968e+01 9.762642642668993176e+01 4.458103043008703609e-02 8.325195991404855533e+01 3.626357086311376432e-01
1.703664214001213750e+01 1.395486150550080993e+02 1.775617813353662366e-02 8.064880390339214955e+01 7.743016557000540478e-01
3.073062430923080512e+01 4.673613990892705488e+02 1.937297503335239091e-02 9.537019083655941643e+01 3.794033820926652201e-01
1.865950508510156070e+01 1.666853842953903495e+02 5.415793151642207814e-03 6.902104044095545987e+01 8.764421622266417300e-01
1.142947230704699813e+01 6.291939011179510999e+01 5.988819007686932427e-02 7.225933736062177104e+01 5.085976666331134405e-02
5.997182322546630751e+00 1.578499885202035102e+01 7.841306143192935951e-02 3.907906397063165826e+01 1.405597040762705530e-01
1.108333722747475925e+01 5.740615732393041526e+01 2.834000381170192345e-02 5.460236043606462886e+01 6.413979848371720305e-01
2.570194330598407362e+01 3.245816424529679125e+02 1.417953116066323661e-02 1.187523738821902839e+02 7.565314963901985656e-01
6.097607345716996363e+00 1.335945655504173146e+01 8.008068102407725486e-02 5.677582831831385590e+01 6.670919530792166485e-01
1.434112603078003545e+01 9.734885453971492097e+01 2.185058128454354931e-02 8.969446554207306121e+01 7.045853060171085591e-01
1.301289568093962501e+01 8.012169976104041780e+01 1.501175274760180485e-02 9.387515071672689260e+01 8.300005205543522502e-01
1.495767910918800148e+01 1.081562446388257968e+02 2.591322025284289315e-02 4.463355466083999801e+01 4.771955984943074824e-01
9.288328131463506665e+00 3.821918950399532378e+01 1.181818181818181795e-01 1.003024676400660695e+02 1.807478220362603305e-01
2.155257269968930700e+01 2.273436855073101697e+02 1.925544755733435073e-02 8.174399116327094816e+01 5.682636766364576042e-01
1.449890982434710729e+01 9.993780680112200798e+01 2.449653770408487252e-02 6.439353908126395254e+01 6.610263652128288703e-01
1.296010838803526788e+01 7.954610820144625905e+01 3.389555936725748009e-02 7.492211343229098475e+01 5.419818957146936844e-01
1.584248310852878916e+01 1.212578659302084247e+02 3.913982593227876422e-02 9.553035817973444921e+01 6.831780910921663591e-03
1.385594349299866579e+01 9.253105319959604458e+01 3.173877136141287081e-02 8.388966666873116651e+01 3.726913641716571024e-01
2.052701874842052376e+01 2.075041378987642133e+02 1.766723842195540295e-02 6.751362492489869283e+01 5.410646313553971742e-01
1.297259217050916469e+01 7.853356741401341878e+01 5.629248459437138918e-02 1.163393728897235491e+02 1.098187340363186854e-01
1.856516722605747560e+01 1.692177833780606306e+02 3.098913664951400901e-02 8.360275353305290480e+01 2.664093193576126672e-02
5.669333183602367932e+00 1.287986558176464769e+01 5.200749634711898661e-02 4.257029186420658107e+01 6.149299441209669093e-01
2.167820392201359070e+01 2.314284751076569364e+02 3.454354869449208915e-02 1.190926986164626840e+02 3.643405600175938508e-01
1.289244808252139940e+01 8.058690776415085111e+01 3.419414268470872403e-02 6.104815407944450811e+01 2.915459407328997443e-01
1.666340239799409417e+01 1.333183465812242048e+02 6.552950892573534275e-03 6.890276096391485794e+01 8.658040918835347988e-01
1.591768982341440974e+01 1.230613317359559460e+02 1.951591385553649860e-02 6.517324763001462884e+01 1.919960560225544843e-01
1.953675353543990667e+01 1.878083937348376367e+02 3.094466679372339865e-02 1.157593964004843059e+02 4.903595653067114313e-01
1.703036686111921227e+01 1.408056307916158971e+02 1.160663236134934322e-02 4.656385656201067036e+01 6.626233590603304302e-01
8.566608870528297004e+00 3.508639584670288514e+01 5.036846451940791419e-02 4.875362552721307452e+01 1.664890270889625157e-01
2.117039799426649083e+01 2.159190069148193061e+02 8.893971158122101865e-04 4.814334031294619365e+01 9.004935767492041609e-01
1.283459490927114821e+01 7.820974624861588609e+01 3.286322342926116524e-02 9.410761568493236950e+01 7.645504098473799859e-01
1.733787740506649655e+01 1.458421850618402686e+02 4.511149228130360150e-02 1.120337197028821379e+02 6.030471607999211836e-02
5.181870137128067988e+00 1.113555440717618694e+01 1.285432945810304206e-01 7.189943001681172063e+01 2.720536326404117689e-01
1.459297830673049390e+01 1.021454214993485721e+02 3.245346547233339540e-02 7.590847521337153125e+01 3.612726371538469566e-02
1.022331991547462060e+01 4.918046777677324144e+01 1.012102153611587618e-01 1.156578389556442801e+02 1.739127186340278797e-01
1.741181837976537139e+01 1.439389481374195157e+02 6.327425195349723613e-03 4.522364191345425155e+01 8.363467474044414818e-01
5.188020274923986541e+00 9.569397867814643632e+00 3.120513309192554305e-02 3.363288687558971901e+01 9.212716681691658360e-01
1.649264187567930762e+01 1.319348566378960754e+02 1.370306842004955297e-02 6.341879096995623399e+01 8.187871008248354121e-01
1.620396298736621787e+01 1.257197825216045999e+02 1.588209135378946700e-03 5.083767800745893339e+01 8.816879612192495275e-01
1.154560412782759293e+01 6.304331012552671609e+01 4.773203735467886066e-02 7.751081869268686830e+01 5.894791928214514476e-01
1.075622679812364346e+01 5.492307306288427071e+01 6.987802553840290198e-02 8.635150130827298653e+01 4.568324012609257245e-01
1.543938565827264320e+01 1.160589086829301664e+02 3.467060542532240941e-02 7.494317038108061979e+01 3.469283110087326150e-01
1.723949808085519564e+01 1.462934081992282245e+02 3.713232958515977344e-02 1.034182981157484846e+02 6.521747821725232264e-01
1.539749747228605870e+01 1.146067961303749598e+02 2.033860618766279021e-02 3.762781960110672941e+01 4.087517734317613338e-01
7.868299492061270328e+00 2.892819157517465101e+01 8.844419033098278871e-02 6.815798825920211357e+01 4.360559128887716018e-01
7.760214262837972221e+00 2.668141049092633921e+01 7.073565847150753427e-02 6.163416147143701806e+01 1.277128310532312135e-02
1.740312726378258290e+01 1.446247052123767958e+02 2.264786227050378034e-03 5.845689724232612861e+01 9.173455440502199520e-01
1.361234771144622258e+01 8.907461884115855355e+01 4.015310336065053276e-02 8.149444440914936649e+01 1.772329889409417492e-01
1.468007616668129423e+01 1.044265686320978261e+02 4.130296677466489125e-02 6.786130375778338930e+01 5.200373853865722373e-02
8.526202539369204914e+00 3.136052434461527127e+01 3.113207547169811323e-02 4.622313023610212923e+01 5.464621671672198477e-01
7.724341662650515694e+00 2.658697378682416002e+01 9.562289562289562339e-02 9.591821108927678097e+01 4.202482551459656990e-01
2.709349493847760115e+01 3.606750023365748916e+02 1.216568197700273156e-03 7.337162243151166763e+01 8.639542786916593053e-01
1.734690060711277226e+01 1.439483215179766376e+02 5.504732863223429397e-03 4.439297634970720452e+01 7.947449329379417948e-01
9.244606138364227732e+00 3.964362097089536974e+01 4.905025093704339090e-02 6.371467781188549395e+01 5.421573008062295917e-01
1.184273210232090001e+01 6.714549319561632501e+01 6.302966774664887917e-02 1.106587069336656839e+02 2.764608228819164237e-01
1.841967455756105565e+01 1.640714180450342496e+02 6.397306397306397156e-03 5.459857642707405034e+01 7.989942940348864209e-01
1.003425448277151233e+01 4.738280543548142987e+01 3.538529953624293400e-02 6.229318197184682049e+01 7.328089973882134789e-01
1.031947164941441208e+01 4.878315668250093040e+01 3.920017787942316201e-02 7.017737103806680921e+01 6.117769513510624702e-01
1.338399615140340693e+01 8.607787526608302642e+01 6.442729178578235349e-02 9.215860198637379597e+01 1.024960814091210870e-01
1.126415483156859132e+01 6.004994516750861067e+01 6.002795248078266616e-02 8.169238397420207320e+01 2.591031627941871029e-01
1.649746266801758310e+01 1.313699661442774982e+02 3.499777650721046934e-02 1.037783328331204586e+02 6.150850811436244792e-01
1.985134686226479062e+01 1.916168647715679185e+02 1.616796899815767588e-02 7.248969551358496233e+01 5.933824579235806862e-01
1.142215194705085324e+01 6.171880613603997290e+01 8.169747792389302210e-02 9.410438966343566847e+01 9.950413897746904213e-02
6.567459398226723977e+00 1.957570357567669816e+01 7.568134171907757446e-02 5.995073090591959186e+01 6.557213186751859046e-01
1.022504734829654538e+01 4.776107358171930173e+01 3.080808080808080870e-02 4.288420219921616194e+01 6.263311101888536792e-01
1.255006292792497824e+01 7.508107012149281445e+01 1.088240899561654200e-02 3.555020276000477253e+01 8.403903960654734995e-01
2.717829641735628687e+00 8.094839253460577311e-01 7.325868750397052098e-01 3.086510252876974647e+01 6.125216869775405026e-01
6.561230786556236261e+00 1.634090896980575280e+01 6.235944349151896493e-02 3.803995057658244150e+01 5.139419582200205339e-01
1.306718504590916119e+01 7.908795149787374612e+01 6.203544882790165693e-03 9.971761843015627846e+01 8.917474364692089539e-01
9.784931853133279844e+00 4.402904224473405748e+01 5.304936153992757808e-02 5.875198438166221848e+01 6.351197334847400455e-01
1.308546619092837915e+01 7.859947018771492822e+01 2.194587383266628430e-02 1.198051867171292173e+02 7.741869558643234006e-01
1.830132715069881044e+01 1.621076737520405118e+02 1.293755161679690027e-02 1.106070084808517606e+02 7.695955242728352852e-01
3.064596134078758283e+01 4.643652172717588087e+02 2.064671875992630731e-02 9.626604326899942521e+01 4.145055153067787046e-01
1.264587394878853921e+01 7.288273244444121701e+01 3.182135823645257378e-02 7.518772750437364039e+01 7.754498084993023399e-01
7.430786998346109229e+00 2.412826266159510169e+01 8.023314910107362530e-02 4.926112869007549477e+01 2.870885401496699463e-01
1.082508020473311738e+01 6.039258251848252712e+01 2.217775236643161271e-02 5.625830865994892349e+01 3.644804481070760827e-01
1.567728496651044345e+01 1.183449659398550580e+02 2.269233212629439070e-02 5.624580133544962735e+01 5.384336730769179180e-01
1.503615907990280398e+01 1.083778079541269790e+02 1.610126421447176034e-02 4.262434112045519186e+01 2.506262125404478125e-01
1.419509922596197349e+01 9.637244462621140428e+01 3.816148910488532942e-02 8.917319756324852165e+01 3.130837534564358260e-02
1.931895321643373009e+01 1.803818947061404288e+02 1.689854520043199224e-03 8.189928529537712620e+01 9.019861674885535363e-01
1.648472916408233502e+01 1.312483308132933644e+02 7.817165364335175795e-03 1.028786024309363825e+02 8.069535971098891203e-01
5.442796667859448156e+00 1.393345138375855186e+01 1.414586112699320330e-01 4.865130923146836039e+01 5.895634927223226684e-01
1.785946809959076376e+01 1.532902368102130595e+02 1.626643796455117322e-02 9.350076729969929090e+01 6.220392757055906996e-01
1.564741131424941400e+01 1.150885686091156117e+02 1.302649132837812099e-02 3.864603205703437538e+01 2.800621755137758240e-02
1.151639206594694009e+01 6.195842271815939739e+01 2.231751477034495806e-02 3.796951147328012155e+01 6.402762733888230917e-01
9.679369580955306418e+00 4.440093893334721997e+01 1.086811511339813158e-01 1.023909030715742574e+02 4.443245548961985980e-01
1.420051592853874567e+01 9.778128320365198078e+01 5.050187408677974527e-02 1.012624511862623820e+02 2.851077506923301863e-01
1.092556298841433282e+01 5.531955649339516867e+01 2.816530080681024090e-02 5.661287525321904468e+01 6.296383612399115703e-01
2.104510985533897127e+01 2.135843092411206499e+02 2.131376659678546528e-03 7.515243086514865922e+01 8.822788552700362441e-01
1.347198045738402072e+01 8.619551205236183478e+01 3.423225970395781664e-02 8.834251437002311036e+01 6.631639353396827641e-01
2.309574869736401581e+01 2.614226484975499716e+02 1.677148846960167805e-02 6.286562915893178882e+01 4.350986330074040898e-01
1.319388124060564493e+01 8.456033952361786987e+01 2.173623022679626454e-02 6.970581822195228483e+01 6.952339715846764800e-01
1.296354330932931553e+01 7.941660199514660690e+01 2.734896131122546356e-02 5.658871226684394173e+01 6.322606287408759351e-02
1.033855959446423078e+01 4.972638791617004017e+01 1.135887173623022738e-02 8.358559438164945732e+01 9.225366292000787283e-01
1.188922658214073280e+01 6.797630116442240933e+01 4.457150117527475947e-02 9.952211322184624009e+01 7.133798618793042445e-01
2.552173580778048390e+01 3.245414903986467152e+02 2.716472905152150438e-02 1.141377229232506068e+02 3.604764589765074856e-01
8.325390478589826060e+00 3.094682681863076823e+01 6.492281303602058518e-02 6.326262306102159982e+01 1.185464129419524226e-01
1.323478788066441325e+01 8.372214974811771526e+01 2.083095101963026649e-02 5.342233236649858696e+01 6.498727430021775664e-01
8.691100860755447854e+00 3.411587369546577975e+01 7.800965631154310742e-02 7.110423429415671137e+01 2.331127285984319064e-01
7.257220152873908425e+00 2.286682481353471985e+01 9.039133473095736782e-02 5.930924676892071545e+01 2.876703906482710460e-01
1.050808829322211402e+01 5.055741846796632899e+01 6.691125087351502965e-02 8.422597052455884636e+01 6.086317256485802574e-01
2.555361822311726883e+01 3.210967280056708546e+02 1.629820214725875155e-02 1.014371273981232804e+02 5.349582724830617142e-01
2.216939673484455398e+01 2.415248458288691609e+02 3.297122165046693226e-02 9.769228603909945718e+01 2.881066417819141967e-01
1.681939580131782108e+01 1.352303583591468623e+02 1.366495140080045689e-02 7.035607720973897017e+01 6.612663842962073213e-01
1.324245482156514164e+01 8.265179987431878317e+01 2.561781335366241155e-02 1.101987175370426115e+02 7.242982678674618757e-01
1.418246403273946399e+01 9.827443386256499025e+01 1.843593164347881452e-02 8.365084552503529380e+01 6.991012048651764621e-01
5.970459911253042762e+00 1.484362226355437997e+01 1.120227431548186242e-01 7.160641530479556138e+01 2.238137021507161095e-01
1.302072190290146203e+01 8.201396129412711389e+01 4.638841242614827332e-02 8.337217351689332645e+01 1.348290815906607043e-01
1.084529157991883963e+01 5.431550714666525437e+01 2.065942443300933934e-02 5.470521678543199329e+01 7.767170522040036662e-01
1.323806346538762924e+01 8.402195896013034826e+01 5.199161425576519918e-02 1.027643645678832627e+02 3.646851665476990578e-01
2.006786079935856293e+01 1.968678736564962719e+02 2.674544183978146139e-02 1.192303048437173061e+02 5.963203378179587899e-01
1.525619597330316779e+01 1.101231903579151776e+02 2.096436058700209756e-03 4.676592643398230109e+01 9.249791396614236438e-01
9.823734151426798178e+00 4.442766904263100969e+01 3.874595006670478181e-02 4.539105891684434368e+01 3.838673178249406015e-01
9.814500373299644309e+00 4.577613739795464198e+01 7.160917349596594705e-02 8.841362808253963124e+01 3.461858116330102653e-01
2.535977054618519944e+01 3.193045207921505266e+02 2.161552633250746550e-02 8.407415364289926174e+01 4.698816844871058218e-01
6.622420105406162882e+00 1.809198041323298867e+01 2.865446922050695483e-02 3.631517361793355292e+01 7.433611571562587228e-01
1.003801821069840372e+01 4.635594146232131152e+01 3.108442919763674400e-02 3.670047342710685712e+01 3.129494206568347314e-01
1.281370885923233693e+01 7.771818698727639685e+01 5.910043834572136640e-02 8.407718457147930735e+01 1.387824589210272797e-01
6.677639595659479177e+00 1.764723742972995524e+01 2.359761133346038875e-02 3.308079670283525076e+01 9.155286360453843697e-01
1.489238843761004283e+01 1.050203388345298094e+02 3.786290578743409241e-02 8.234304571531833972e+01 5.811834503418653597e-01
7.753811348778415713e+00 2.761318949634591036e+01 4.031827711072993869e-02 3.265481486428269164e+01 4.612466210701304803e-01
5.171096086122026314e+00 1.242984865478643997e+01 5.641636490693094363e-02 4.398042651027655836e+01 4.174044198398502159e-01
1.308880566398483936e+01 8.133118283645012525e+01 7.196810876056158879e-02 1.032982721950002940e+02 1.597839847868372520e-01
1.453981913125964986e+01 1.009622863859283939e+02 1.875039705228384590e-02 5.667056471786554539e+01 7.427511654636484995e-01
1.243218186656243063e+01 7.368645687358588248e+01 4.177942951527856968e-02 6.441117542093697068e+01 1.710610647346177127e-01
1.594493261654227467e+01 1.224290731168374577e+02 1.593609046439235094e-02 6.555473731119433012e+01 6.045017846010769524e-01
3.382654045529355002e+00 1.513616756886904113e+00 5.576678737056095514e-01 4.208705739357026232e+01 5.574569552431716257e-01
1.294492663039767066e+01 7.781160290467670393e+01 4.824979353281240273e-03 4.960854075748016356e+01 7.942593455439515004e-01
1.287552084182242496e+01 7.506742060123195870e+01 5.374499714122355463e-03 1.190504452392926993e+02 9.336237422694750876e-01
8.224382855093804068e+00 2.897693667912545834e+01 2.582110412299091703e-02 3.251211540946052025e+01 7.121998955709462065e-01
9.316534395710515781e+00 3.906519446717823030e+01 3.102407725049234621e-02 4.390483994581331473e+01 5.857028361460546728e-01
1.797578781407903747e+01 1.544616757794456134e+02 2.890540626389682781e-03 9.254955701124801237e+01 9.251236144311735243e-01
2.043724721103805209e+01 2.042577773989535217e+02 2.169493678927641306e-03 5.343886452432536771e+01 8.179103277565336061e-01
1.328873363014728781e+01 8.516418038578711958e+01 4.308493742456006442e-02 1.025579401933179895e+02 6.582101419571368961e-01
1.211645350604766058e+01 6.876098788584351951e+01 3.316180674671240919e-03 4.993226763817304459e+01 8.605709105639040013e-01
9.522289206277275042e+00 4.130904699567349780e+01 6.902674544183978744e-02 7.024521320097048260e+01 1.465761588396904680e-01
2.051781886413436595e+01 2.065048744828356462e+02 2.373419731910297870e-02 1.198526941868412905e+02 1.901342795698375276e-01
1.145756001107465138e+01 6.303206587045042397e+01 4.841179086462105152e-02 5.233778395470801570e+01 2.284153011826013657e-02
1.513197791855435170e+01 1.039908212916398611e+02 3.360650530461851276e-03 4.714238540821297363e+01 9.000659620511156644e-01
1.913137473192908899e+01 1.766570647860919507e+02 2.051966202909598965e-03 9.129602286438466763e+01 9.264353897208619237e-01
1.853762810253461879e+01 1.669164704967516286e+02 2.353090654977447321e-02 1.043134009502517330e+02 1.356318916417737774e-01
6.677890240589658966e+00 1.918163837698540419e+01 1.055269677911187393e-01 6.011213899227942647e+01 6.812165024868498987e-03
2.066568025329291203e+01 2.122208388145090225e+02 3.492154246871227719e-02 8.801039027753249400e+01 7.732157372809639329e-02
2.048815517854244206e+01 2.017115006381136482e+02 2.715837621497998924e-03 8.290356951057435708e+01 8.956657495016858705e-01
5.778060154656201597e+00 1.203224371698564710e+01 5.824598183088749298e-02 3.108056156719968399e+01 1.220066214733907528e-01
2.824862418182494039e+01 3.920886968576045319e+02 4.192872117400419079e-04 1.027419159243032567e+02 9.342418197809634339e-01
2.432669709352154541e+01 2.897939109822139585e+02 2.001143510577473028e-03 5.856932961944859528e+01 8.413339884248626221e-01
8.421616782608307261e+00 3.030660107949051962e+01 4.003239946636173024e-02 5.239052897031081102e+01 7.554834982402989230e-01
1.361789732047373924e+01 8.432447343596948031e+01 1.938885712470618181e-02 4.717168128612509292e+01 7.156230090383168818e-01
1.234871310560284385e+01 7.308516076206632306e+01 2.054189695699129570e-02 1.044762473095008488e+02 8.673004306433023114e-01
2.090264629214712855e+01 2.116238275701809357e+02 1.340448510259831076e-03 6.671656329775119332e+01 9.202973022668692327e-01
9.410736907836056986e+00 3.962084317669234679e+01 3.920335429769392088e-02 4.707966904072149106e+01 4.388314272912605118e-01
1.587793250763671438e+01 1.199646615900226152e+02 2.547487453147830386e-02 7.055944371377314894e+01 2.134406954059334671e-01
2.016928232280309174e+01 2.011808575124857157e+02 3.306333778031891185e-02 9.018036184476761719e+01 5.270545134390198783e-01
9.393656015815162519e+00 4.026982068505230927e+01 7.253351121275650182e-02 8.972567053232553747e+01 3.642060514363804069e-01
1.568008230695828154e+01 1.198027601533933080e+02 1.252779365986913217e-02 4.252007863433840384e+01 1.374677419022309055e-01
1.026638371946232375e+01 4.966854726804314168e+01 5.079092814941871259e-02 8.163864003682431303e+01 6.245736596321849188e-01
1.282298901312890926e+01 8.114213730332392061e+01 4.723969252271138786e-02 8.123047637942335086e+01 3.278787262390990276e-01
1.018764289444671256e+01 4.681088371996975184e+01 2.388666539609935954e-02 3.290907378193810473e+01 3.964448785249406054e-02
1.405081038983328412e+01 9.363617314994996832e+01 2.991233085572708381e-02 7.949706113328771551e+01 6.911222206826292958e-01
2.146802852907693548e+01 2.249849269678620658e+02 3.298710374182071969e-02 7.907480783977209171e+01 7.669489975554277805e-03
1.735902567442511213e+01 1.472915952260191830e+02 1.330919255447557403e-02 7.175656710073647560e+01 6.080710393399115787e-01
1.176222662850637413e+01 6.620933362139095379e+01 1.181309954894860584e-02 4.824397999790248548e+01 6.123763805752776568e-01
1.607410997943537367e+01 1.259416055233391489e+02 5.782034178260593571e-02 1.197332675836961755e+02 4.014073038358673129e-01
9.505550235101788203e+00 4.161360089322772637e+01 4.544183978146242031e-02 5.494206107639985248e+01 1.409115571479414020e-01
1.057894232063599382e+01 5.275472665462643818e+01 8.993393049996824262e-02 9.590897411851453569e+01 7.311374412847898574e-02
1.365826681469014936e+01 9.003076745349869725e+01 4.166507845753128492e-02 7.951488130936212428e+01 4.566235005430720473e-01
2.222616983836103088e+01 2.430601578529277162e+02 1.623467378184359489e-02 7.470911629575920188e+01 2.339736253823319068e-01
1.415048270027512167e+01 9.361620432101290135e+01 4.866272790801092624e-03 7.790557032465801512e+01 9.318757858446286013e-01
1.302074051865684545e+01 8.162568562113887083e+01 7.031637125976748781e-02 1.000127713601552841e+02 1.626677518162372438e-01
9.508616947632392069e+00 4.299410463525947534e+01 6.433199923765961503e-02 8.792702024552880857e+01 2.559427962640733467e-01
1.054588327306178819e+01 5.276296199671304521e+01 3.059526078394003007e-02 7.759516945930474208e+01 7.610603317591857486e-01
2.360592710391083671e+01 2.736632807782183932e+02 9.710310653706880069e-03 8.490082850184251129e+01 7.271630824707644436e-01
1.260590915528803180e+01 7.536871973805062908e+01 5.417699002604663139e-02 9.319146624792432476e+01 2.663571137277436773e-01
1.660549746079698252e+01 1.316642874234880765e+02 2.157740931325836942e-02 5.329745446262776909e+01 2.648551536478299107e-01
1.548928948448875254e+01 1.163497436560083429e+02 2.521758465154691486e-02 5.556170342766878179e+01 5.915083437625950902e-01
1.339921127409849788e+01 8.330270881396120330e+01 4.060097833682739521e-02 5.437022255124307435e+01 2.680836994228463221e-01
1.333095799816596383e+01 8.391201987962983821e+01 3.985769646147004769e-02 9.150401857518775728e+01 2.470310876436063452e-01
1.290506455515311934e+01 7.692741594723628396e+01 8.449272600215995688e-03 5.363968623731527430e+01 8.581582840062739193e-01
1.307385548868950842e+01 8.310298573646423392e+01 5.267454418397814891e-02 9.903129090942630341e+01 1.113408638271357887e-01
1.314888047744680932e+01 8.023397671673870946e+01 1.060606060606060670e-02 5.235125932735157051e+01 8.191816509025519055e-01
1.732378037553743511e+01 1.490181859892620082e+02 1.059017851470681580e-02 8.790341496369188690e+01 5.588350072812817704e-01
1.930049315974976309e+01 1.820157849797781751e+02 5.306842004955212438e-02 1.147606453592508728e+02 3.589255329129196204e-01
1.007633349297391945e+01 4.810016574976589254e+01 1.133409567371831544e-01 1.105835417801010720e+02 3.288786781052011055e-01
1.184522578679793092e+01 6.805184326957504481e+01 9.670605425322406634e-02 1.108875232677904705e+02 1.971646903856336119e-02
2.750933272965114895e+01 3.701096766621349161e+02 1.051394447620862668e-03 8.285773659467363927e+01 9.283906613043186873e-01
1.095337490104668454e+01 5.830835884050969753e+01 5.639095356076487958e-02 1.042017913418216466e+02 5.778635505116005433e-01
2.028097836474014315e+01 1.997463134839867394e+02 1.544374563242487813e-02 1.102672852824885439e+02 7.236803720814181107e-01
1.208063351294446441e+01 6.742581823306142041e+01 2.556699066133028345e-02 4.166171162384351589e+01 1.476032750151428374e-01
1.517681684149996357e+01 1.104495004951986061e+02 9.681722889270058877e-03 5.415208523444365341e+01 6.697609688066632483e-01
9.204119592708011055e+00 3.646543384322450265e+01 1.567244774791944767e-02 3.764899518628075725e+01 9.221425960921655340e-01
3.201439363096925206e+01 5.072816471474044420e+02 7.305762022743154949e-03 1.092329275662651327e+02 6.434401453794732495e-01
1.063120192391256325e+01 5.190517697370114547e+01 6.319484149672828510e-02 7.568115136137512877e+01 1.651218225386452644e-03
1.880455814122130676e+01 1.714025463953032045e+02 3.077949304364398665e-03 4.429748797205009225e+01 8.392486825132811079e-01
1.275304029624418511e+01 7.624574915321846902e+01 8.786925862397559905e-02 1.127083218521697461e+02 2.741157608970821724e-01
9.775791033061546287e+00 4.204538174470576450e+01 3.982275586049170701e-02 4.460620056099448760e+01 5.939337768610980506e-01
1.542870160686340597e+01 1.157194948576721458e+02 3.165300806810240897e-02 9.931944378039354149e+01 7.080384880806659398e-01
1.178139722976966119e+01 6.142204492634812141e+01 5.679435868115113688e-03 8.385428784054977314e+01 9.360065972836657533e-01
7.655069647070148697e+00 2.387523199012503028e+01 1.793088113842830969e-02 3.241925265359353858e+01 7.566338893717075020e-01
7.959075666848847597e+00 2.815373446753352482e+01 3.325709929483514071e-02 3.596043369762283959e+01 4.425973881278644217e-01
3.316335170478340810e+00 4.827207132050887139e+00 2.138301251508798739e-01 4.283567012278242458e+01 1.968169576733216075e-01
1.941675436038323355e+01 1.828241924981980446e+02 9.688075725811574890e-03 8.759690178512309444e+01 7.777917636589498640e-01
1.228170114293802584e+01 7.342326554673417149e+01 3.845689600406581449e-02 8.142798951177799438e+01 6.083192046702683431e-01
1.098328614355721733e+01 5.903912399241772846e+01 4.147131694301505606e-02 9.461921196197940276e+01 5.643501106290812475e-01
2.164706724013861461e+01 2.322612779385466411e+02 3.747220634013086887e-02 1.152695868400859496e+02 4.537821782354087286e-01
1.021573058684238866e+01 4.935348918535623852e+01 9.366939838637951266e-02 1.066435509526312160e+02 3.086074876232047237e-01
1.716629608356793213e+01 1.408694395990115140e+02 3.951464328822819685e-03 1.032827649263254273e+02 8.843161406524712165e-01
9.292165910947606022e+00 3.969615924003375085e+01 3.707833047455688646e-02 4.891967909404340276e+01 3.645536623191189540e-01
2.590206463736657838e+01 3.314709826909205503e+02 1.483387332443936169e-02 6.281654714624823299e+01 2.551265520892443892e-02
1.125638082018214803e+01 5.736044890772291183e+01 3.491836605044152525e-02 6.960472226789639194e+01 7.931911088948910837e-01
9.828672456033038074e+00 4.112937058518139111e+01 2.257162823200559165e-02 3.658875062264801414e+01 6.827554613795390193e-01
2.419942825646897688e+01 2.875337933195374944e+02 1.106981767359125832e-02 9.303368518330914583e+01 7.429970144276198951e-01
1.029096503078721270e+01 5.082208756507407088e+01 8.896829934565783637e-02 1.156708090707549985e+02 4.471527435663222305e-01
