# format=SNRtot_MF, evidence_inj-nofilter, occams, mass_in_solar, chi_inject]
8.155102377960147919e+01 3.315669261480689329e+03 2.318785337653262140e-04 5.553659703879087317e+01 8.175798074299228668e-01
3.057419453246675403e+02 4.672766651566129440e+04 1.588209135378946645e-04 1.163356231377081684e+02 8.239905662978816991e-01
6.783213994706263072e+00 1.992947121578873748e+01 1.911886157169176148e-01 4.043570234764175098e+01 6.468225313512782071e-02
2.745416489537572033e+02 3.767279157640497579e+04 1.270567308303157404e-05 8.154016770878246234e+01 9.314835835634132089e-01
4.750268331524630128e+01 1.120365931743185456e+03 2.112318150053998922e-03 7.194656035182725873e+01 6.839820170846634406e-01
1.536855104510444114e+01 1.148911406217121112e+02 7.253986404929800569e-02 4.034549120079780238e+01 5.271087196973202049e-01
1.002056749798365303e+02 5.011890690957754487e+03 1.130804904389810014e-03 5.500520981632613626e+01 4.575917849248172659e-02
1.934144026845192741e+02 1.869351751887674982e+04 4.764627406136839801e-05 1.163673985945231806e+02 8.758736635222761358e-01
1.007259543679035403e+02 5.051091656287633668e+03 2.350549520360841122e-04 3.300092530647742706e+01 8.574125606276203904e-01
1.080631981349473421e+02 5.835833998476298802e+03 1.651102217139953018e-02 9.963753018098070413e+01 5.736114546932751246e-01
6.950059621358209938e+01 2.406785767922306604e+03 4.478749761768629914e-04 8.092891913819815386e+01 8.843265457577377253e-01
1.154369432606092971e+02 6.659052790647674556e+03 2.258433390508862021e-03 6.986110123936900607e+01 7.345852632007097149e-01
8.272458473514080879e+01 3.416238930950284157e+03 1.330919255447557273e-03 5.677132388291455101e+01 4.947502458695249850e-01
1.697266224069754799e+02 1.439424179798083605e+04 3.049361539927577906e-04 6.164327404923345455e+01 3.677743055110996862e-01
7.431526373828747012e+01 2.753653864980049093e+03 1.905850962454735920e-04 6.482548749297058066e+01 8.501284493096185058e-01
1.514403658354358129e+02 1.146032412986891541e+04 1.588209135378946700e-03 1.086028041734998624e+02 3.640341959479004852e-01
1.202488928208065744e+02 7.218303087795117790e+03 1.175274760180420561e-04 9.188766601240240561e+01 8.516711469206349472e-01
1.847917397723371948e+02 1.706301517549245182e+04 1.175274760180420561e-04 9.926919193728953417e+01 7.465464026435230105e-01
1.359433576814681714e+02 9.238276927495548080e+03 1.727336255638142401e-02 9.589500101718080316e+01 2.437815984292336091e-01
5.765972503876864153e+01 1.656797824569204977e+03 1.332189822755860432e-02 6.447622380931785813e+01 5.844287046782750128e-01
9.917496300267170284e+01 4.910764310137052234e+03 1.715265866209262410e-03 9.888810594238356089e+01 3.442948074351149801e-01
1.230628689790197505e+01 7.097671508877135693e+01 2.364525760752175798e-02 3.368314758996508829e+01 3.649254129416623083e-01
2.676878632065781716e+01 3.482050475987405207e+02 7.273997840035575967e-04 3.129193507540850661e+01 9.000078341304565965e-01
2.354103696396760270e+01 2.718233466946979320e+02 1.301060923702433182e-02 8.059180009823023738e+01 1.930150602378697122e-01
9.448091937966157161e+01 4.455372685932735294e+03 1.918556635537767676e-03 8.523707959151221303e+01 1.553763650226844817e-01
4.576978390531866125e+01 1.041814902052601610e+03 1.172415983736738512e-02 8.295340930310274530e+01 5.058734950938764685e-01
1.159199122027216617e+02 6.712563938167224478e+03 1.299155072739978508e-03 1.140309758095407915e+02 4.429652942374576741e-01
1.802012017029386470e+01 1.592933919616459093e+02 2.220316371259767330e-02 5.599822539411710665e+01 4.420310253085320551e-01
4.049200749517567033e+01 8.130289867392930319e+02 1.689854520043199224e-03 3.286040206540191377e+01 6.385795032280308092e-01
5.053201763884612063e+01 1.266066234440110520e+03 3.430531732418524602e-04 4.869146894743073517e+01 9.226169452455728059e-01
1.118992278674293317e+02 6.252844215852273919e+03 9.338669716028206525e-04 8.287558499855666128e+01 3.742633930939002207e-01
6.892538437123563710e+01 2.369872091322590677e+03 5.612731084429197284e-03 3.907182110242165862e+01 1.575027590933409938e-01
4.397145863543029520e+01 9.601775321994255137e+02 2.595133727209199010e-03 6.486544813152403322e+01 6.471079457974772131e-01
6.529831260361682155e+01 2.122442203068804702e+03 3.220888126548503757e-03 5.859875449562727567e+01 2.175684344923639046e-01
2.586094062962137627e+02 3.342909387825424346e+04 1.111746394765262733e-04 6.025623480095435269e+01 8.835685144150700054e-01
4.522940554495598775e+01 1.016998268044940232e+03 8.541388730067975277e-03 8.925794298091193468e+01 3.657656174797896398e-01
1.548126442534946534e+02 1.197756685975833170e+04 1.207038942887999570e-03 1.191061542489969582e+02 2.535996473048282018e-01
1.267838008532981320e+02 8.029773087659769772e+03 1.121275649577536428e-03 5.758950659524693805e+01 8.919410501842761629e-02
1.819989006847631288e+02 1.655178568166248442e+04 1.496093005526967761e-03 7.126657020078340565e+01 4.780937158473602157e-03
4.200665658608697584e+01 8.811537240708914851e+02 9.221142240010164401e-03 5.836487258286238955e+01 8.467000241048253106e-02
1.032196115286916012e+02 5.322379937940672789e+03 2.229845626072041263e-03 1.179752300081412955e+02 1.885986933413291988e-01
1.407206289416591289e+02 9.892420375794565189e+03 3.208182453465472273e-04 8.098271825175696392e+01 7.690871989103152950e-01
1.788250236487139659e+02 1.598174824528743920e+04 2.039260529826567372e-03 5.794132257798071350e+01 1.645893324304032457e-01
1.746538540551683809e+02 1.524416894879093707e+04 2.179022933739914892e-03 6.899239513371946941e+01 3.963824133106672032e-01
2.263835176904890645e+01 2.514182977479532610e+02 4.123308557270821684e-02 9.729225957424915805e+01 7.719277642994033517e-01
1.328875417673487789e+02 8.819810543213285200e+03 1.264214471761641520e-03 6.793502415912526260e+01 2.955964534923498366e-02
1.054702162737713564e+02 5.553162351282315285e+03 6.892827647544628187e-04 3.526195348137292740e+01 8.103175376422079301e-01
5.891833370349561250e+01 1.728179252036532034e+03 9.021027888952417792e-04 6.709182344406184484e+01 7.422154603855324329e-01
2.224412478921716740e+02 2.472780793518224891e+04 1.270567308303157404e-05 6.905973765049539281e+01 9.098193257596403072e-01
7.711504396535070782e+01 2.972499451553378549e+03 1.820087669144272941e-03 3.931642106111468138e+01 5.256536365387690646e-01
5.493685920163500924e+01 1.503310704870094696e+03 1.956038371132710896e-02 9.202364986565646632e+01 3.203050538106161915e-01
6.965658260267092317e+01 2.422660372033746626e+03 5.063210723588082093e-03 8.344652934206266082e+01 2.217925672857601616e-01
6.730722909194400927e+01 2.259894450020260592e+03 1.067276538974652267e-03 6.820407544185906090e+01 6.096775278853582281e-01
1.709278269746670560e+02 1.459976155727189689e+04 1.378565529508925637e-03 1.192389761661211622e+02 1.541764698568293124e-01
1.241710596370436406e+02 7.702761682600539643e+03 2.061495457721872985e-03 5.807930371806415337e+01 6.111545252174680476e-01
5.178601674123238752e+01 1.337094667742719594e+03 1.511657455053681473e-02 1.124062786691106623e+02 5.720875613089745348e-01
1.652946213652578535e+02 1.365212140737665504e+04 1.108569976494504835e-03 8.303964946466987840e+01 8.442355270576243353e-02
1.622747971081988680e+02 1.315777383223010656e+04 7.432818753573470875e-04 9.361054187955451766e+01 1.950268978849763468e-01
1.186597249817616131e+02 7.031993963973476639e+03 1.419858967028778422e-03 1.064521972208828089e+02 3.884652689653368407e-01
7.029146077541972204e+01 2.465315420809913576e+03 1.461152404548630990e-03 9.210632167263617021e+01 7.028246993135101039e-01
2.521897476308721053e+01 3.134353287621929098e+02 4.796709230671494795e-02 1.191544697685307028e+02 8.160539505892885348e-01
1.830285548176838972e+02 1.673972984747369992e+04 4.891684136967155592e-04 6.759087681878810372e+01 2.111494498751628479e-01
5.818615774947864594e+01 1.689117835723943244e+03 2.226669207801283256e-03 8.165354021038291421e+01 6.205861012871435323e-01
1.290141290043417257e+02 8.314299239564237723e+03 1.248332380407852138e-03 1.139596020987236216e+02 3.188564114250750925e-01
5.205187145098172152e+01 1.350790395311019893e+03 8.029985388475954430e-03 5.547546471457154382e+01 5.885163578932736117e-01
3.368932948421456786e+01 5.616440712914412643e+02 2.836223873959722863e-02 1.011707141338191605e+02 2.789133851115498941e-01
1.632154718708879102e+02 1.331158985518134068e+04 1.013277428371767890e-03 7.224017722413559284e+01 7.408034182182461347e-01
1.357950282083978877e+01 8.892227403055096602e+01 4.975859221142239774e-02 7.136767485574972625e+01 3.895022762529110616e-01
5.696915946356338623e+01 1.616516006402423727e+03 2.614192236833746182e-03 7.768548226136158519e+01 4.496817852953736705e-01
1.754332663833053516e+02 1.538298037581414974e+04 4.532748872371514075e-03 1.132779621813876787e+02 5.226556055986024685e-01
1.535735829925654627e+02 1.178552818711057807e+04 3.440060987230798405e-03 3.903872100608184326e+01 1.021959173105981000e-01
6.794870081439549381e+01 2.304877174417472816e+03 6.327425195349723613e-03 1.088012892208083144e+02 1.120890214866293588e-01
3.711005475362786399e+01 6.824447654427219732e+02 3.386061876627914462e-03 4.299540475416198859e+01 5.649783154653250650e-01
3.634427824045960875e+01 6.533064552347268545e+02 5.762022743154818390e-03 4.166751674998010202e+01 2.593004759177993113e-01
1.189650521981017590e+02 7.069491889050228565e+03 6.438599834826249507e-03 4.524561970481917683e+01 6.421426451473069563e-02
9.456737089601280388e+01 4.464642383907320436e+03 2.410901467505241133e-03 9.272112512434600262e+01 4.489489061766112621e-01
3.185936651786727936e+01 5.027945000358000698e+02 9.865955148974016320e-03 5.823273508753266725e+01 9.605134108266260087e-03
1.913657655610392112e+02 1.830201816758133282e+04 1.334095673718315334e-04 1.116724506951942715e+02 7.542396584270678606e-01
1.049560019636988670e+02 5.503727255725390933e+03 6.228956228956228879e-03 7.519602841474301158e+01 1.981690976296754392e-01
1.556989196806332245e+02 1.211318050943710477e+04 6.670478368591576399e-04 5.325081011870393866e+01 5.579839096359677786e-01
5.050329673677654796e+01 1.270671413879259035e+03 2.164093767867352608e-02 1.178714502912492321e+02 2.371019301170686766e-01
6.492270147890411636e+01 2.100804386899761539e+03 4.774156660949113902e-03 1.122354303589900439e+02 6.714008675611454757e-01
1.683798433073757792e+02 1.416585017639555190e+04 1.651737500794104609e-04 9.831525515621531497e+01 7.054893437537292922e-01
1.070390770428224272e+02 5.721272562550619114e+03 4.421574232894987314e-03 1.013006441449520878e+02 3.159239994717499833e-01
2.222591772758461843e+02 2.469353281470385991e+04 2.633250746458293788e-03 1.158166139132085704e+02 6.399288651235159053e-02
2.227003905695402253e+01 2.433410028998966936e+02 4.754780509497490842e-02 6.244898177333494260e+01 8.527989392307436245e-02
1.121167899979414955e+02 6.282377848683149750e+03 1.842322597039578120e-03 5.887985332729810750e+01 3.189628961827853382e-01
1.172876957404718041e+02 6.872944010147072731e+03 4.215107045295724691e-03 1.077561649311028731e+02 4.031559488875104957e-01
8.575708736538821597e+01 3.672189120337102850e+03 1.362683438155136255e-03 6.863867467338522488e+01 8.183607686178855090e-02
4.788312926031827033e+01 1.141222291310365790e+03 8.693856807064354389e-03 9.225528489902242768e+01 8.600808798794651322e-02
1.311638596173505391e+02 8.593467175779895115e+03 1.280096563115431119e-03 9.450330494603204556e+01 2.703202756843187116e-01
2.078931928055756941e+02 2.159844059862158247e+04 5.209325964042945409e-04 1.177126663633498396e+02 3.626055092062611673e-01
1.145431823016458281e+02 6.552197553865609734e+03 1.492916587256209971e-03 1.037772931007955037e+02 3.768570716006391236e-02
2.001102271288658585e+02 2.001013689264057393e+04 7.305762022743154949e-05 9.706953347854471303e+01 7.951521574091306999e-01
2.026236850184727132e+02 2.051862668496121478e+04 6.257543993393049637e-04 6.598455523738782347e+01 8.541582150923920924e-01
1.032625000161062303e+02 5.322188802863925048e+03 1.778794231624420265e-04 1.049801706837930055e+02 8.529541067364756479e-01
9.449847622596681163e+01 4.457582137593283733e+03 1.753382885458357188e-03 7.904430946847708128e+01 7.755960309932483088e-02
1.519841126262286366e+02 1.154255084504103434e+04 3.239946636173051254e-04 1.045823345956083870e+02 8.170624633811098825e-01
8.082526997742162678e+01 3.261800665401027345e+03 4.554983800266819254e-03 1.045198041572692205e+02 1.437046269458448211e-01
7.173507659046453000e+01 2.566102475257815513e+03 2.255256972238104448e-03 6.092507980072934259e+01 2.104598627075048578e-01
2.097180087393149961e+02 2.197855120941487985e+04 1.588209135378946713e-05 6.617715784766495801e+01 9.064529459190897587e-01
9.065107021623764183e+01 4.101476452252158197e+03 2.445842068483577905e-03 7.352872535759743755e+01 8.322452383281661037e-01
1.573964282434583879e+02 1.237897649098794682e+04 1.642208245981830860e-03 5.919791564731414013e+01 6.642858358510884687e-01
4.513320929196866160e+01 1.010680446492869578e+03 3.081125722635156671e-03 4.624616679272340036e+01 7.210361121692913100e-01
2.254384536999329782e+02 2.539990067020043352e+04 5.082269233212629618e-05 9.430474850327647118e+01 8.382181621079510814e-01
2.697137858850873045e+02 3.636385163127783744e+04 2.477606251191156778e-04 1.039110063728216033e+02 4.349760132755284836e-01
8.014893011008075518e+01 3.205905004715340965e+03 2.207610698176736084e-03 6.481666638715159934e+01 6.861443983692387949e-01
7.225442275588611096e+01 2.604893902096016973e+03 9.065497744743028150e-03 9.333406510808993062e+01 3.522619642610757551e-01
8.835700397689728902e+01 3.899028553353390635e+03 4.240518391461787877e-03 7.932595764356891266e+01 7.466110160479285662e-01
2.136361981219472739e+02 2.280959390723254546e+04 6.670478368591576670e-05 1.125168584453320761e+02 8.296776540397539090e-01
1.231386387897727275e+02 7.576661570990522705e+03 3.109713487071977429e-03 1.193644397629037854e+02 3.754089863676192684e-01
1.890849117107191830e+02 1.786730980040701616e+04 1.207038942887999570e-03 1.049401023967727724e+02 6.019043174177316491e-01
2.079113605421685236e+02 2.160277248150906962e+04 6.352836541515787022e-06 8.405477268506422206e+01 9.486499682576728931e-01
1.057781264102461307e+02 5.587085436903651498e+03 1.156216250555873199e-03 6.816922469866199208e+01 2.500727061523404515e-01
2.014825583552918715e+02 2.028849882578332472e+04 2.382313703068420104e-04 9.177220393361210427e+01 7.646799965685935341e-01
9.114569957966133984e+01 4.144021794682048494e+03 1.038688774537831075e-03 6.754806281339460838e+01 5.675444386197312507e-01
1.521658206001865032e+01 1.102050590886502732e+02 9.786544692205068757e-03 3.253473659763719184e+01 7.675323150956739893e-01
9.032393379708830139e+01 4.068207597350552987e+03 1.156216250555873199e-03 9.433683523846281105e+01 5.440941815613175025e-01
9.875869734601566563e+01 4.866667778415188877e+03 7.623403849818944766e-05 5.841565350315855909e+01 8.874648999338419220e-01
7.874428748827165236e+01 3.088750198640608232e+03 1.334095673718315334e-04 8.732646112974592256e+01 9.165100787643427616e-01
1.255652487004461193e+01 7.362811259442065648e+01 2.813036020583190369e-02 5.896004719793126014e+01 5.978650994294170129e-01
2.292383699733829161e+01 2.564883853104581704e+02 7.661520869068038676e-03 5.491727983259478663e+01 6.723349116124290870e-01
2.996786448201237718e+01 4.411706566962752163e+02 9.885013658598564359e-03 7.569514396440072801e+01 4.829183592636490663e-01
2.717243509177018836e+02 3.690470767965921550e+04 6.352836541515787022e-06 8.361393420668062504e+01 9.368753554278164142e-01
1.655437504562800370e+02 1.369727978286858161e+04 8.353980052093259176e-04 6.961946912106719765e+01 5.006838867070557697e-01
2.083309386459149266e+02 2.169280042248173413e+04 4.415221396353471951e-04 1.119629969180298730e+02 2.694270077547751274e-01
1.941911680393121387e+01 1.842308214918699036e+02 1.834699193189759381e-02 6.365685997431704379e+01 1.327497221557810136e-01
1.875064990823316080e+01 1.691134990187524068e+02 4.459055968489930577e-02 7.298912055614650285e+01 3.476941838778984661e-01
1.354363204092587409e+02 9.163013601429496703e+03 1.874086779747157210e-04 1.115105233068230746e+02 7.737953404074084940e-01
3.005727103648141352e+01 4.485963281220662111e+02 2.624039133473095656e-02 7.902611910077901314e+01 5.935549590348955240e-01
3.847765932122942445e+01 7.367136363319305019e+02 7.401054570865891677e-03 4.982248253163297136e+01 3.064378948494152488e-01
7.542137058973651165e+01 2.838358045958028924e+03 2.020202020202020200e-03 4.199567489018148336e+01 2.918806162550187655e-01
5.642932684874462268e+01 1.584709511812520759e+03 8.271393177053554258e-03 9.276194910135687621e+01 4.269686623232857858e-01
5.451104516762378438e+01 1.477675848192300919e+03 9.783368273934311184e-04 4.705458569881989206e+01 6.461616104281553419e-01
1.245113555124749212e+02 7.740010417597443848e+03 6.352836541515786853e-05 5.730193489131683293e+01 8.689820971881481171e-01
2.535980770594756564e+02 3.215062764631742539e+04 2.795248078266946053e-03 8.598865077650717126e+01 6.366928583937001007e-02
1.419503893035822273e+02 1.006717270319485033e+04 8.862206975414522883e-04 8.220800458108331554e+01 3.256778736985194156e-01
1.637757060343511739e+02 1.340163984083757714e+04 2.668191347436630560e-03 4.481455605878604587e+01 4.958783892534167625e-01
1.255784211792165195e+02 7.877341554423896014e+03 1.826440505685788737e-03 1.105344218022949576e+02 2.927257987261448480e-01
4.765866601105132361e+01 1.129133727066699521e+03 1.667619592147894046e-03 8.950052463569602423e+01 7.473479195547809706e-01
2.101977605275625081e+02 2.208216849709604139e+04 2.541134616606314741e-04 1.054489595799251731e+02 8.705066946129604855e-01
7.044569851633944779e+01 2.477631120591653598e+03 2.318785337653261978e-03 5.916494610121490183e+01 5.228716316497966643e-01
2.129593416387444336e+02 2.266543018043579650e+04 4.732863223429261226e-04 7.689667511392400456e+01 1.831408583941973589e-01
2.509058433777541666e+02 3.146590335805827635e+04 2.858776443682103948e-05 1.177451051980780932e+02 8.708454961609622957e-01
8.353386542062496289e+01 3.480332788514005188e+03 2.417254304046756713e-03 5.093339236507290479e+01 6.196792461004114738e-01
8.944058330638556242e+01 3.991809037885823727e+03 1.321390000635283687e-03 9.910572918087322591e+01 5.642775171746072793e-01
5.059046107403493409e+01 1.274464440670887825e+03 2.464900578108125337e-02 5.045333354946124871e+01 3.730490972452293330e-01
1.674913657659974717e+02 1.401861436160755147e+04 1.149863414014357403e-03 9.741904964588022153e+01 7.878925055598506866e-01
1.950455417640077371e+02 1.901510904692480472e+04 8.245981830887491940e-03 4.508337733267436676e+01 2.933217529264164902e-01
2.444493308768153952e+02 2.986827934643053231e+04 7.623403849818944766e-05 8.994835780809202674e+01 8.396723775495217312e-01
8.399172394689131238e+01 3.518303762864832152e+03 2.915951972555745966e-03 1.113303292327848766e+02 2.714069678276305186e-01
2.180480073567002108e+01 2.336203895758395106e+02 9.392668826631091553e-03 5.552335991597422549e+01 4.241955337839544149e-01
4.778185130581425710e+01 1.135233950187973733e+03 4.726510386887745538e-03 8.207863596346165025e+01 4.389976847471636079e-01
1.001821335788243204e+02 5.014026791622183737e+03 3.122419160155009022e-03 1.125970138659864688e+02 1.922799344259495903e-03
9.547802369714302984e+01 4.551943744268364753e+03 4.256400482815577042e-04 6.463242083606695587e+01 7.114338309728902576e-01
2.243629866778550763e+02 2.516033772598923315e+04 1.842322597039578228e-04 1.069676228178875022e+02 5.777206720268694973e-01
4.436597317419282405e+01 9.760913437388974216e+02 4.227812718378755850e-03 7.634952072568475501e+01 5.378241527851019832e-01
7.106721095459199944e+01 2.515769970147230651e+03 6.035194714439997849e-04 1.053290418069209551e+02 8.097828670019658892e-01
1.199454920590517446e+02 7.186914519561691122e+03 5.526967791118734142e-04 1.033848906556702474e+02 6.141855653543900617e-01
7.766875014373027852e+01 3.010083362558036697e+03 5.870020964360587144e-03 7.697215764189516563e+01 1.975054921329201518e-01
1.606552209567355476e+02 1.290106178288598130e+04 2.941363318721809152e-03 7.847995742371020356e+01 4.080001646055926301e-01
5.246608029785026872e+01 1.368336167062831464e+03 5.114033415920208464e-04 6.747143640677845156e+01 8.591292466366967640e-01
5.381704824241911211e+01 1.442030383605443376e+03 2.890540626389682781e-03 4.747391373422122740e+01 2.075626936819475465e-01
4.302671434033489817e+01 9.202088891768837584e+02 4.208754208754208678e-03 9.297213609832947157e+01 5.686144292626419405e-01
6.382657352943499518e+01 2.034735358437331570e+03 1.403976875674988953e-02 4.471745440187058307e+01 4.013919494715468828e-01
3.603157389766956697e+01 6.454266616958224176e+02 3.979734451432564296e-02 1.104663883987276449e+02 4.719166709614645572e-01
1.289900329342218583e+02 8.313404584492798676e+03 2.302903246299472812e-03 3.726562826994478428e+01 5.250842576165387632e-01
2.406327383774500959e+02 2.893671256174006339e+04 9.529254812273680957e-06 9.026677713534206760e+01 9.362723364022343953e-01
1.056515347094833857e+02 5.572237794008313358e+03 2.636427164729051686e-04 9.603937948712160733e+01 7.865484707563700217e-01
8.231680857069085278e+01 3.379208220374222492e+03 3.424178895877009240e-03 9.780542527574556289e+01 1.677504748186977312e-01
1.836556221073624897e+02 1.685690902211294451e+04 1.575503462295915107e-03 8.805443391600027780e+01 6.999531201235270617e-01
3.775972436379279173e+01 7.065424527140182818e+02 2.926116511022171240e-02 1.113604981500714075e+02 5.812802672402664905e-01
1.228052614894158268e+01 7.547843895996840047e+01 1.815450098468966433e-01 1.009750443418114116e+02 6.858121233533109873e-01
4.206055902130324142e+01 8.828112193785855197e+02 2.075471698113207433e-02 1.042497198904411846e+02 1.079148985130635729e-01
2.531597500415410309e+02 3.203587271228701502e+04 6.025665459627723396e-03 1.047668078451269338e+02 2.275672215906427154e-01
7.130488402971590745e+01 2.533891200720900542e+03 5.685788704656629050e-04 8.641383523167442604e+01 8.284861511710933657e-01
2.756581966321169261e+02 3.798506171116178302e+04 1.375389111238167848e-03 9.364558345409801632e+01 4.432660741368248947e-01
8.363061900153611816e+01 3.487344605264945130e+03 5.304618512165682354e-04 4.371865470315709956e+01 6.894515994091345856e-01
5.094138507224017332e+01 1.289767452673323305e+03 1.864557524934883515e-03 3.819760815300217871e+01 4.010760208031877161e-01
2.324507438845732921e+01 2.670095770332466145e+02 1.011371577409313216e-02 8.691167124158124579e+01 8.712045329614308553e-01
8.648506323721339584e+01 3.731452526624010716e+03 5.876373800902102941e-04 1.086539646642518875e+02 7.816302379975937908e-01
8.695105906452359079e+01 3.773003694117473515e+03 1.683501683501683428e-03 9.569000024460889620e+01 7.752184201559694232e-01
2.950934779623994473e+02 4.353208630145162169e+04 2.042436948097325379e-03 6.946983396262558585e+01 3.091620554269870480e-01
4.072519336895263820e+01 8.238290411933157884e+02 1.254685216949367934e-03 5.719650745549221682e+01 8.192966817920376288e-01
2.347868767041964304e+02 2.755093143254126699e+04 2.223492789530525331e-05 7.726524676790114654e+01 8.780458976811833516e-01
1.555164665312002796e+02 1.208199227218284432e+04 1.334095673718315334e-04 1.124853566152891204e+02 7.970387222253736415e-01
2.599426221390334035e+01 3.333770257866873976e+02 9.043262816847722971e-03 3.837227214548426701e+01 5.127590728895261574e-01
7.917704679954893265e+01 3.126414986347424019e+03 4.729686805158503544e-03 6.028900659224130010e+01 2.785227444923193407e-01
3.002145799514088509e+01 4.425668200411995485e+02 1.531033606505304533e-03 5.866563339833400192e+01 9.214051650486044798e-01
2.074117326931153471e+01 2.103468546953122313e+02 1.663172606568832923e-02 7.180244069499445914e+01 5.669385309659421557e-01
5.092036689355158785e+01 1.287083602627687014e+03 4.415221396353471951e-04 3.300647914691255380e+01 7.560382649760470919e-01
1.013557112294532914e+02 5.128010184017144638e+03 3.332062766025030084e-03 1.198044729464262588e+02 1.509874540676827137e-01
4.024309288753993741e+01 8.072775797772948181e+02 5.844609618194523959e-03 6.729732126215358790e+01 5.101318613806250513e-01
1.545161956229085831e+02 1.192669568134072870e+04 1.556444952671367664e-04 3.552664180194157950e+01 2.018845060461349483e-05
9.430694776544343938e+01 4.442290165710717702e+03 1.184804014992694174e-03 3.338503789142683331e+01 3.028821045779739318e-01
1.839796832882540656e+01 1.650303640840928665e+02 1.637443618575694024e-02 9.412040452905256416e+01 7.538309352030531096e-01
5.053089718785810192e+01 1.268992221076072155e+03 1.883616034559430687e-03 4.699300620151024788e+01 5.860252973537054544e-01
1.950458871120755191e+02 1.901324066664642305e+04 1.251508798678609927e-03 8.617099924937048172e+01 7.552100584997326616e-01
1.120872379325766843e+02 6.276592106416733259e+03 1.000571755288736514e-03 6.311105892777917603e+01 3.645152055042750194e-01
1.806505856370305025e+02 1.630609518257797572e+04 2.858776443682103948e-05 8.392772503610544277e+01 9.160512524154384995e-01
