# format=SNRtot_MF, evidence_inj, evidence_filt, nofilter,         occams_inj,occams_filt, mass_in_solar, chi_inject]
2.157051486658754058e+01 -4.017852872914453997e+02 -4.044789193241188627e+02 -6.301777352140318271e+02 2.973762785083539778e-02 9.729369163331428108e-03 4.807189629152256316e+01 5.000000000000000000e-01
2.029132919245401183e+02 -4.257987720375048184e+02 -4.898600517717014782e+02 -2.100886437007530185e+04 1.537386443046820329e-03 3.208182453465472273e-04 5.516559595312117636e+01 5.000000000000000000e-01
9.789410905504696814e+01 -3.696240721307832473e+02 -3.908728530924958022e+02 -5.155629350948912361e+03 1.734324375833809842e-02 4.637570675306524281e-04 7.502849892976630031e+01 5.000000000000000000e-01
1.061608092191687689e+02 -3.986029307460136124e+02 -4.153253591459940139e+02 -6.026409533248587650e+03 7.391525316053617657e-03 1.178451178451178378e-03 6.486672166484365221e+01 5.000000000000000000e-01
5.163061735897482407e+01 -4.088975258363767580e+02 -4.210333535508792124e+02 -1.739468234392219529e+03 1.279778921288355319e-02 8.608093513753891030e-04 3.049048455878800823e+01 5.000000000000000000e-01
5.780514442241804574e+01 -3.755761147475312782e+02 -3.861052162044671832e+02 -2.044092596613236765e+03 2.199669652499841241e-02 4.920271901403977001e-03 9.882342910918164591e+01 5.000000000000000000e-01
5.543992038070876305e+01 -3.812863269677509379e+02 -3.962439836499347052e+02 -1.914975809576972324e+03 5.146750524109014457e-02 1.689854520043199224e-03 9.902523098019766223e+01 5.000000000000000000e-01
1.196100203296081474e+02 -4.170356635037883848e+02 -4.316279584797383677e+02 -7.563930968266494347e+03 3.668763102725367074e-03 7.528111301696207821e-04 5.848441099479418170e+01 5.000000000000000000e-01
6.412220765444968151e+01 -4.039177984868661611e+02 -4.124358588927011056e+02 -2.458124443943708684e+03 1.228003303475001633e-02 1.791499904707451966e-03 4.284032097524504934e+01 5.000000000000000000e-01
1.283177502789862672e+02 -3.875152493261106201e+02 -4.231768627299442187e+02 -8.614041205666520909e+03 6.473540435804586712e-03 3.779937742201893401e-04 6.789474383966101811e+01 5.000000000000000000e-01
2.637742491216920726e+01 -3.849625923699018131e+02 -3.891328465698080663e+02 -7.286297901689609944e+02 4.127120259195730945e-02 8.350803633822501820e-03 5.827606890079105995e+01 5.000000000000000000e-01
1.684635401943168347e+02 -3.680575978902006682e+02 -4.204067943222278814e+02 -1.455331671016540713e+04 3.948287910552061679e-03 1.111746394765262733e-04 7.001237271538430207e+01 5.000000000000000000e-01
2.164890693668986899e+02 -3.857921203009875626e+02 -4.638473019301119962e+02 -2.381045579718183581e+04 2.379137284797662368e-03 1.619973318086525627e-04 8.388021755784320987e+01 5.000000000000000000e-01
2.613813386031783352e+02 -4.038287496967370203e+02 -5.082056346606847228e+02 -3.455611133555882407e+04 1.693030938313957231e-03 3.462295915126103584e-04 1.041149716256869766e+02 5.000000000000000000e-01
8.433414421570789443e+01 -4.054316879261564850e+02 -4.120911501827790744e+02 -3.956634558602262132e+03 9.643605870020964532e-03 2.029731275014293786e-03 7.612296171946746881e+01 5.000000000000000000e-01
1.918979791758055171e+02 -3.902990918962569253e+02 -5.129209848945698695e+02 -1.880021353997586266e+04 3.633822501747029868e-03 7.941045676894733227e-05 7.349228229899603093e+01 5.000000000000000000e-01
2.368105114645345850e+02 -4.429558672463954849e+02 -5.272349134553761587e+02 -2.847400856231366924e+04 1.575503462295915107e-03 3.176418270757893291e-04 8.349016142124420981e+01 5.000000000000000000e-01
1.016486232767206275e+02 -3.788101510561723444e+02 -4.430402363079151655e+02 -5.540762065424029061e+03 2.342926116511022047e-02 3.112889905342735328e-04 1.154392745937269069e+02 5.000000000000000000e-01
1.212372273844920727e+02 -3.733945693800097843e+02 -3.924621428056922241e+02 -7.718966121329206544e+03 4.701099040721682353e-03 1.041865192808589082e-03 6.966041689518758062e+01 5.000000000000000000e-01
1.733537442227643055e+02 -4.244015155007014073e+02 -4.815015350251571249e+02 -1.544606158764674547e+04 4.215107045295724691e-03 7.528111301696207821e-04 1.041634084657290487e+02 5.000000000000000000e-01
1.591663126701843964e+02 -3.872976333546266119e+02 -4.466591406749313364e+02 -1.304934341049947034e+04 4.497808271393176870e-03 4.224636300107998061e-04 8.523401972076068489e+01 5.000000000000000000e-01
1.343395453293791491e+02 -3.669670540617713073e+02 -4.138114151591415180e+02 -9.385793347458378776e+03 5.952607839400291846e-03 1.365859856425894045e-04 4.935571152181111643e+01 5.000000000000000000e-01
9.255331293916826496e+01 -4.199375801682289762e+02 -4.407875962004276857e+02 -4.698951524336519469e+03 2.944539736992567158e-02 5.781081252779365996e-04 1.025765142840080273e+02 5.000000000000000000e-01
7.924444172981718282e+01 -4.203263332067259057e+02 -4.433677321247955092e+02 -3.560126573867401021e+03 1.916015500921161227e-02 1.658090337335620459e-03 8.546560833587358275e+01 5.000000000000000000e-01
9.947144572914733374e+01 -4.180505063944514177e+02 -4.449590343457121548e+02 -5.363108284005210407e+03 1.565338923829489789e-02 1.807381996061241348e-03 1.198187289387606000e+02 5.000000000000000000e-01
5.404390942836548106e+01 -3.818569568327491197e+02 -3.905925525438294130e+02 -1.840545632997355369e+03 3.924464773521377237e-02 1.610444063274251878e-03 7.320886238571254978e+01 5.000000000000000000e-01
1.103578670784051496e+02 -4.057506119929983583e+02 -4.172118378897541788e+02 -6.483680810378534261e+03 3.551235626707324733e-03 4.383457213645892969e-04 3.191464479316124425e+01 5.000000000000000000e-01
8.542822874792825871e+01 -3.737487944352031946e+02 -3.854722550517599302e+02 -4.017019974967244707e+03 8.970205196620291421e-03 1.801029159519725552e-03 7.629486366934642660e+01 5.000000000000000000e-01
1.611808849649152364e+02 -3.716345490273262158e+02 -3.983716951704050189e+02 -1.335467027503653117e+04 2.353725938631599183e-03 4.034051203862524713e-04 5.125760158724912685e+01 5.000000000000000000e-01
1.276552883086377754e+01 -4.098300245312017296e+02 -4.116374383198608484e+02 -4.926039532894998274e+02 6.231497363572835457e-02 2.161552633250746550e-02 4.357763396221594121e+01 5.000000000000000000e-01
1.313741644994462376e+02 -4.103174501844933957e+02 -4.202703841549981121e+02 -9.025842235011275989e+03 1.851851851851851923e-03 3.843466107617050822e-04 3.335645985872825037e+01 5.000000000000000000e-01
1.042719061903292470e+02 -4.099014825137895741e+02 -4.205352929425961293e+02 -5.842935601905538533e+03 4.500984689663934876e-03 9.084556254367574671e-04 5.936960252390112203e+01 5.000000000000000000e-01
1.802565325204333746e+01 -3.932992088956585803e+02 -3.943265693867508617e+02 -5.535710866302234763e+02 1.056603773584905703e-01 3.171971285178832450e-02 9.591927801374630747e+01 5.000000000000000000e-01
2.118713818172392109e+02 -3.770829948389562105e+02 -4.181816465263997316e+02 -2.281702698528031397e+04 1.975732164411409843e-03 4.192872117400419079e-04 9.396914941557986367e+01 5.000000000000000000e-01
3.313082935362124886e+02 -4.211475731523964896e+02 -5.994455495488181214e+02 -5.529684631020236702e+04 1.210215361158757360e-03 2.350549520360841122e-04 1.132001546002228451e+02 5.000000000000000000e-01
1.710382954456495099e+02 -3.622787766300882595e+02 -4.195996799669880488e+02 -1.498263297289009461e+04 3.827584016263261332e-03 5.749317070071787014e-04 8.462926974515343659e+01 5.000000000000000000e-01
2.149163884354381935e+02 -4.190629221542875484e+02 -4.863450043604273105e+02 -2.350439894207579709e+04 1.553268534400609928e-03 3.112889905342735328e-04 6.570141036555986602e+01 5.000000000000000000e-01
1.640679890159726426e+02 -3.846458123050069844e+02 -4.250229830316341690e+02 -1.383787806317385730e+04 4.437456324248777347e-03 2.001143510577472865e-04 8.523599016974847586e+01 5.000000000000000000e-01
1.043806289364703161e+02 -4.145924914880299070e+02 -4.384926520840609783e+02 -5.854455151388929153e+03 9.846896639349470015e-03 5.368146877580840318e-04 5.437217875630143737e+01 5.000000000000000000e-01
8.160614579221005727e+01 -4.071039035469368628e+02 -4.290254698546833652e+02 -3.730971382675162658e+03 1.317260656883298409e-02 3.462295915126103584e-04 3.821866318635532167e+01 5.000000000000000000e-01
9.470759937153556507e+01 -3.595897811848372498e+02 -3.724752267942792514e+02 -4.838457796008759942e+03 1.366495140080045689e-02 2.363255193443872769e-03 1.099137958538948538e+02 5.000000000000000000e-01
2.059660086336345728e+02 -3.826701737275315622e+02 -4.397354077046511520e+02 -2.158287293442900773e+04 2.026554856743535780e-03 4.097579569277682676e-04 7.288990625212827013e+01 5.000000000000000000e-01
1.052971765121614993e+02 -4.078104575076483229e+02 -4.241818827520513651e+02 -5.944334892372984541e+03 9.713487071977637208e-03 1.699383774855473027e-03 9.519078439805598180e+01 5.000000000000000000e-01
2.648553445168774942e+02 -3.616838747707950574e+02 -6.196129683115653961e+02 -3.543047466617326427e+04 2.836541515786798837e-03 2.541134616606314809e-05 9.083976717835341219e+01 5.000000000000000000e-01
1.879851095838355661e+02 -3.777290142532420987e+02 -4.329756399482974416e+02 -1.803860284909090842e+04 2.817483006162251231e-03 4.542278127183787336e-04 7.543549201384516323e+01 5.000000000000000000e-01
1.859832552915059694e+02 -4.227594139656558809e+02 -4.669811955809522601e+02 -1.771272159517283580e+04 2.321961755924019984e-03 4.415221396353471951e-04 7.581642450034661351e+01 5.000000000000000000e-01
9.939314545751680896e+01 -3.928631134226911286e+02 -4.131064631960258566e+02 -5.327083909528241747e+03 1.646337589733816095e-02 4.192872117400419079e-04 6.577734763765064940e+01 5.000000000000000000e-01
5.113428212241819892e+01 -3.966858121574589404e+02 -4.037208014913766760e+02 -1.699045353710368317e+03 5.212184740486627138e-02 3.119242741884251449e-03 8.900239787768182964e+01 5.000000000000000000e-01
1.609876278324387044e+02 -4.026242799274951381e+02 -4.863298833080108921e+02 -1.335614798800281642e+04 1.113652245727717385e-02 7.305762022743154949e-05 7.649235186148121102e+01 5.000000000000000000e-01
1.427538264725070860e+02 -3.849792982992854036e+02 -4.232626956545158805e+02 -1.057082991919685446e+04 4.138873006797535135e-03 7.019884378374944113e-04 7.777443263813378849e+01 5.000000000000000000e-01
1.128093550996945993e+02 -4.269028663791453369e+02 -4.535622330509625044e+02 -6.783464231967497653e+03 9.977129788450543948e-03 5.844609618194523959e-04 9.282225782563659777e+01 5.000000000000000000e-01
2.169731228203601745e+02 -3.996025750491047006e+02 -4.951616354278156109e+02 -2.393245166454482751e+04 2.855600025411346009e-03 8.258687503970523044e-05 7.948391674154710529e+01 5.000000000000000000e-01
8.692365433097239702e+01 -3.971585118647681725e+02 -4.088797033421801075e+02 -4.169000710033076757e+03 2.069436503398767654e-02 2.090083222158693743e-03 1.140764694815428015e+02 5.000000000000000000e-01
1.160575046388220102e+02 -3.973533739735108270e+02 -4.435969889769716019e+02 -7.130472114719945239e+03 5.565084810367828920e-03 5.844609618194523959e-04 6.046738687673632029e+01 5.000000000000000000e-01
1.917011365650919288e+02 -4.065058983209787584e+02 -4.822654681570273851e+02 -1.876772620997216291e+04 1.483387332443936169e-03 6.352836541515786853e-05 3.505983876525063181e+01 5.000000000000000000e-01
1.608663315114553995e+02 -3.485496740775562330e+02 -4.056848855685877311e+02 -1.327826279067303949e+04 2.960421828346356758e-03 2.477606251191156778e-04 4.832699898486927736e+01 5.000000000000000000e-01
1.846651583377035593e+02 -3.964902574370737511e+02 -4.409592822782427675e+02 -1.744054884893303097e+04 2.102788895241725336e-03 3.716409376786735438e-04 6.350419687941229085e+01 5.000000000000000000e-01
2.639160525822454417e+01 -3.747188536417095861e+02 -3.774321012504439636e+02 -7.160311671849462982e+02 7.578616352201257567e-02 7.629756686360460345e-03 7.470648652409285262e+01 5.000000000000000000e-01
1.721613395674857827e+01 -3.554327829050241689e+02 -3.579467591793609813e+02 -4.995516914346993644e+02 6.392224128073184519e-02 1.174004192872117429e-02 4.428105450976853774e+01 5.000000000000000000e-01
2.482978883405809825e+02 -4.152466748993396095e+02 -4.680495960375720870e+02 -3.123080777628927535e+04 1.448446731465599397e-03 3.081125722635156346e-04 9.070328304716065304e+01 5.000000000000000000e-01
1.840692631635104135e+02 -3.770848342715515287e+02 -4.360132656064140519e+02 -1.731125401967645666e+04 2.398195794422209540e-03 4.605806492598945299e-04 6.820155988800208036e+01 5.000000000000000000e-01
1.105890348973850763e+02 -4.373469336936951208e+02 -4.687195291150454750e+02 -6.549637983739527954e+03 1.189886284225906941e-02 5.336382694873261336e-04 9.857534501161694607e+01 5.000000000000000000e-01
2.698288026658890715e+01 -3.681012145019625450e+02 -3.703297751860320091e+02 -7.277173757584074565e+02 7.787942316244203522e-02 1.076805793786925897e-02 8.531970432791631254e+01 5.000000000000000000e-01
1.095588930274757615e+02 -3.905629206236481537e+02 -4.062635499520949338e+02 -6.386767310258340331e+03 1.112381678419414183e-02 1.521504351693030947e-03 9.030079493438060467e+01 5.000000000000000000e-01
2.582369969967102179e+02 -4.100508301768103934e+02 -6.010143972494270201e+02 -3.374559059216519381e+04 2.633250746458293788e-03 5.399911060288418757e-05 1.069599175049590798e+02 5.000000000000000000e-01
4.911643545242426967e+01 -3.794193253712119258e+02 -3.836481037925121882e+02 -1.580122369676371136e+03 5.621307413760243815e-02 5.536497045931008595e-03 1.060810562235458434e+02 5.000000000000000000e-01
8.233041901570825871e+01 -4.114907962725968673e+02 -4.199718345207751895e+02 -3.796008487165960105e+03 1.082840988501365849e-02 1.721618702750778206e-03 6.623201890590947016e+01 5.000000000000000000e-01
1.589645070969558844e+02 -4.077372937990963351e+02 -4.655206248722521423e+02 -1.303392822828238604e+04 6.162251445270313342e-03 5.082269233212629482e-04 1.180496254136020582e+02 5.000000000000000000e-01
2.452992987402772087e+02 -4.319677319305357628e+02 -5.032257073658520312e+02 -3.050906876063447635e+04 9.719839908519154305e-04 2.032907693285051847e-04 5.579186207689105004e+01 5.000000000000000000e-01
2.912335748406619729e+01 -3.833142847292641022e+02 -3.878380134210210031e+02 -8.041357982288134281e+02 8.211994155390381356e-02 8.191982720284606695e-03 7.382914242793353310e+01 5.000000000000000000e-01
3.301778212092727927e+01 -4.103158067672297875e+02 -4.175402472437177721e+02 -9.539983514666689643e+02 4.418715456451305368e-02 3.767232069118861375e-03 4.988936790651391107e+01 5.000000000000000000e-01
1.706491012761276238e+02 -3.582979062173858438e+02 -4.092226287687208242e+02 -1.491358052915181725e+04 3.700527285432945838e-03 4.129343751985261658e-04 7.387242315377662294e+01 5.000000000000000000e-01
2.455610477412191415e+02 -4.058255328930600285e+02 -4.843169061584206929e+02 -3.054845119007665198e+04 1.565974207483641521e-03 3.208182453465472273e-04 9.277453730514463359e+01 5.000000000000000000e-01
8.762277731315732865e+01 -4.223133022659661719e+02 -4.373528783796836592e+02 -4.255237877077293888e+03 1.723524553713232793e-02 1.181627596721936384e-03 7.690273246041101629e+01 5.000000000000000000e-01
1.068460460216275365e+01 -3.795330736879895426e+02 -3.821609531074606707e+02 -4.328235958757766753e+02 2.024394892319420491e-01 3.021091417317832428e-02 3.984881254001958695e+01 5.000000000000000000e-01
6.069191448812020440e+01 -4.197753177147390033e+02 -4.262658399813910819e+02 -2.256749650636314982e+03 2.154246871228003221e-02 1.807381996061241348e-03 5.125777073237347281e+01 5.000000000000000000e-01
1.043319852033092054e+01 -3.816515708068620256e+02 -3.830877647391519645e+02 -4.337294284685943353e+02 1.390794739851343720e-01 3.866653960993583772e-02 5.282192270404551238e+01 5.000000000000000000e-01
2.371193125101306975e+02 -4.211858812505024048e+02 -5.050082160125271571e+02 -2.853122278857174751e+04 1.982085000952925422e-03 4.224636300107998061e-04 1.055350582606910308e+02 5.000000000000000000e-01
1.852240480247798615e+01 -3.931711732822066665e+02 -3.973908105603955505e+02 -5.604582484793770618e+02 1.785083539800521035e-01 2.244774791944603373e-02 1.148350199180685536e+02 5.000000000000000000e-01
9.351400729070219597e+01 -3.972908197540627953e+02 -4.285634649093419171e+02 -4.765750266052379629e+03 1.962708849501302449e-02 7.972809859602312480e-04 1.043289840933094723e+02 5.000000000000000000e-01
2.291260075097137303e+02 -3.749833161774452606e+02 -4.488615168932571464e+02 -2.661679050257396375e+04 1.067276538974652267e-03 2.223492789530525466e-04 6.329014729164617137e+01 5.000000000000000000e-01
1.754673136775284092e+02 -3.924327856249055912e+02 -4.650877023297099981e+02 -1.577907032237288149e+04 2.140905914490820114e-03 6.035194714439997714e-05 3.737166039862718492e+01 5.000000000000000000e-01
1.606878835208158307e+02 -4.094674872213667527e+02 -5.582021164430032059e+02 -1.331496342425305920e+04 1.194015627977892090e-02 7.305762022743154949e-05 1.026825986880839991e+02 5.000000000000000000e-01
8.958484642051288915e+01 -4.312487428784851318e+02 -4.485511050739963821e+02 -4.441624817999377228e+03 1.093323168794866837e-02 4.637570675306524281e-04 4.414671782721681836e+01 5.000000000000000000e-01
1.164469228919792840e+02 -3.818797203503858100e+02 -3.952206280522437964e+02 -7.157277738690977458e+03 9.154437456324248865e-03 8.608093513753891030e-04 8.387360307087816125e+01 5.000000000000000000e-01
1.358346774991149459e+02 -4.054632522030188397e+02 -4.258535578917623639e+02 -9.626829023781305295e+03 3.214535290006988177e-03 6.829299282129471307e-04 5.476015750286390471e+01 5.000000000000000000e-01
2.063756447685806563e+02 -3.757035442404001628e+02 -4.363373165281605566e+02 -2.165890888922143859e+04 1.502445842068483558e-03 7.941045676894733227e-05 4.076227905992185185e+01 5.000000000000000000e-01
9.531579963733662453e+01 -4.057039194730210738e+02 -4.244161244059142746e+02 -4.945325325215874727e+03 1.969379327869894003e-02 1.022806683184041693e-03 9.748170640232339679e+01 5.000000000000000000e-01
8.307779357832866651e+01 -3.638196167883801877e+02 -3.707272795112898507e+02 -3.808595861930927640e+03 1.117781589479702707e-02 1.207038942887999570e-03 5.252213285496841877e+01 5.000000000000000000e-01
9.492413253692595276e+01 -4.018918999558413248e+02 -4.227870214729635450e+02 -4.900975879208216611e+03 1.759735721999872854e-02 1.543739279588336125e-03 1.056013559738762666e+02 5.000000000000000000e-01
3.006967156158038392e+02 -3.887367758430278855e+02 -5.216616515955521436e+02 -4.558909103011819388e+04 1.003748173559494304e-03 8.576329331046311506e-05 6.877056310215772328e+01 5.000000000000000000e-01
1.278448785383998825e+02 -3.650336885976779513e+02 -3.886307346803509404e+02 -8.530069450449096621e+03 6.514833873324439063e-03 1.187980433263452181e-03 9.004628014551815340e+01 5.000000000000000000e-01
7.665550844405878195e+01 -4.094141882498511222e+02 -4.273632709214280680e+02 -3.341914047458042205e+03 1.483387332443936169e-02 1.016453846642525896e-03 5.575007551061523969e+01 5.000000000000000000e-01
1.243455793458599743e+02 -3.949968697335363004e+02 -4.180093578413873274e+02 -8.121153465423378293e+03 1.194968553459119578e-02 6.162251445270312692e-04 1.199199735770938844e+02 5.000000000000000000e-01
7.318015427130295336e+01 -3.742706715553302956e+02 -3.844418525821375852e+02 -3.045525129788705271e+03 1.106981767359125832e-02 6.670478368591576399e-04 4.084278489017014380e+01 5.000000000000000000e-01
3.443243497704467870e+01 -4.015563068929280917e+02 -4.085298349570453524e+02 -9.948693521091723824e+02 4.700146115240454864e-02 4.888507718696397802e-03 1.016223836362814126e+02 5.000000000000000000e-01
1.996673553367089085e+02 -4.385807008660226529e+02 -6.046248166130283153e+02 -2.037082576593475096e+04 6.146369353916523309e-03 6.035194714439997714e-05 1.031692963460707944e+02 5.000000000000000000e-01
1.331206774091528189e+02 -4.271861068355107705e+02 -4.537590472936359447e+02 -9.279995602371127461e+03 8.976558033161807434e-03 7.019884378374944113e-04 1.056413358993921747e+02 5.000000000000000000e-01
8.823717714171181115e+01 -3.860999246075700739e+02 -4.038102222452342858e+02 -4.275011297737752102e+03 1.318848866018677325e-02 5.685788704656629050e-04 5.354367198398643524e+01 5.000000000000000000e-01
2.169673334702394243e+02 -3.831182467011618655e+02 -5.237417620286373676e+02 -2.391760210798074695e+04 4.154755098151324301e-03 4.764627406136839801e-05 1.045122261049640571e+02 5.000000000000000000e-01
2.150233778610146089e+02 -4.415043431539124867e+02 -5.014828745671578645e+02 -2.355037018438751693e+04 1.794676322978209755e-03 2.731719712851788089e-04 6.812592070185759496e+01 5.000000000000000000e-01
1.215789128339379488e+02 -4.251128567657391386e+02 -4.387502185425951211e+02 -7.812235905817908133e+03 2.490311924274188262e-03 4.828155771551998171e-04 3.288112874856774681e+01 5.000000000000000000e-01
9.631757343046135134e+01 -3.787275209894470436e+02 -3.916852677632116979e+02 -5.010378172954094225e+03 1.233085572708214270e-02 1.048218029350104878e-03 6.682796142103741488e+01 5.000000000000000000e-01
9.998625916281845605e+01 -3.965190067313395730e+02 -4.464870414857149967e+02 -5.391745230179210012e+03 1.692395654659805543e-02 3.430531732418524602e-04 8.756902191488185849e+01 5.000000000000000000e-01
1.853058780248931328e+02 -4.054803942137415902e+02 -4.781942219914709540e+02 -1.757094020033029665e+04 3.960993583635092838e-03 7.623403849818944766e-05 7.376387122059766455e+01 5.000000000000000000e-01
6.899047217984568192e+01 -4.110322126505109850e+02 -4.146956270225402363e+02 -2.782122284887425394e+03 1.932215234102026627e-02 2.696779111873451318e-03 6.847292215856592179e+01 5.000000000000000000e-01
2.276728933493603790e+01 -3.790953079479108965e+02 -3.807516957494303256e+02 -6.340233346019302871e+02 7.574804650276348306e-02 1.658090337335620459e-02 7.590022240946224485e+01 5.000000000000000000e-01
2.167008018410326997e+02 -3.715810940029152221e+02 -4.364490745663609346e+02 -2.384531019391634982e+04 1.708913029667746613e-03 7.305762022743154949e-05 5.369165142523563361e+01 5.000000000000000000e-01
2.218036025397818776e+02 -4.232648089102306130e+02 -5.430687999298230579e+02 -2.501367705222088625e+04 2.576075217584651404e-03 5.717552887364207897e-05 7.844396625919429766e+01 5.000000000000000000e-01
3.556228983219053674e+01 -4.070552673087865401e+02 -4.107160351097344346e+02 -1.034298634837598456e+03 3.454672511276284802e-02 7.731402071024712219e-03 6.651326300245635537e+01 5.000000000000000000e-01
1.300272897020803953e+02 -4.012556526187587451e+02 -4.486057539292800129e+02 -8.851996403627272230e+03 1.521821993520106747e-02 2.159964424115367503e-04 8.755282449119535215e+01 5.000000000000000000e-01
2.835396348728167837e+01 -3.710996197325835055e+02 -3.732116677014342372e+02 -7.675313519581558239e+02 7.009084556254367715e-02 1.275014293882218396e-02 7.685261218567313790e+01 5.000000000000000000e-01
1.720010667976359855e+02 -3.986690068683563481e+02 -4.469859134588149345e+02 -1.518397714140981589e+04 2.382313703068419941e-03 4.923448319674734574e-04 6.554866419342485528e+01 5.000000000000000000e-01
6.412781508308066236e+01 -3.929521572269887884e+02 -4.040859611111804952e+02 -2.443814066617675053e+03 1.732736166698430752e-02 6.130487262562734794e-04 3.713897471791705129e+01 5.000000000000000000e-01
9.434791868054492170e+01 -4.190571967826907667e+02 -4.406823286596305138e+02 -4.863213398002919348e+03 2.271774347246045475e-02 1.045041611079346872e-03 1.196189862340975480e+02 5.000000000000000000e-01
2.376618420672395757e+02 -3.978319218272814624e+02 -4.620297874070960802e+02 -2.863168585006427384e+04 1.524680769963788736e-03 3.176418270757893291e-04 8.298638645665849367e+01 5.000000000000000000e-01
7.853508544139887704e+01 -3.791841488443948833e+02 -4.023464317240706691e+02 -3.455588031675812090e+03 6.168604281811829355e-03 7.559875484403786802e-04 3.225322603914350594e+01 5.000000000000000000e-01
6.885233202066194735e+01 -4.113491111827591453e+02 -4.269119527295706575e+02 -2.776961717538778430e+03 2.179975859221142120e-02 1.410329712216504619e-03 6.946790976116255933e+01 5.000000000000000000e-01
1.001468617878140144e+01 -3.826667786865777430e+02 -3.849544964018584778e+02 -4.319677084294274891e+02 1.711104758274569482e-01 4.704910742646591787e-02 7.502663799291744340e+01 5.000000000000000000e-01
1.752383668412680322e+02 -3.905322943157040640e+02 -4.861715041253549430e+02 -1.573700677149799776e+04 1.041547550981513325e-02 9.529254812273679602e-05 1.094899632348034970e+02 5.000000000000000000e-01
2.475802598905663388e+01 -4.134095114949233221e+02 -4.181749611448969972e+02 -7.190888727636092881e+02 4.610888761832158261e-02 1.441776253097007757e-02 7.518297433256230988e+01 5.000000000000000000e-01
1.658274537678665581e+02 -3.828587015454857578e+02 -4.199482205561348565e+02 -1.412360273217948452e+04 1.934438726891557058e-03 3.430531732418524602e-04 4.587587303062068145e+01 5.000000000000000000e-01
9.278032597519015212e+01 -4.361928187683918168e+02 -4.515460058494484201e+02 -4.734830866691626397e+03 1.161616161616161637e-02 9.656311543103996342e-04 5.809417123676961126e+01 5.000000000000000000e-01
5.238097576497364116e+01 -3.910807201738663252e+02 -4.076710219459571931e+02 -1.757089369771177189e+03 3.434343434343434254e-02 1.594561971920462496e-03 6.567472824931817854e+01 5.000000000000000000e-01
2.425794181637826057e+02 -4.106939568284287247e+02 -5.143923490393860902e+02 -2.982654615499724605e+04 2.645956419541325381e-03 7.623403849818944766e-05 1.045055658341193521e+02 5.000000000000000000e-01
9.647543779517600626e+01 -4.406860964130364096e+02 -4.714231495965915997e+02 -5.088139857342895993e+03 2.246363001079982116e-02 7.051648561082523095e-04 1.126570036924676117e+02 5.000000000000000000e-01
1.357670125154747041e+02 -3.980851667843363657e+02 -4.416613406669766277e+02 -9.609851242823206121e+03 1.034559430785845884e-02 7.051648561082523095e-04 9.875407281791648018e+01 5.000000000000000000e-01
1.810619814967995467e+01 -3.989688100761059104e+02 -4.050402795562080200e+02 -5.628743656225510676e+02 1.697001461152404522e-01 1.818499460008893981e-02 8.589156898353361669e+01 5.000000000000000000e-01
1.999591091132031409e+02 -4.109173917640657123e+02 -4.694466082779853764e+02 -2.039624240571508199e+04 2.782542405183914460e-03 5.844609618194523959e-04 1.052510916287386635e+02 5.000000000000000000e-01
6.572492763002000515e+01 -4.215217607643984934e+02 -4.327038831428175172e+02 -2.577678633666963833e+03 2.547487453147830386e-02 3.586176227685661504e-03 8.729361610861664644e+01 5.000000000000000000e-01
8.950623692658419372e+01 -4.020851856924552976e+02 -4.195074476882541035e+02 -4.404688530221963447e+03 1.384283082396290006e-02 7.242233657327996985e-04 5.595008833599217013e+01 5.000000000000000000e-01
2.413466164679643100e+02 -3.907295007623380343e+02 -4.300273798346059948e+02 -2.950975428138546340e+04 1.524680769963788736e-03 3.303475001588209218e-04 9.720520845491128625e+01 5.000000000000000000e-01
1.878803276899869275e+02 -4.207316213015149629e+02 -4.825442113222937337e+02 -1.806611159717270857e+04 3.598881900768693097e-03 5.304618512165682354e-04 1.028671500067386546e+02 5.000000000000000000e-01
4.753403897766288821e+01 -4.095072659789979070e+02 -4.179687832637296765e+02 -1.534725545593985544e+03 3.554094403151007026e-02 4.834508608093513425e-03 8.083352670663535378e+01 5.000000000000000000e-01
1.696789451763846657e+01 -3.639720810504595647e+02 -3.642061819923338817e+02 -5.040250261654398400e+02 1.454736039641700007e-01 3.149101073629375497e-02 1.064610914227953629e+02 5.000000000000000000e-01
3.107679155590026454e+01 -3.847883780864819983e+02 -3.894153202369786300e+02 -8.604415759853126247e+02 8.466742900705165331e-02 8.471507528111300867e-03 8.537311053900469915e+01 5.000000000000000000e-01
2.300605915908886345e+02 -4.118672915161106403e+02 -4.776959533794120603e+02 -2.686548253310756627e+04 1.537386443046820329e-03 3.271710818880630236e-04 7.187688615315323659e+01 5.000000000000000000e-01
1.019275079996778999e+02 -3.914902249447228542e+02 -4.290897018764019890e+02 -5.579610118646895899e+03 2.698684962835906295e-02 2.890540626389682998e-04 8.823351239044083627e+01 5.000000000000000000e-01
1.351876172668227696e+02 -3.979428808122785313e+02 -4.281913340315003893e+02 -9.530930511904580271e+03 9.230671494822437553e-03 5.272854329458103373e-04 9.241232131560589380e+01 5.000000000000000000e-01
1.550511441913783983e+02 -4.114563094190273773e+02 -4.873610807798402789e+02 -1.242815309347842049e+04 5.399911060288418649e-03 3.335239184295788199e-04 9.466237762304481862e+01 5.000000000000000000e-01
1.915937625358500611e+02 -3.937556631836480960e+02 -4.386946916259977911e+02 -1.874418821080498674e+04 2.032907693285051793e-03 2.159964424115367503e-04 5.540002362336787201e+01 5.000000000000000000e-01
1.858719046312881176e+02 -4.065656997526277223e+02 -4.687397367702709516e+02 -1.767352141678587577e+04 3.986404929801156023e-03 7.623403849818943681e-04 1.199589864143391793e+02 5.000000000000000000e-01
1.164729796867766431e+01 -4.075771077121567600e+02 -4.115674980832133087e+02 -4.768879628785010709e+02 1.196620290959913568e-01 4.719204624865002556e-02 7.919530444886487430e+01 5.000000000000000000e-01
4.837149135552388657e+01 -3.947798889007653429e+02 -3.991934566264216642e+02 -1.560464539295241138e+03 3.785655295089257466e-02 2.506194015627977861e-03 6.893028280777740235e+01 5.000000000000000000e-01
1.208279999974083267e+02 -4.309931752882400247e+02 -4.529836514553296638e+02 -7.722826671364044159e+03 6.518010291595197070e-03 5.622260339241471087e-04 5.150475731276716829e+01 5.000000000000000000e-01
5.517062834884029598e+01 -4.020527402067566527e+02 -4.030445203138417583e+02 -1.919043943621598373e+03 1.145098786608220523e-02 1.499269423797725768e-03 3.012155291387325917e+01 5.000000000000000000e-01
3.886502280804795362e+01 -4.367201633030508106e+02 -4.445309533832905231e+02 -1.191796842529016203e+03 1.571691760371005803e-02 3.125595578425767029e-03 3.227138843314836691e+01 5.000000000000000000e-01
1.693963043120544114e+02 -3.991097097791260353e+02 -4.393586132498164716e+02 -1.473928475178451663e+04 2.773013150371640874e-03 3.811701924909471841e-04 6.449714772393983253e+01 5.000000000000000000e-01
1.467485875304033129e+02 -3.917699989243281493e+02 -4.234898001958352438e+02 -1.115468351019686270e+04 1.026300743281875413e-02 3.367003367003367181e-04 1.149579955182486799e+02 5.000000000000000000e-01
9.974627274446673653e+01 -3.942642681574845938e+02 -4.064594415557942284e+02 -5.362884641485048633e+03 2.034813544247506684e-02 1.349977765072104662e-03 9.825649539598630611e+01 5.000000000000000000e-01
