# format=SNRtot_MF, evidence_inj-nofilter, occams, mass_in_solar, chi_inject]
7.184623166661195626e+01 2.577360041014891976e+03 2.185375770281430818e-02 7.997958604809772964e+01 3.946893975103596963e-01
5.942490536243444410e+01 1.762647075272961047e+03 2.884187789848167201e-03 6.014698389415130464e+01 1.467845983351549199e-01
3.768919825508960741e+01 7.033770888722071959e+02 8.083984499078837940e-03 7.104691244349930912e+01 5.856008213638750348e-01
5.963938567975450411e+01 1.773511485884824879e+03 1.474175719458738383e-02 4.095298385850241374e+01 6.924320490984618715e-02
4.745544470832012252e+01 1.120374749024194443e+03 6.518010291595197070e-03 5.631530980653000995e+01 1.925427573831548500e-01
3.841774930666780818e+01 7.338031632257626597e+02 2.890540626389682954e-02 4.951689159795907358e+01 3.276626838170297873e-01
3.179682816016579494e+01 4.982949282278705709e+02 2.097071342354361184e-02 1.066313862241802752e+02 4.980302576327585995e-01
5.331480848978644360e+01 1.415285035792132021e+03 1.353154183342862669e-03 6.811480549390989836e+01 7.995441630573406622e-01
2.968288788117720500e+01 4.388948026120641543e+02 2.886411282637697806e-02 4.615945997671630607e+01 4.675532745559288772e-01
3.710886342997981302e+01 6.896201174396005626e+02 8.744679499396480760e-02 1.171868134680522928e+02 3.304555210074952010e-01
3.990874962558812911e+01 7.934878982619603676e+02 1.869957435995171779e-02 4.490139894250719976e+01 2.826602099560176495e-01
3.156084579217048613e+01 4.935252577197422852e+02 6.686360459945365348e-03 4.937799227224066811e+01 7.648931579586757401e-01
1.998855599399548666e+01 1.969858241100370719e+02 3.189759227495076593e-02 5.182952063165702583e+01 5.919948518972831808e-01
7.739551041535685272e+01 2.990776193015752142e+03 2.172987739025475026e-02 3.857447182116267470e+01 9.242185562108985730e-02
4.626250456778034703e+01 1.064688889554943444e+03 6.006606950003176223e-03 5.014982316622928238e+01 7.427186252434316849e-01
4.103647381563916952e+01 8.344369834471262948e+02 4.532748872371514075e-03 3.847331754731441578e+01 7.061290386908296579e-01
4.768159570190438501e+01 1.130957302935733196e+03 1.045359252906422759e-02 7.678063102939876217e+01 6.978185816287284515e-01
3.012553840686250339e+01 4.505019068733474796e+02 1.432564640111809971e-02 3.838379429294580092e+01 1.279357575092193167e-01
1.033048957123394445e+02 5.330557004736036106e+03 3.373356203544882869e-03 1.189308582934817338e+02 7.811036208140973436e-01
5.098107823133801730e+01 1.293937543695619979e+03 1.834063909535607606e-02 7.374761372589674124e+01 5.771610758417351494e-01
5.921883104591616842e+01 1.749108942444848708e+03 3.047773330792198643e-02 1.063087647897251315e+02 2.827110300039414881e-01
5.882143183373776907e+01 1.721734711158035907e+03 1.492598945429134127e-02 7.082688055872712596e+01 3.665581074532355821e-01
4.948844692194106187e+01 1.218134942346495109e+03 5.949431421129534707e-03 5.595376731575457541e+01 4.715608303815211899e-01
7.702377731164290253e+01 2.959410068080289420e+03 2.477606251191156669e-03 1.066711836611113000e+02 6.999071489211955432e-01
6.394878197892629856e+01 2.039849028601303871e+03 5.552379137284797761e-03 4.870753166513893007e+01 7.965055740766270320e-01
5.570984269093119678e+01 1.544933404488715041e+03 8.220570484721427887e-03 7.365027005575134922e+01 5.464898305499735764e-01
6.341097943002295523e+01 2.002961417070152947e+03 2.194905025093704491e-03 8.888093272939948974e+01 7.179604810062720777e-01
2.026548146260476457e+01 1.973878054861684177e+02 3.154183342862588221e-03 4.091377930721053247e+01 7.986091166986647449e-01
8.899980727504117795e+01 3.952663150454067363e+03 4.351693030938313988e-04 1.188567314815223739e+02 8.900850294114937000e-01
4.507697508951520859e+01 1.012067651190990659e+03 1.578362238739597356e-02 6.660446347619983953e+01 1.206952142853802978e-01
5.393490410714626648e+01 1.450562905209326345e+03 2.255256972238104188e-02 8.029094983062368840e+01 3.005393602776085249e-01
3.627478543845606396e+01 6.532122618696810150e+02 1.624102661838510916e-02 5.742897337106732891e+01 1.831288860893853510e-01
2.161639094806358585e+01 2.270580045497972606e+02 3.600152468076996126e-02 8.041481308702769581e+01 5.141676856060104495e-01
6.194035367047660401e+01 1.913263249795302272e+03 1.785147068165936169e-03 6.882006893683590931e+01 8.804702475798670269e-01
7.053510693033584289e+01 2.482266660724679696e+03 1.947779683628740252e-02 1.151832728084848441e+02 3.930245703683199476e-02
5.393111271065914281e+01 1.449846412069855887e+03 3.017597357219998925e-04 9.534221637010169559e+01 9.450186320745210811e-01
6.661017140171948370e+01 2.212872933388518959e+03 9.224318658280923275e-03 3.500413575563312207e+01 1.078983724026547630e-01
3.409033495273676806e+01 5.744443612132545240e+02 6.680007623403850202e-03 5.998877448236391530e+01 7.461035366732658991e-01
7.417815780291374494e+01 2.742797842553264218e+03 2.042436948097325379e-03 8.244109574206575530e+01 8.566900320399849500e-01
6.130592663170970980e+01 1.873781823618870476e+03 9.373610317006543513e-03 1.058987402418718347e+02 6.808054852341670626e-01
2.260390878811874060e+01 2.517358014832031472e+02 1.213709421256591037e-02 7.749919807478264033e+01 7.312076489981490512e-01
3.522469226410293430e+01 6.166191173932156744e+02 5.047963915888444009e-02 1.036156396006178255e+02 1.705798306354933125e-01
6.019277277367157097e+01 1.804928542443571132e+03 1.663172606568832923e-02 1.070433071193392465e+02 2.344245281741281495e-01
6.739951476636184680e+01 2.267459602049898422e+03 1.514198589670287705e-02 8.099826814273902187e+01 6.588140857142752438e-01
4.628460146720621537e+01 1.063517844966720986e+03 7.979162696143828060e-03 7.662298678317969802e+01 5.704390260956491154e-01
4.927198961325682802e+01 1.209729811591108728e+03 8.592211422400101647e-03 8.854861362989458939e+01 2.067948826140431420e-02
1.889936696231200131e+01 1.765187585669208374e+02 8.117654532748871943e-02 6.417342222603980417e+01 3.881825683876860000e-01
5.344282244434023710e+01 1.425741348249519888e+03 2.360714058827266537e-02 4.160713729720503551e+01 9.253679770309279629e-02
2.987226875359013434e+01 4.442645771950631115e+02 1.824852296550409647e-02 9.020765978080004288e+01 7.344220238966632230e-01
2.188100996416501332e+01 2.360535811762612752e+02 2.440124515596213753e-02 3.177180984268153807e+01 4.013989969353770615e-01
5.457058845151313164e+01 1.476383005059388779e+03 1.238803125595578389e-04 3.334450358301882744e+01 9.426587013946032823e-01
6.357950701215840184e+01 2.019154109667360444e+03 2.262562734260847516e-02 8.539022219911655043e+01 2.157406282185451718e-01
6.551862006008180117e+01 2.138534744203380797e+03 1.857251762912140100e-02 3.313019723331738220e+01 3.630513362637844965e-01
2.431631134220246437e+01 2.887056566712241192e+02 4.469538148783432085e-02 4.753509025895693441e+01 5.610478499990648737e-01
5.520155681066819398e+01 1.513581045170681136e+03 1.022806683184041693e-03 7.187170748373142715e+01 8.831529302331899700e-01
6.796837713583377649e+01 2.299351874590029638e+03 1.048218029350104878e-03 4.390475406204070907e+01 8.713097307885633303e-01
5.539692764387551449e+01 1.525169702184820835e+03 8.036338225017470444e-04 7.885218937709618103e+01 8.901398582761733680e-01
3.596086190963114149e+01 6.459044705272276587e+02 2.748872371513880891e-02 1.166946194064451419e+02 3.961930188907882011e-02
2.815701903138150897e+01 3.934992126718001373e+02 3.527094847849564924e-02 9.283434753480688073e+01 5.186491979068194036e-01
2.350965399012951451e+01 2.737809058149848624e+02 2.282256527539546290e-02 3.197776706995463769e+01 5.746735768791534360e-01
8.242539187237319709e+01 3.392628898361494521e+03 1.829299282129470683e-02 9.242260042325168001e+01 7.519951727590589753e-03
5.341152188745214602e+01 1.419707624738545974e+03 1.718124642652944442e-02 7.417501631920379168e+01 6.406626732484209663e-01
8.464755475324632528e+01 3.574897364748037489e+03 3.548059208436566726e-03 9.427879566066862083e+01 7.060032000922018547e-01
6.704792515814850162e+01 2.245087032310042105e+03 4.011816275967219209e-03 8.388904944020532639e+01 6.585107265453434833e-01
2.195646101519002613e+01 2.341744100708228871e+02 1.430341147322279453e-02 3.290968847320950630e+01 5.212976738214272210e-01
1.795070327458984139e+01 1.567731140648432415e+02 7.877199669652500125e-02 6.109627770113343104e+01 1.132560378181439315e-01
3.729118150589135183e+01 6.915583102251493983e+02 1.914744933612858024e-02 3.869497562967211479e+01 5.178251374585722822e-01
1.670082279479392895e+01 1.386982869550325290e+02 4.547042754589924324e-02 3.419697785229476494e+01 4.133469707085785094e-02
6.303210846395010947e+01 1.981250401621945002e+03 2.323232323232323274e-02 9.960144733354098889e+01 5.071428224757570380e-01
2.503850326901786261e+01 3.075554803365270686e+02 7.375643224699828492e-03 3.023092995901660274e+01 5.576790836973173349e-01
4.542133289997295265e+01 1.021506738389880184e+03 1.442093894924083601e-03 1.145712372346473558e+02 8.732193428089422005e-01
5.794532530337894372e+01 1.669471429179973711e+03 1.284225906867416354e-02 3.522023162795929352e+01 6.193183336849266141e-01
5.140781308466429067e+01 1.319670090016850736e+03 2.088812654850390541e-02 4.835685174101421069e+01 1.380707839829092010e-01
2.732384435061642591e+01 3.603997464174337324e+02 3.557588463248840529e-04 6.520115866184883657e+01 9.457558208365802743e-01
6.356422351216353661e+01 2.013818723261625337e+03 2.109141731783241349e-03 9.606851063703017246e+01 8.590637461948651410e-01
6.258859415499835421e+01 1.951524707785417604e+03 1.178451178451178465e-02 5.734836924570466010e+01 5.411111232150004335e-01
6.652484608796272880e+01 2.206654472824101049e+03 2.249857061177815837e-02 4.730059748024713429e+01 9.580918348924924444e-02
5.670741491833588555e+01 1.602147491005794109e+03 8.677974715710565223e-03 7.538519372469153268e+01 4.120392014945043480e-01
4.433564177597165923e+01 9.783297652072717483e+02 3.858395273489612781e-02 3.433865551810507100e+01 3.489346230649573860e-02
6.573165019687242250e+01 2.157592434995168333e+03 4.691569785909408680e-02 1.064754447116409892e+02 8.824705781362211787e-02
3.374868755420826005e+01 5.634263872604983590e+02 2.326726383330156994e-02 3.504691900102405100e+01 5.866620541682781020e-01
1.626432005551903259e+01 1.300869082500739751e+02 1.633949558477860303e-02 9.007285441447987751e+01 5.892689662283127072e-01
5.806383791100152081e+01 1.678674256119159509e+03 2.232386760688647581e-02 6.577831683524578921e+01 2.980358824855374733e-01
7.387869563428714059e+01 2.723105470077727659e+03 1.819770027317197184e-02 7.710277414363818593e+01 3.345154887973941227e-01
2.427276770251629046e+01 2.897830791865642937e+02 1.298519789085826777e-02 3.574376489176680138e+01 2.279147709867510585e-01
4.142986567722798696e+01 8.490013182919763040e+02 2.982656756241661936e-03 6.317229473498464642e+01 7.750699528190199139e-01
6.643637942462511603e+01 2.200440149274480518e+03 1.108887618321580636e-02 8.008021917859343830e+01 6.603315815981534165e-01
9.099079531259840792e+01 4.130516729578238483e+03 5.939902166317260904e-04 1.102575419430123702e+02 9.287901403835194802e-01
9.549021283166128171e+01 4.553326293858637655e+03 6.540245219490502249e-03 1.047627646733222804e+02 7.325393063130293259e-01
3.597199253756195958e+01 6.428447491183483180e+02 5.390381805476145496e-03 3.404261003486295323e+01 8.041387260527247394e-01
3.151769704849801457e+01 4.877004927960587679e+02 9.789721110475827631e-03 4.873900897162563695e+01 2.327043678384036196e-01
1.755408995925884952e+01 1.500955512812330426e+02 2.040213455307795035e-02 3.495374892777074649e+01 2.958157922674347629e-01
6.296658875773626818e+01 1.974596474795021550e+03 2.579251635855409411e-03 7.772968641616856189e+01 8.559303042661674521e-01
6.178222349280557779e+01 1.902897124298584458e+03 2.698367321008830408e-02 5.420787264521888460e+01 1.782844468752502187e-01
3.076311829596265213e+01 4.673666134960168392e+02 1.589479702687249946e-02 9.002839519413615221e+01 6.677689871265066746e-01
9.412578557519501032e+01 4.422932418689605583e+03 1.486881392541769889e-02 1.078976747421492348e+02 4.714826889425888928e-02
1.078430722034956091e+02 5.812601598037327676e+03 4.878978463884124650e-03 1.081329713095781528e+02 7.508515461325905305e-01
6.767699817764513170e+01 2.286188180641424424e+03 4.470491074264659054e-02 9.800752010956206561e+01 4.541608485106641835e-01
4.803997706311833582e+01 1.149640379775256861e+03 1.224509243377167912e-02 1.172620525830749898e+02 6.294270921894445925e-01
4.415340697085951405e+01 9.695607428931618870e+02 1.015183279334222650e-02 5.728398278132938515e+01 7.240743098413316980e-01
1.017607699893151789e+02 5.173140045240637846e+03 2.666603138301251383e-02 9.990684460762381036e+01 3.017340156178046073e-01
5.674630526973709976e+01 1.603852763277543090e+03 2.916587256209897741e-02 4.064706528924756412e+01 3.582926265486249817e-01
3.658466143878104759e+01 6.634175946431998909e+02 2.466171145416428540e-02 4.524912009281609926e+01 4.946213486368342127e-01
4.370365552370437712e+01 9.485491788342189921e+02 1.380153738644304684e-02 4.528307739680556665e+01 5.768609559969651857e-01
3.908213644313344304e+01 7.566325734579136224e+02 1.693348580141032858e-02 1.091613691192235933e+02 3.734703300660096037e-01
6.511940730530099586e+01 2.115752917416022683e+03 5.337335620354488608e-02 9.600590854303921162e+01 5.675796851583320840e-02
5.429348859578224307e+01 1.469567465850818280e+03 1.040912267327361723e-02 6.070625246018482812e+01 3.924573702530729236e-01
6.967147223847206305e+01 2.419038990262963125e+03 6.387777142494124004e-03 7.465840691694398856e+01 5.296468972038546053e-01
5.774355538295934309e+01 1.661347648815788489e+03 3.663680833492154176e-02 4.536210666538198666e+01 1.235473445452366925e-01
3.724632983321159685e+01 6.884103462538273561e+02 2.760307477288609368e-02 9.927232698491449980e+01 3.760486542183710638e-03
5.998309344050737479e+01 1.789293360740125991e+03 3.684645194079156456e-04 4.650894198057135753e+01 9.397995449854796846e-01
1.496698168811377805e+01 1.057951325643471137e+02 1.989708404802744551e-02 3.289246202074802738e+01 1.970624835322239143e-01
7.200118075320095556e+01 2.587339591763497538e+03 2.880058446096181793e-02 1.085498758514099080e+02 6.315265425459084536e-01
2.561829718656118260e+01 3.248655601395964254e+02 3.655739787815259767e-02 7.385049914446392449e+01 4.045608585485525044e-01
3.636240188839190068e+01 6.564418991704234259e+02 2.112000508226923381e-02 8.567108065536285721e+01 3.652190511506696324e-02
4.579458721870832960e+01 1.043581724793443982e+03 1.474175719458738383e-02 3.661409601776335165e+01 5.933002315749444922e-01
4.220866687859117405e+01 8.856299842078224174e+02 1.550092116129851922e-03 5.163822418931222558e+01 8.655814210056268498e-01
4.261138425597552981e+01 8.998803262406828480e+02 5.348453084302141197e-02 4.998394395140789470e+01 1.934300223662568929e-02
4.631740147107796446e+01 1.065887231571361326e+03 1.960485356711771932e-02 8.925998360345246851e+01 3.443774742311617731e-01
1.661650953124891927e+01 1.334701716602012311e+02 2.897211104758274508e-02 6.724500699592086050e+01 6.146715318681076345e-01
2.377619470406034097e+01 2.800112883062396918e+02 3.880630201384918654e-02 3.309622743147088642e+01 5.772638788538443644e-02
8.236711314118696237e+01 3.388760645473060322e+03 3.083031573597611388e-02 9.164508904740463890e+01 4.516573881094841925e-01
7.979164227324247349e+01 3.174979724173232171e+03 1.029159519725557489e-03 7.607864354684484454e+01 8.044794042570240222e-01
4.576291472916335579e+01 1.042213823203254606e+03 5.495203608411155377e-03 4.029250198253711801e+01 7.915985653106433206e-01
8.803803415646228814e+01 3.866885366583767791e+03 7.877517311479575535e-04 5.606034000602355150e+01 8.284279965708046811e-01
6.368071111838838760e+01 2.022379558967895036e+03 1.731783241217203437e-02 1.077253770685099710e+02 4.058685246308124106e-01
9.153373411819281102e+01 4.179312171240255338e+03 3.440060987230798405e-03 1.047804731539839764e+02 8.752386271810215224e-01
1.069371559117200121e+02 5.708860382882660815e+03 9.370433898735785506e-04 9.680071677883164227e+01 8.953331949066321016e-01
6.220863576861403033e+01 1.932423065837147988e+03 7.912457912457912523e-03 1.156944954062337700e+02 4.386209049306884211e-02
6.492918332930391045e+01 2.105415255565491861e+03 4.286258814560701264e-02 9.767971949989957636e+01 2.000217693929858542e-01
6.941232196652286746e+01 2.404242483344191442e+03 1.216250555873197442e-02 1.054133559234579138e+02 1.181216740160023204e-01
1.348959464681495888e+02 9.088228791267578345e+03 3.716409376786735438e-04 1.030817405247317424e+02 9.115435712870606499e-01
3.429420136922947648e+01 5.796064580685372221e+02 2.005590496156534064e-02 6.271917149170980110e+01 4.334287401527191497e-01
7.244398425643254313e+01 2.613474055957609835e+03 7.315291277555428101e-03 1.140098636669441419e+02 6.390547853648418375e-01
4.175886222063967068e+01 8.702352358718512733e+02 6.465599390127692303e-02 8.574373569525775451e+01 1.439461698808295331e-01
3.149496651439832107e+01 4.909006380470343061e+02 2.967727590369099652e-02 1.083681182444187812e+02 2.965985089119712037e-01
5.588081437304342103e+01 1.553399220389728725e+03 1.230544438091607864e-02 3.707895344450908226e+01 6.247355032212438264e-01
6.489355691940329507e+01 2.100383112280923342e+03 1.899498125913220287e-03 6.114088615688908135e+01 8.381924143132261085e-01
8.826151995508786285e+01 3.884817942972316814e+03 8.862206975414522883e-04 9.289174597968532510e+01 9.044652373758118591e-01
3.633887056454231157e+01 6.543552156384050704e+02 1.638078902229845799e-02 9.452569995159740301e+01 5.871367698324988504e-01
3.372525389273034335e+01 5.659724473234812194e+02 3.682421701289625982e-02 4.243188066344490039e+01 2.469458869420060876e-01
4.129716026791846417e+01 8.457485404452056628e+02 1.176862969315799548e-02 8.326402314271551575e+01 6.986702550146530744e-01
5.656268071089100147e+01 1.590206153869466107e+03 3.926052982656756500e-03 7.818940151651223402e+01 7.682973025267830769e-01
3.140707106079790023e+01 4.891113466700959407e+02 1.188615716917603739e-02 7.100086202132831659e+01 6.329256503489173458e-01
4.988534796567560647e+01 1.237100450251293296e+03 1.162251445270313238e-02 4.397789377388196641e+01 6.045156076729299999e-01
4.341834011748212419e+01 9.386075407887017263e+02 2.443936217521123014e-02 7.898271398808883248e+01 4.415957374511411127e-01
4.271217684098120770e+01 9.067518248269084324e+02 3.289181119369798817e-02 9.582674996533229717e+01 6.478933761546871173e-01
4.670450952018190804e+01 1.085809597081051379e+03 4.049615653389238012e-02 6.818721485531824555e+01 3.316572612046905788e-01
4.801799585158703110e+01 1.150386580124264128e+03 6.357601168921923895e-02 8.391593488758130093e+01 4.840978234898200561e-01
4.367241138165007897e+01 9.484019828065818274e+02 3.446413823772314505e-02 5.656268015013838379e+01 5.280871380355294242e-01
5.282246135937102594e+01 1.390611300237256046e+03 6.376342036719395701e-02 1.166961199582831483e+02 4.323538530460806495e-01
2.108009931011994098e+01 2.154535196422539798e+02 2.639921224826885168e-02 4.984204067000469252e+01 5.865941633338362937e-01
4.553102253850355652e+01 1.034620663212522913e+03 4.837685026364271779e-02 6.051328263276956676e+01 2.233650810864348246e-01
5.785780770052620170e+01 1.665548620996858517e+03 5.098151324566419298e-03 1.189119273708592175e+02 7.932302044295468368e-01
5.496776145702028060e+01 1.505185265772908224e+03 1.884886601867733977e-02 8.896306961428174986e+01 6.315277809916888252e-01
3.832948393219670891e+01 7.293491212890091901e+02 9.138555364970459699e-03 5.861518054865624805e+01 6.279346035860323694e-01
7.744861118204178752e+01 2.991872658968414271e+03 1.422082459818308810e-02 9.724859859525169270e+01 5.058176777110485745e-01
3.676932313523708729e+01 6.724793984230527712e+02 5.120386252461724477e-03 4.454124314490879044e+01 5.844615545227154207e-01
2.690076625434218371e+01 3.605117434783129511e+02 5.260148656375071563e-02 3.282963066296889565e+01 1.551825647275769660e-01
2.338386685224576311e+01 2.706351719821962547e+02 6.621879169048980329e-02 6.062358366620127015e+01 5.083295587063076937e-01
2.215280077138499593e+01 2.423873471642926916e+02 1.348071914109650049e-01 6.371666996228145052e+01 3.548481648275809280e-02
5.399440445669767996e+01 1.452595799306526033e+03 2.858776443682104016e-03 6.338427494732408718e+01 7.285913713112814882e-01
3.072606785503934645e+01 4.702558024811248174e+02 2.659932659932659829e-02 4.017471605637221188e+01 2.825824465148156217e-01
5.634041268452471485e+01 1.586320065196329779e+03 3.203100184232259701e-02 7.662186852599326414e+01 3.146109090606384884e-01
4.507867828981483171e+01 1.012168452109584223e+03 7.053236770217902185e-02 7.707115633331426352e+01 7.470920616310951223e-02
7.737416912861471019e+01 2.986924659478031117e+03 2.080553967346420157e-03 4.496212080614713358e+01 9.049305052866325472e-01
2.536351697285182993e+01 3.192742867688102137e+02 3.022679626453211518e-02 1.021288883449985576e+02 7.622985258106247386e-01
5.260462214724468311e+01 1.379239936628333908e+03 1.327742837176799483e-03 9.860644380961225863e+01 8.825639188821088332e-01
4.623876517088446292e+01 1.065807879515851027e+03 1.031065370688012163e-02 5.835725736533692043e+01 4.497059920259811605e-01
2.648239862405099387e+01 3.463885139430940967e+02 3.823137030684200383e-02 6.668762405780854863e+01 5.581837398627862434e-01
4.212341749760435761e+01 8.839646319369667253e+02 1.153357474112191167e-02 1.159256453471650445e+02 5.271426738137752199e-01
5.889044868979480185e+01 1.731344716762337612e+03 1.744171272473159229e-02 9.667026766662597481e+01 6.895283447570205171e-02
3.973729074255276572e+01 7.861662225354575639e+02 8.407979162696144204e-03 4.070151728473582864e+01 8.019325806388408751e-01
1.696915899561019003e+01 1.422925627168802976e+02 1.062257798106854695e-01 6.914100953478725842e+01 9.970259995209725112e-02
7.959903786906211565e+01 3.162508410921267568e+03 2.382313703068419941e-02 1.158487581844339047e+02 2.582354943397107139e-01
3.031745391393215172e+01 4.531280594382859022e+02 3.589352645956419511e-03 4.027064657855615337e+01 8.652249176148908427e-01
6.753230760447500813e+01 2.277847469516294041e+03 7.483641445905597246e-03 4.554893372254878869e+01 5.662976465777066482e-01
3.372707167879646306e+01 5.649929883592576516e+02 1.468458166571374145e-02 4.723132972883792746e+01 1.328013759618402664e-02
3.787043929051809243e+01 7.106493105681927318e+02 1.482752048789784567e-02 6.502582982814502088e+01 2.566302971094681640e-01
8.198642142424253620e+01 3.357564234248834964e+03 1.241026618385109026e-02 7.120634968506017515e+01 5.721505973501658238e-01
6.359103230449740352e+01 2.019820624080583002e+03 1.964297058636681192e-02 1.049259138940138030e+02 5.293617202473818173e-01
6.746612926002669042e+01 2.271690639126230963e+03 2.090718505812845518e-02 6.864944699971064779e+01 3.655137939909302025e-01
6.003984305825471779e+01 1.794814128905279858e+03 2.677720602248904146e-03 5.399542188325774816e+01 6.963908462995339610e-01
8.474120993083170106e+01 3.585552520718467349e+03 1.694936789276411948e-02 7.772326297052333643e+01 5.329034751752645960e-01
5.368834793759623381e+01 1.435090655732265532e+03 7.435995171844228015e-03 6.380329078337359050e+01 4.020899288666540117e-01
7.302419890524141977e+01 2.660175842032423134e+03 1.897592274950765656e-02 1.079968199643662530e+02 4.480417649110374212e-01
6.093039589739705519e+01 1.850580701804638238e+03 1.568515342100247623e-02 4.471102866718484847e+01 9.598712139018869549e-02
8.265701013831493071e+01 3.411859999509058071e+03 1.696524998411790691e-02 1.057086595095490367e+02 5.346524654151505462e-01
2.816371296685307257e+01 3.913698111819376209e+02 3.036973508671621941e-02 9.940951545446148430e+01 3.145533330726150156e-01
4.249496007892685867e+01 8.974873796988522372e+02 5.933549329775744674e-02 1.102205576242825913e+02 4.045886441008447743e-01
4.352011607437896856e+01 9.427438498872224955e+02 3.077949304364398665e-03 3.827839352764138425e+01 6.797014917602832718e-01
6.294666362914128399e+01 1.980184946131933430e+03 2.400736929038815859e-02 5.608692831638157372e+01 5.936198783893741338e-01
2.718340808354395577e+01 3.673151596104704595e+02 1.350613048726256350e-02 7.201936534238625143e+01 6.984208928979019904e-01
2.748965145948492150e+01 3.748374809387286746e+02 3.835207420113080634e-02 9.311456416274867820e+01 4.063277784907594614e-01
4.491053742683041605e+01 1.004205637536829158e+03 4.691569785909408333e-03 3.869472548715793891e+01 2.232457371790926848e-01
1.025085041708224907e+02 5.250844241248672006e+03 8.055396734642018483e-03 8.378125896619422974e+01 5.653157308558154348e-01
3.412670030734587812e+01 5.773699725945045884e+02 1.746077123435613859e-02 7.078071351106474651e+01 1.431911200853137334e-01
6.150029669197518700e+01 1.885949055602097133e+03 1.598373673845372017e-02 7.642715054119967988e+01 4.956173434243626441e-01
3.644430614944124613e+01 6.573698294349289881e+02 4.431103487707261333e-03 1.074847106788375442e+02 8.506762750327974132e-01
6.360358948347118258e+01 2.017592562651964954e+03 1.699383774855473027e-03 3.483531414953384342e+01 8.452072285291721832e-01
