# format=SNRtot_MF, evidence_inj, evidence_filt, nofilter,         occams_inj,occams_filt, mass_in_solar, chi_inject]
6.754015834632410531e+01 -4.203880801204126101e+02 -4.289731564028277262e+02 -2.684287900806733887e+03 6.575185820468839454e-04 1.016453846642525924e-04 5.000000000000000000e+01 6.999999999999999556e-01
3.410208186905704508e+01 -4.106872636629999533e+02 -4.178580250670956389e+02 -9.880563520333422503e+02 2.105965313512483342e-03 4.637570675306524281e-04 5.000000000000000000e+01 6.999999999999999556e-01
6.335977259075841772e+01 -4.080073077221172184e+02 -4.181220588439307448e+02 -2.405156069199284957e+03 7.210469474620418004e-04 1.048218029350104770e-04 5.000000000000000000e+01 6.999999999999999556e-01
5.608895438956704282e+01 -4.064914635337172513e+02 -4.194634479334857247e+02 -1.968416598832772252e+03 7.941045676894733498e-04 1.111746394765262733e-04 5.000000000000000000e+01 6.999999999999999556e-01
1.629034902230150692e+02 -4.598627303063797740e+02 -4.987257750251346806e+02 -1.369835402022741073e+04 1.111746394765262733e-04 1.270567308303157404e-05 5.000000000000000000e+01 6.999999999999999556e-01
1.658691248166311141e+02 -4.359144080960151086e+02 -4.720141612532682984e+02 -1.414514054971748374e+04 1.143510577472841579e-04 1.270567308303157404e-05 5.000000000000000000e+01 6.999999999999999556e-01
7.557051822849757627e+01 -3.854189288432064018e+02 -3.992367670967441313e+02 -3.225606905130583527e+03 4.986976685089892537e-04 6.035194714439997714e-05 5.000000000000000000e+01 6.999999999999999556e-01
1.594532869798831314e+02 -4.387389569783044863e+02 -4.634013679016410947e+02 -1.312472203939083010e+04 1.270567308303157371e-04 1.270567308303157404e-05 5.000000000000000000e+01 6.999999999999999556e-01
1.058583075728658969e+02 -4.514198895329472521e+02 -4.679321409613918377e+02 -6.037965555229923666e+03 2.731719712851788089e-04 3.176418270757893426e-05 5.000000000000000000e+01 6.999999999999999556e-01
2.513256952726926485e+01 -3.973201543450897475e+02 -4.007343614685691477e+02 -7.072487581931941349e+02 4.539101708913030088e-03 1.588209135378946700e-03 5.000000000000000000e+01 6.999999999999999556e-01
1.544960496452889060e+02 -4.487812202909320263e+02 -4.748232834779410041e+02 -1.232330949581361892e+04 1.334095673718315334e-04 1.270567308303157404e-05 5.000000000000000000e+01 6.999999999999999556e-01
5.355790322909368939e+01 -4.220775848757589301e+02 -4.297148877276343342e+02 -1.844337121778075925e+03 9.973953370179785075e-04 1.683501683501683591e-04 5.000000000000000000e+01 6.999999999999999556e-01
1.288010196146196904e+02 -4.282643315298894322e+02 -4.466617927369320000e+02 -8.699527259202044661e+03 1.937615145162314902e-04 2.223492789530525331e-05 5.000000000000000000e+01 6.999999999999999556e-01
4.169639050732141783e+01 -3.950876905639196934e+02 -4.021901833404414219e+02 -1.258864868056205978e+03 1.521504351693030947e-03 2.954068991804840961e-04 5.000000000000000000e+01 6.999999999999999556e-01
1.376669801323051274e+02 -4.296074281132841293e+02 -4.494325871877198324e+02 -9.868543321982037014e+03 1.651737500794104609e-04 1.905850962454736191e-05 5.000000000000000000e+01 6.999999999999999556e-01
1.230808836659797549e+02 -4.247711959702538138e+02 -4.534250087435970045e+02 -7.980065925218947996e+03 1.905850962454735920e-04 1.905850962454736191e-05 5.000000000000000000e+01 6.999999999999999556e-01
2.511532115412080302e+01 -4.220703011089950110e+02 -4.234612269493193253e+02 -7.296969330666124733e+02 6.225779810685470872e-03 3.004891684136967115e-03 5.000000000000000000e+01 6.999999999999999556e-01
1.395383448911475455e+02 -4.527473139574466927e+02 -4.770360052209059063e+02 -1.015351535204279025e+04 1.651737500794104609e-04 1.588209135378946713e-05 5.000000000000000000e+01 6.999999999999999556e-01
9.367088192698210491e+01 -3.770766215332455999e+02 -3.972402211405590151e+02 -4.749814822988359992e+03 3.176418270757893291e-04 3.494060097833682566e-05 5.000000000000000000e+01 6.999999999999999556e-01
3.598106883499637831e+01 -4.172171833276826192e+02 -4.211353572320322201e+02 -1.057634641237503047e+03 2.252080553967346441e-03 5.717552887364208032e-04 5.000000000000000000e+01 6.999999999999999556e-01
1.611993731464188500e+02 -4.337106165703897318e+02 -4.635186552594535101e+02 -1.338226479551788725e+04 1.238803125595578389e-04 9.529254812273680957e-06 5.000000000000000000e+01 6.999999999999999556e-01
8.955186694799365910e+01 -4.189219812730876811e+02 -4.350464649291677688e+02 -4.407300194235949675e+03 3.557588463248840529e-04 4.129343751985261522e-05 5.000000000000000000e+01 6.999999999999999556e-01
6.898315028188808640e+01 -3.820514030844942681e+02 -3.867896234180091710e+02 -2.753525083337557135e+03 7.178705291912839022e-04 1.334095673718315334e-04 5.000000000000000000e+01 6.999999999999999556e-01
1.314398522341979287e+02 -4.140880848221515862e+02 -4.354252178830908520e+02 -9.022378543043627360e+03 1.810558414331999246e-04 1.905850962454736191e-05 5.000000000000000000e+01 6.999999999999999556e-01
1.439959844538369111e+02 -4.416859838863613845e+02 -4.756979669489021489e+02 -1.079438206460252150e+04 1.429388221841052008e-04 1.270567308303157404e-05 5.000000000000000000e+01 6.999999999999999556e-01
7.391390122350979652e+01 -4.163381458772389578e+02 -4.221516765314390796e+02 -3.136847717525327880e+03 6.130487262562734794e-04 1.016453846642525924e-04 5.000000000000000000e+01 6.999999999999999556e-01
1.205265168506596609e+02 -4.414454591206849159e+02 -4.573601188354349460e+02 -7.684322922414476125e+03 2.191728606822946485e-04 2.541134616606314809e-05 5.000000000000000000e+01 6.999999999999999556e-01
8.429439449817293450e+01 -4.181272098987832351e+02 -4.274944671463930490e+02 -3.947446515979922879e+03 4.446985579061050933e-04 6.035194714439997714e-05 5.000000000000000000e+01 6.999999999999999556e-01
8.171752961370904700e+01 -4.104462803734232921e+02 -4.189675682993051851e+02 -3.735439049758611418e+03 4.669334858014103262e-04 6.670478368591576670e-05 5.000000000000000000e+01 6.999999999999999556e-01
2.768082341529975565e+01 -3.974297136170164890e+02 -3.994968974181975341e+02 -7.722916743065210312e+02 4.529572454100756068e-03 1.858204688393367719e-03 5.000000000000000000e+01 6.999999999999999556e-01
7.368888733053680085e+01 -4.036661658094022869e+02 -4.079297076534650159e+02 -3.098593236609310225e+03 6.479893272346102509e-04 1.238803125595578389e-04 5.000000000000000000e+01 6.999999999999999556e-01
4.099241783763653046e+01 -4.004675237747921983e+02 -4.064282505297069861e+02 -1.232404986602434064e+03 1.626326154628041478e-03 3.303475001588209218e-04 5.000000000000000000e+01 6.999999999999999556e-01
1.006417522687432609e+02 -4.033541647247696460e+02 -4.153274679696517069e+02 -5.450673109924630808e+03 3.112889905342735328e-04 3.811701924909472383e-05 5.000000000000000000e+01 6.999999999999999556e-01
1.431295756817361564e+02 -4.036047648810104533e+02 -4.361331384479428266e+02 -1.060317035841318830e+04 1.461152404548630990e-04 1.270567308303157404e-05 5.000000000000000000e+01 6.999999999999999556e-01
1.198186606740180480e+02 -4.270710678287985615e+02 -4.382989814711184522e+02 -7.583040933630401923e+03 2.350549520360841122e-04 2.858776443682103948e-05 5.000000000000000000e+01 6.999999999999999556e-01
6.877903849881323595e+01 -4.211772022892313316e+02 -4.309588655598963101e+02 -2.770803530121037511e+03 6.130487262562734794e-04 8.893971158122101323e-05 5.000000000000000000e+01 6.999999999999999556e-01
1.079392573660499011e+02 -3.924864675413661530e+02 -4.072536696843901041e+02 -6.197491443430708387e+03 2.699955530144209650e-04 3.176418270757893426e-05 5.000000000000000000e+01 6.999999999999999556e-01
9.353098123460586777e+00 -3.913802841935818151e+02 -3.916364525346771757e+02 -4.336272423234717053e+02 4.105202973127501653e-02 4.143637634203672232e-02 5.000000000000000000e+01 6.999999999999999556e-01
1.551458270268831541e+02 -4.505224887793314110e+02 -4.738152913625023075e+02 -1.244718521779133152e+04 1.334095673718315334e-04 1.270567308303157404e-05 5.000000000000000000e+01 6.999999999999999556e-01
1.067323399887393833e+02 -3.984894014755166722e+02 -4.106578414506749368e+02 -6.066203240336907584e+03 2.827012260974525034e-04 3.494060097833682566e-05 5.000000000000000000e+01 6.999999999999999556e-01
1.145197714397143329e+02 -4.205417278631317117e+02 -4.372036282974754045e+02 -6.953948199333792218e+03 2.350549520360841122e-04 2.541134616606314809e-05 5.000000000000000000e+01 6.999999999999999556e-01
1.158656810742477319e+02 -4.381488698045074557e+02 -4.539795262216496781e+02 -7.131713356425213533e+03 2.382313703068420104e-04 2.858776443682103948e-05 5.000000000000000000e+01 6.999999999999999556e-01
1.571776215540534167e+02 -4.070706233731551720e+02 -4.430472063181746307e+02 -1.273299667744981343e+04 1.207038942887999543e-04 1.270567308303157404e-05 5.000000000000000000e+01 6.999999999999999556e-01
6.851527847552642925e+01 -4.352984719013177255e+02 -4.401119700609702363e+02 -2.768529455545967721e+03 7.273997840035575967e-04 1.365859856425894045e-04 5.000000000000000000e+01 6.999999999999999556e-01
2.536460032284427513e+01 -4.254940134888810235e+02 -4.279627566209743463e+02 -7.376580375722105600e+02 4.894860555237913816e-03 1.845499015310336126e-03 5.000000000000000000e+01 6.999999999999999556e-01
1.440366165005362120e+02 -4.640761604799179736e+02 -4.820099280349410833e+02 -1.080373452291492504e+04 1.588209135378946645e-04 1.905850962454736191e-05 5.000000000000000000e+01 6.999999999999999556e-01
1.324313098929207300e+01 -3.813583365685059903e+02 -3.837745816351459212e+02 -4.635951431510177372e+02 1.479575630519026734e-02 1.592020837303856004e-02 5.000000000000000000e+01 6.999999999999999556e-01
1.464336468337060637e+02 -4.333463716414833584e+02 -4.723853014901453662e+02 -1.112580105900203125e+04 1.334095673718315334e-04 1.270567308303157404e-05 5.000000000000000000e+01 6.999999999999999556e-01
9.684882636924274379e+01 -4.477871032408582437e+02 -4.629295588682840616e+02 -5.124934075452862089e+03 3.239946636173051254e-04 3.811701924909472383e-05 5.000000000000000000e+01 6.999999999999999556e-01
4.690193530589874626e+01 -4.139486575624952707e+02 -4.180868759651187929e+02 -1.504053534048958454e+03 1.445270313194841390e-03 3.176418270757893291e-04 5.000000000000000000e+01 6.999999999999999556e-01
7.987642146345514504e+01 -3.839139627259652343e+02 -3.937671627440292923e+02 -3.559554627470204196e+03 4.796391588844419189e-04 6.670478368591576670e-05 5.000000000000000000e+01 6.999999999999999556e-01
2.696953403585891351e+01 -4.308579762073989059e+02 -4.319840067698439725e+02 -7.886339387520262108e+02 5.749317070071787231e-03 2.960421828346356758e-03 5.000000000000000000e+01 6.999999999999999556e-01
5.606115624509371997e+01 -3.874730478007342640e+02 -3.917230148156970131e+02 -1.948491657448983915e+03 1.041865192808589082e-03 2.128200241407788521e-04 5.000000000000000000e+01 6.999999999999999556e-01
6.433456396948814415e+01 -4.091232058661699398e+02 -4.167258575566328318e+02 -2.463386680597606301e+03 7.273997840035575967e-04 1.143510577472841579e-04 5.000000000000000000e+01 6.999999999999999556e-01
5.303943849162702406e+01 -4.190750315827938266e+02 -4.320939211342877115e+02 -1.816292786493776703e+03 8.353980052093259176e-04 1.238803125595578389e-04 5.000000000000000000e+01 6.999999999999999556e-01
1.394234662849117399e+02 -4.238795562132296482e+02 -4.501438998265688838e+02 -1.011748881978568897e+04 1.556444952671367664e-04 1.588209135378946713e-05 5.000000000000000000e+01 6.999999999999999556e-01
4.304914769279766062e+01 -3.924010277337615094e+02 -3.948912766894811739e+02 -1.311088288301173861e+03 1.905850962454736083e-03 5.304618512165682354e-04 5.000000000000000000e+01 6.999999999999999556e-01
7.727346639020261421e+01 -3.932627743936271258e+02 -4.001073472442811294e+02 -3.360439397077210742e+03 5.399911060288419299e-04 8.258687503970523044e-05 5.000000000000000000e+01 6.999999999999999556e-01
1.652120294666001143e+02 -4.117710112579454176e+02 -4.504747185447362767e+02 -1.402933483343390071e+04 1.111746394765262733e-04 1.270567308303157404e-05 5.000000000000000000e+01 6.999999999999999556e-01
1.486694612810243257e+02 -4.669906671210626428e+02 -5.025739244339033007e+02 -1.148675419925963433e+04 1.365859856425894045e-04 1.270567308303157404e-05 5.000000000000000000e+01 6.999999999999999556e-01
7.172145866617513832e+01 -4.341183408978312741e+02 -4.417045607829188612e+02 -2.994277219878446431e+03 6.162251445270312692e-04 9.529254812273679602e-05 5.000000000000000000e+01 6.999999999999999556e-01
1.161763978333456606e+02 -4.393792754827441058e+02 -4.572807174775797989e+02 -7.158250647383654723e+03 2.255256972238104448e-04 2.541134616606314809e-05 5.000000000000000000e+01 6.999999999999999556e-01
1.240755935002800356e+02 -4.059577991993022010e+02 -4.342821670442793334e+02 -8.084273188981133899e+03 1.874086779747157210e-04 1.905850962454736191e-05 5.000000000000000000e+01 6.999999999999999556e-01
8.813386745227091978e+01 -4.278077915278707337e+02 -4.407617849844306761e+02 -4.299282334522526980e+03 3.843466107617050822e-04 4.764627406136839801e-05 5.000000000000000000e+01 6.999999999999999556e-01
1.700718368510677578e+02 -4.840113672532216356e+02 -5.168786644214228545e+02 -1.489780164469740339e+04 1.079982212057683751e-04 9.529254812273680957e-06 5.000000000000000000e+01 6.999999999999999556e-01
6.237419019098070549e+01 -4.062708389194979191e+02 -4.114737194162862579e+02 -2.337589256944479985e+03 8.481036782923575103e-04 1.588209135378946645e-04 5.000000000000000000e+01 6.999999999999999556e-01
6.913741447864529732e+01 -4.136467971507134962e+02 -4.178368666003639760e+02 -2.782144267007330200e+03 7.210469474620418004e-04 1.397624039133473026e-04 5.000000000000000000e+01 6.999999999999999556e-01
5.910039732747975449e+01 -4.100875127157990505e+02 -4.146861886370145953e+02 -2.145204222054203001e+03 9.243377167905469580e-04 1.810558414331999246e-04 5.000000000000000000e+01 6.999999999999999556e-01
1.000785494456386004e+02 -3.792645114187474178e+02 -3.889657281452684856e+02 -5.366627186469285334e+03 3.271710818880630236e-04 4.446985579061050662e-05 5.000000000000000000e+01 6.999999999999999556e-01
9.202583233459056089e+01 -4.167980675511972208e+02 -4.224078609450725708e+02 -4.636548150798877032e+03 4.129343751985261658e-04 6.988120195667365132e-05 5.000000000000000000e+01 6.999999999999999556e-01
2.203436100309255963e+01 -4.463240178579612802e+02 -4.479656856916138281e+02 -6.833736696566794535e+02 7.677402960421828709e-03 4.132520170256019122e-03 5.000000000000000000e+01 6.999999999999999556e-01
1.264001568149661097e+02 -4.794832132328164676e+02 -5.054146637348384843e+02 -8.437679383482967751e+03 1.842322597039578228e-04 1.905850962454736191e-05 5.000000000000000000e+01 6.999999999999999556e-01
7.339509544613198955e+01 -3.970989057010542638e+02 -4.088007175802740676e+02 -3.074689822944002572e+03 5.336382694873261336e-04 7.305762022743154949e-05 5.000000000000000000e+01 6.999999999999999556e-01
1.133495103903816528e+02 -4.395148089590919653e+02 -4.450184696836279272e+02 -6.840008362110616872e+03 2.858776443682104016e-04 4.446985579061050662e-05 5.000000000000000000e+01 6.999999999999999556e-01
1.286125430297090020e+02 -4.306356029596943245e+02 -4.495105922403948284e+02 -8.672991971673303851e+03 1.937615145162314902e-04 2.223492789530525331e-05 5.000000000000000000e+01 6.999999999999999556e-01
8.323717714229552200e+01 -4.077343210441323436e+02 -4.153544804822066681e+02 -3.857913447663139323e+03 4.764627406136840207e-04 6.988120195667365132e-05 5.000000000000000000e+01 6.999999999999999556e-01
9.165299543738555599e+01 -4.088370381127475071e+02 -4.201866854400406055e+02 -4.594457702605612212e+03 3.684645194079156456e-04 4.764627406136839801e-05 5.000000000000000000e+01 6.999999999999999556e-01
6.808228274405021807e+01 -4.369986530491434564e+02 -4.407794096669758233e+02 -2.739972413707810574e+03 7.655168032526522663e-04 1.556444952671367664e-04 5.000000000000000000e+01 6.999999999999999556e-01
5.794551578781975110e+01 -3.944758794180896189e+02 -4.044005033962119455e+02 -2.059628424031122904e+03 8.036338225017470444e-04 1.238803125595578389e-04 5.000000000000000000e+01 6.999999999999999556e-01
4.588289225705590013e+01 -4.171184459287492814e+02 -4.272000211189084666e+02 -1.459238473911830397e+03 1.181627596721936384e-03 1.937615145162314902e-04 5.000000000000000000e+01 6.999999999999999556e-01
1.185256605391191016e+02 -4.114145063826803721e+02 -4.435758973080203873e+02 -7.416048831786854862e+03 1.937615145162314902e-04 1.905850962454736191e-05 5.000000000000000000e+01 6.999999999999999556e-01
1.753857903224708821e+02 -4.312867054660963504e+02 -4.612843522892233068e+02 -1.576879126152850586e+04 1.079982212057683751e-04 9.529254812273680957e-06 5.000000000000000000e+01 6.999999999999999556e-01
1.677734924131091176e+01 -3.841892368318132753e+02 -3.857855626294904710e+02 -5.185179453228564626e+02 1.275331935709294283e-02 1.183851089511466816e-02 5.000000000000000000e+01 6.999999999999999556e-01
4.596364232342579470e+01 -4.125445884355585235e+02 -4.158606554612918558e+02 -1.460219297085325024e+03 1.619973318086525681e-03 3.970522838447366749e-04 5.000000000000000000e+01 6.999999999999999556e-01
1.376829797329664871e+02 -3.964649129311283104e+02 -4.335129128457559773e+02 -9.858489660288787491e+03 1.524680769963788953e-04 1.270567308303157404e-05 5.000000000000000000e+01 6.999999999999999556e-01
6.592072284768678969e+01 -3.842866658306854788e+02 -3.904287389356112499e+02 -2.550142225937303010e+03 7.369290388158312912e-04 1.238803125595578389e-04 5.000000000000000000e+01 6.999999999999999556e-01
1.225949748080875850e+02 -4.269980240666911300e+02 -4.410875340032017107e+02 -7.919949644791289757e+03 2.159964424115367503e-04 2.541134616606314809e-05 5.000000000000000000e+01 6.999999999999999556e-01
8.971586161481012311e+01 -4.290118281346906315e+02 -4.378875421428544428e+02 -4.430892935015906914e+03 4.002287021154945731e-04 5.399911060288418757e-05 5.000000000000000000e+01 6.999999999999999556e-01
8.615093756866976094e+01 -4.481093174996840958e+02 -4.534517271337122111e+02 -4.146430751229968337e+03 4.796391588844419189e-04 7.941045676894733227e-05 5.000000000000000000e+01 6.999999999999999556e-01
1.444332938680296365e+02 -4.542182669007810887e+02 -4.740116543329265824e+02 -1.084466596853771262e+04 1.492916587256209971e-04 1.588209135378946713e-05 5.000000000000000000e+01 6.999999999999999556e-01
7.259945610087191881e+01 -4.065910449828325568e+02 -4.139729101015889796e+02 -3.029858450626614740e+03 5.971666349024839886e-04 9.211612985197891140e-05 5.000000000000000000e+01 6.999999999999999556e-01
2.440836569635834863e+01 -4.598280588694893822e+02 -4.656811155237992352e+02 -7.521830740455784508e+02 3.668763102725367074e-03 1.156216250555873199e-03 5.000000000000000000e+01 6.999999999999999556e-01
4.393684785686416916e+01 -4.019143566340263192e+02 -4.062578454549397975e+02 -1.356850158476967636e+03 1.581856298837430903e-03 3.462295915126103584e-04 5.000000000000000000e+01 6.999999999999999556e-01
1.035727706461555471e+02 -4.141057743124899844e+02 -4.369327906525737717e+02 -5.761069350123537333e+03 2.636427164729051686e-04 2.858776443682103948e-05 5.000000000000000000e+01 6.999999999999999556e-01
1.117286962156506007e+02 -4.366132750038752306e+02 -4.464851747722897244e+02 -6.656067288832790837e+03 2.699955530144209650e-04 3.494060097833682566e-05 5.000000000000000000e+01 6.999999999999999556e-01
3.683643192336688799e+01 -4.205108408279843388e+02 -4.219440061857025626e+02 -1.092774901161386651e+03 2.957245410075598751e-03 1.095864303411473242e-03 5.000000000000000000e+01 6.999999999999999556e-01
1.324044920060553068e+02 -4.349487634315202627e+02 -4.499375381460694143e+02 -9.162164613206765353e+03 1.874086779747157210e-04 2.223492789530525331e-05 5.000000000000000000e+01 6.999999999999999556e-01
2.520061017685868165e+01 -4.161331398149358733e+02 -4.196684359522933505e+02 -7.276383761216292214e+02 4.424750651165745320e-03 1.400800457404231033e-03 5.000000000000000000e+01 6.999999999999999556e-01
1.380602252275733406e+02 -4.343258882951506052e+02 -4.489952078328662992e+02 -9.937354682311786746e+03 1.778794231624420265e-04 2.223492789530525331e-05 5.000000000000000000e+01 6.999999999999999556e-01
5.165704038367984907e+01 -4.220826985903586319e+02 -4.239445881602813984e+02 -1.751233467773996381e+03 1.470681659360904576e-03 4.319928848230735006e-04 5.000000000000000000e+01 6.999999999999999556e-01
1.697673964195059852e+02 -4.564602872424134148e+02 -4.775760651453934429e+02 -1.483910819113538673e+04 1.175274760180420561e-04 1.270567308303157404e-05 5.000000000000000000e+01 6.999999999999999556e-01
1.486800177693990861e+02 -4.168456350755513427e+02 -4.450625466021498937e+02 -1.144721745021605420e+04 1.397624039133473026e-04 1.270567308303157404e-05 5.000000000000000000e+01 6.999999999999999556e-01
4.657314152238621574e+01 -4.138029509570620235e+02 -4.243966036929195980e+02 -1.497265767471893923e+03 1.108569976494504835e-03 1.874086779747157210e-04 5.000000000000000000e+01 6.999999999999999556e-01
1.702443644123111426e+02 -4.359568978637776695e+02 -4.644971306053945455e+02 -1.487887834365021081e+04 1.079982212057683751e-04 1.270567308303157404e-05 5.000000000000000000e+01 6.999999999999999556e-01
1.740656951276657765e+02 -4.157287797620435867e+02 -4.497030665303319665e+02 -1.553087686939077685e+04 1.016453846642525924e-04 1.270567308303157404e-05 5.000000000000000000e+01 6.999999999999999556e-01
4.786588669679667873e+01 -4.182557096523682958e+02 -4.226957126889847700e+02 -1.553378999422870720e+03 1.403976875674988823e-03 3.049361539927577906e-04 5.000000000000000000e+01 6.999999999999999556e-01
4.984682775572409241e+01 -4.060553576998123617e+02 -4.081284308459764816e+02 -1.639188297301754119e+03 1.518327933422272940e-03 4.383457213645892969e-04 5.000000000000000000e+01 6.999999999999999556e-01
5.361343933162843456e+01 -4.008611737473674452e+02 -4.042831242571211874e+02 -1.827192961629217734e+03 1.191156851534209971e-03 2.668191347436630668e-04 5.000000000000000000e+01 6.999999999999999556e-01
8.958734163222874258e+01 -4.338178328137292397e+02 -4.431347285285042972e+02 -4.429385731559853411e+03 4.034051203862524713e-04 5.717552887364207897e-05 5.000000000000000000e+01 6.999999999999999556e-01
7.801338083328604966e+01 -4.276731732346597710e+02 -4.355125996305357603e+02 -3.458460989511976550e+03 5.241090146750524391e-04 7.623403849818944766e-05 5.000000000000000000e+01 6.999999999999999556e-01
1.267602760266908035e+02 -4.413603994999125462e+02 -4.578731292126129802e+02 -8.451787885767085754e+03 2.001143510577472865e-04 2.223492789530525331e-05 5.000000000000000000e+01 6.999999999999999556e-01
1.098925030348986951e+02 -4.580265458459577985e+02 -4.736077064240929531e+02 -6.477230856317017242e+03 2.604662982021472705e-04 2.858776443682103948e-05 5.000000000000000000e+01 6.999999999999999556e-01
1.990456407655646132e+01 -4.032724811292270033e+02 -4.086368247455358187e+02 -6.000849368122451324e+02 4.729686805158503544e-03 1.950320818245346441e-03 5.000000000000000000e+01 6.999999999999999556e-01
3.062564442883324389e+01 -4.379326793245442673e+02 -4.402797911281002712e+02 -8.979627412409982981e+02 3.735467886411282610e-03 1.197509688075725767e-03 5.000000000000000000e+01 6.999999999999999556e-01
9.979922955760014247e+01 -4.345049106213273831e+02 -4.572474007625798436e+02 -5.392593704435362270e+03 2.763483895559367071e-04 2.858776443682103948e-05 5.000000000000000000e+01 6.999999999999999556e-01
3.802624135591663190e+01 -3.732861033639564425e+02 -3.812782382620835051e+02 -1.092294570882810604e+03 1.648561082523346656e-03 3.239946636173051254e-04 5.000000000000000000e+01 6.999999999999999556e-01
6.906793782248081470e+01 -4.171719744907927065e+02 -4.225450530104221798e+02 -2.788917008037118194e+03 6.988120195667365132e-04 1.238803125595578389e-04 5.000000000000000000e+01 6.999999999999999556e-01
7.848937737144683524e+01 -4.092125319261730283e+02 -4.135601821961413975e+02 -3.472827591250274054e+03 5.749317070071787014e-04 1.048218029350104770e-04 5.000000000000000000e+01 6.999999999999999556e-01
3.675623335153922255e+01 -4.053094674061326259e+02 -4.061968957440693089e+02 -1.076395435043497855e+03 3.427355314147766813e-03 1.607267645003494089e-03 5.000000000000000000e+01 6.999999999999999556e-01
9.026948789159325770e+01 -3.855026232418304630e+02 -3.974635460878806725e+02 -4.442448101658279484e+03 3.843466107617050822e-04 4.764627406136839801e-05 5.000000000000000000e+01 6.999999999999999556e-01
1.134961017075071226e+02 -4.084683239833775019e+02 -4.254157564915176977e+02 -6.823978054745375630e+03 2.382313703068420104e-04 2.541134616606314809e-05 5.000000000000000000e+01 6.999999999999999556e-01
3.555182694908848617e+01 -3.900686343590711544e+02 -3.911359896708698898e+02 -1.022023811651556343e+03 3.525824280541261548e-03 1.527857188234546743e-03 5.000000000000000000e+01 6.999999999999999556e-01
1.622316683503574950e+02 -4.174981772897975816e+02 -4.553218923889975258e+02 -1.354186855303099219e+04 1.175274760180420561e-04 1.270567308303157404e-05 5.000000000000000000e+01 6.999999999999999556e-01
7.080360260630875757e+01 -4.345904304861878131e+02 -4.425349721765662139e+02 -2.934957283492107308e+03 6.066958897147576831e-04 9.211612985197891140e-05 5.000000000000000000e+01 6.999999999999999556e-01
1.382977295575231551e+02 -3.908686401179413679e+02 -4.184448671629675118e+02 -9.927138499817872798e+03 1.588209135378946645e-04 1.588209135378946713e-05 5.000000000000000000e+01 6.999999999999999556e-01
1.455031236875373395e+02 -4.461203786833660274e+02 -4.627518657104033650e+02 -1.099929978131030293e+04 1.588209135378946645e-04 1.905850962454736191e-05 5.000000000000000000e+01 6.999999999999999556e-01
1.321302137300274921e+02 -4.112671115373756834e+02 -4.253012138720636699e+02 -9.118625331805642418e+03 1.905850962454735920e-04 2.223492789530525331e-05 5.000000000000000000e+01 6.999999999999999556e-01
9.715905469550349949e+00 -4.159589425106023555e+02 -4.167589841748225012e+02 -4.589142521732787827e+02 3.054443809160790196e-02 2.962962962962963076e-02 5.000000000000000000e+01 6.999999999999999556e-01
1.215166740228363835e+02 -4.216873710187776396e+02 -4.403669411562972300e+02 -7.785145967480154468e+03 2.096436058700209540e-04 2.223492789530525331e-05 5.000000000000000000e+01 6.999999999999999556e-01
8.411952250163469103e+01 -3.975624362852868217e+02 -4.111862817107054298e+02 -3.919261772155051858e+03 4.161107934692840097e-04 5.082269233212629618e-05 5.000000000000000000e+01 6.999999999999999556e-01
7.778151480498222270e+01 -4.198661301490328128e+02 -4.327127349019575604e+02 -3.429477834151874958e+03 4.764627406136840207e-04 6.035194714439997714e-05 5.000000000000000000e+01 6.999999999999999556e-01
8.674998524477051376e+01 -3.950420940253372351e+02 -3.980079271226516084e+02 -4.139059606803893985e+03 5.082269233212629482e-04 1.079982212057683751e-04 5.000000000000000000e+01 6.999999999999999556e-01
4.592977574910458571e+01 -3.859879831652139046e+02 -3.931992521194830488e+02 -1.432633968999102535e+03 1.267390890032399527e-03 2.445842068483577796e-04 5.000000000000000000e+01 6.999999999999999556e-01
8.173933609034476433e+01 -4.413711434898991683e+02 -4.461718559506446127e+02 -3.767538428384402323e+03 5.241090146750524391e-04 9.529254812273679602e-05 5.000000000000000000e+01 6.999999999999999556e-01
1.181958475626025091e+02 -4.140979014412261563e+02 -4.409730492849297434e+02 -7.381957023979625774e+03 2.064671875992630829e-04 1.905850962454736191e-05 5.000000000000000000e+01 6.999999999999999556e-01
1.521969022152620425e+02 -4.474703677581840111e+02 -4.733755626683548599e+02 -1.200036133706573492e+04 1.397624039133473026e-04 1.270567308303157404e-05 5.000000000000000000e+01 6.999999999999999556e-01
1.406391993084889691e+02 -4.264602238270072689e+02 -4.581596095498773025e+02 -1.028992843364566579e+04 1.492916587256209971e-04 1.270567308303157404e-05 5.000000000000000000e+01 6.999999999999999556e-01
9.391863743362483774e+01 -4.392702058157478291e+02 -4.610633115659569512e+02 -4.830509154264032077e+03 3.081125722635156346e-04 3.176418270757893426e-05 5.000000000000000000e+01 6.999999999999999556e-01
1.098293829940000599e+01 -3.796388533391090050e+02 -3.819514701999496538e+02 -4.350773478441582256e+02 1.678737056095546548e-02 2.144717616415729722e-02 5.000000000000000000e+01 6.999999999999999556e-01
1.156860814025708351e+02 -4.170500773182914713e+02 -4.317489769196445764e+02 -7.083412325140794565e+03 2.382313703068420104e-04 2.858776443682103948e-05 5.000000000000000000e+01 6.999999999999999556e-01
1.695144839418582592e+02 -4.603433206313920323e+02 -4.880758631131006950e+02 -1.479611031970083604e+04 1.111746394765262733e-04 9.529254812273680957e-06 5.000000000000000000e+01 6.999999999999999556e-01
6.084519979304609905e+01 -4.377821802562907578e+02 -4.426870686597764006e+02 -2.271067546615049196e+03 8.830442792706943902e-04 1.683501683501683591e-04 5.000000000000000000e+01 6.999999999999999556e-01
9.935699700795059641e+01 -4.364660667380259156e+02 -4.506553219468418661e+02 -5.350725834600645612e+03 3.112889905342735328e-04 3.811701924909472383e-05 5.000000000000000000e+01 6.999999999999999556e-01
1.123936914225196482e+01 -3.789790473943106690e+02 -3.788106702313144751e+02 -4.395033465978551703e+02 2.707578933994028367e-02 3.110666412553204918e-02 5.000000000000000000e+01 6.999999999999999556e-01
7.551922112228645290e+01 -3.959330741521123969e+02 -4.027816056740760473e+02 -3.235320715455943628e+03 5.717552887364208032e-04 8.893971158122101323e-05 5.000000000000000000e+01 6.999999999999999556e-01
9.245730216501375764e+01 -4.456248528887501266e+02 -4.669804838454575702e+02 -4.697491298771610673e+03 3.208182453465472273e-04 3.494060097833682566e-05 5.000000000000000000e+01 6.999999999999999556e-01
1.633577264203698007e+02 -4.367031169248837159e+02 -4.873483501977903529e+02 -1.375496318530374447e+04 1.048218029350104770e-04 9.529254812273680957e-06 5.000000000000000000e+01 6.999999999999999556e-01
1.660889812626785158e+02 -3.952933518520650864e+02 -4.331292646372495483e+02 -1.414579604037642639e+04 1.143510577472841579e-04 9.529254812273680957e-06 5.000000000000000000e+01 6.999999999999999556e-01
1.686592729468508480e+02 -4.285088387576045079e+02 -4.576291533152877378e+02 -1.460834683384988057e+04 1.143510577472841579e-04 9.529254812273680957e-06 5.000000000000000000e+01 6.999999999999999556e-01
3.308404378979646054e+01 -3.957818336629221108e+02 -3.967590649828803748e+02 -9.392987526262083975e+02 3.887935963407661722e-03 1.794676322978209755e-03 5.000000000000000000e+01 6.999999999999999556e-01
1.900699172474768872e+01 -4.123154937818590042e+02 -4.132032066873683789e+02 -5.907997602252141860e+02 1.159710310653706833e-02 1.080299853884759617e-02 5.000000000000000000e+01 6.999999999999999556e-01
7.962936374072729961e+01 -4.214707372200321061e+02 -4.276181431145151350e+02 -3.569141289541973492e+03 5.336382694873261336e-04 8.893971158122101323e-05 5.000000000000000000e+01 6.999999999999999556e-01
9.767865844513379159e+01 -4.490281960251549549e+02 -4.597251179339050964e+02 -5.200167716493556327e+03 3.430531732418524602e-04 4.446985579061050662e-05 5.000000000000000000e+01 6.999999999999999556e-01
1.609067413863973854e+02 -4.411002283275979607e+02 -4.712347315712486306e+02 -1.336128061768876978e+04 1.238803125595578389e-04 1.270567308303157404e-05 5.000000000000000000e+01 6.999999999999999556e-01
1.192928092170261465e+02 -4.236911537137387427e+02 -4.405456857764042979e+02 -7.511687287382467730e+03 2.223492789530525466e-04 2.541134616606314809e-05 5.000000000000000000e+01 6.999999999999999556e-01
7.082404683586848648e+01 -3.900010313108923583e+02 -3.980358271341284535e+02 -2.888505434992851406e+03 6.194015627977891673e-04 9.211612985197891140e-05 5.000000000000000000e+01 6.999999999999999556e-01
9.224755172770854017e+01 -3.965664170006915015e+02 -4.052924786787003768e+02 -4.634086590634071399e+03 3.843466107617050822e-04 5.399911060288418757e-05 5.000000000000000000e+01 6.999999999999999556e-01
1.759688760621616410e+01 -4.128240587040168634e+02 -4.135676682865573639e+02 -5.643716822376949267e+02 1.444635029540689876e-02 1.426211803570294132e-02 5.000000000000000000e+01 6.999999999999999556e-01
6.556976838524916218e+01 -4.070404446414414679e+02 -4.144713014512222458e+02 -2.550957527531646065e+03 7.432818753573470875e-04 1.175274760180420561e-04 5.000000000000000000e+01 6.999999999999999556e-01
9.886048993873554025e+01 -4.064090698019256251e+02 -4.207182681033756921e+02 -5.276825176363224273e+03 3.176418270757893291e-04 3.494060097833682566e-05 5.000000000000000000e+01 6.999999999999999556e-01
8.027518539229910743e+01 -4.204742408321144467e+02 -4.273523417259244184e+02 -3.632646199449756296e+03 5.018740867797471519e-04 7.623403849818944766e-05 5.000000000000000000e+01 6.999999999999999556e-01
6.999019026483713901e+01 -4.043838493479405543e+02 -4.082804086300905624e+02 -2.849199937256389148e+03 7.273997840035575967e-04 1.429388221841052008e-04 5.000000000000000000e+01 6.999999999999999556e-01
1.128915869947754231e+02 -4.031719137973132092e+02 -4.267120879504980167e+02 -6.757049122806150081e+03 2.350549520360841122e-04 2.223492789530525331e-05 5.000000000000000000e+01 6.999999999999999556e-01
1.448279783302218107e+02 -4.366727614383150922e+02 -4.776828067015828765e+02 -1.089017574054274519e+04 1.334095673718315334e-04 1.270567308303157404e-05 5.000000000000000000e+01 6.999999999999999556e-01
6.043868180465703688e+01 -3.777169294385003582e+02 -3.845822746531305825e+02 -2.193654820740283867e+03 8.226923321262944334e-04 1.397624039133473026e-04 5.000000000000000000e+01 6.999999999999999556e-01
1.167626488526004920e+02 -3.948656695379609687e+02 -4.060267436233604030e+02 -7.193724205878939756e+03 2.414077885775999085e-04 2.858776443682103948e-05 5.000000000000000000e+01 6.999999999999999556e-01
8.252502149981377499e+01 -4.277215379032189730e+02 -4.325854527083004655e+02 -3.817741135694740933e+03 5.209325964042945409e-04 9.211612985197891140e-05 5.000000000000000000e+01 6.999999999999999556e-01
8.399027806029982912e+01 -4.578612606858988556e+02 -4.671312561295704882e+02 -3.968010478576233254e+03 4.478749761768629914e-04 6.352836541515786853e-05 5.000000000000000000e+01 6.999999999999999556e-01
4.013861375811170973e+01 -4.406350159597849938e+02 -4.478875044719294465e+02 -1.239697908781197157e+03 1.578679880566673114e-03 3.176418270757893291e-04 5.000000000000000000e+01 6.999999999999999556e-01
9.970428473640106404e+01 -4.389783115992352691e+02 -4.463869258128318052e+02 -5.393433499020332420e+03 3.430531732418524602e-04 5.082269233212629618e-05 5.000000000000000000e+01 6.999999999999999556e-01
6.140741997489124060e+01 -3.966090429079874866e+02 -4.009364243719723504e+02 -2.269590794815037953e+03 8.957499523537259829e-04 1.778794231624420265e-04 5.000000000000000000e+01 6.999999999999999556e-01
3.187972860722227253e+01 -4.120964179214729484e+02 -4.181529097249751885e+02 -9.115200849910205534e+02 2.382313703068419941e-03 5.622260339241471087e-04 5.000000000000000000e+01 6.999999999999999556e-01
1.717448145579679988e+02 -4.464464054795381003e+02 -4.947108022103199687e+02 -1.515009653967081067e+04 9.846896639349469419e-05 9.529254812273680957e-06 5.000000000000000000e+01 6.999999999999999556e-01
1.119339164532171225e+02 -4.503503848075863516e+02 -4.633431879297041291e+02 -6.697183100441058741e+03 2.604662982021472705e-04 3.176418270757893426e-05 5.000000000000000000e+01 6.999999999999999556e-01
1.313006454503222358e+02 -4.265160693485593697e+02 -4.586112088764473924e+02 -9.013812256000361231e+03 1.651737500794104609e-04 1.588209135378946713e-05 5.000000000000000000e+01 6.999999999999999556e-01
9.700773825631588920e+01 -4.368072569310146491e+02 -4.483000983587235737e+02 -5.116854450568295761e+03 3.398767549710946163e-04 4.446985579061050662e-05 5.000000000000000000e+01 6.999999999999999556e-01
4.464433381685786628e+01 -4.266911904237605881e+02 -4.309483161849275916e+02 -1.410782043897451103e+03 1.569150625754399311e-03 3.494060097833682566e-04 5.000000000000000000e+01 6.999999999999999556e-01
1.314037055397857614e+02 -4.615759207353368083e+02 -4.971548610375247677e+02 -9.074495144627682748e+03 1.619973318086525627e-04 1.588209135378946713e-05 5.000000000000000000e+01 6.999999999999999556e-01
4.761736382833813508e+01 -4.218906627041923230e+02 -4.272419900265824708e+02 -1.545303707051890797e+03 1.295978654469220502e-03 2.636427164729051686e-04 5.000000000000000000e+01 6.999999999999999556e-01
2.693157980666042661e+01 -4.221613087294863362e+02 -4.235418067045830526e+02 -7.791396302796740656e+02 5.758846324884060383e-03 2.665014929165872553e-03 5.000000000000000000e+01 6.999999999999999556e-01
4.105173689637214096e+01 -4.069467391017064415e+02 -4.089123425803448981e+02 -1.236191846233194838e+03 2.233022044342799269e-03 7.115176926497681058e-04 5.000000000000000000e+01 6.999999999999999556e-01
6.004245303527014954e+01 -4.396670455874418622e+02 -4.428716235775542032e+02 -2.229617127100339985e+03 9.910425004764627111e-04 2.223492789530525466e-04 5.000000000000000000e+01 6.999999999999999556e-01
4.359914915187776785e+01 -4.040672193610259910e+02 -4.109418787872202188e+02 -1.347866376782012594e+03 1.464328822819388779e-03 2.795248078266946053e-04 5.000000000000000000e+01 6.999999999999999556e-01
6.480486280862481863e+01 -4.066499142667206002e+02 -4.128061312281762980e+02 -2.491495934358091745e+03 7.591639667111364700e-04 1.302331491010736352e-04 5.000000000000000000e+01 6.999999999999999556e-01
1.251080781485411535e+02 -4.371847458979108865e+02 -4.472932581365845408e+02 -8.239697068607254550e+03 2.223492789530525466e-04 2.858776443682103948e-05 5.000000000000000000e+01 6.999999999999999556e-01
1.592297907466009121e+02 -4.167015553175111222e+02 -4.464787511001509870e+02 -1.306053467416157582e+04 1.238803125595578389e-04 1.270567308303157404e-05 5.000000000000000000e+01 6.999999999999999556e-01
1.404502996760973303e+02 -4.584681201594561912e+02 -4.866040991994576075e+02 -1.029026836545678270e+04 1.556444952671367664e-04 1.588209135378946713e-05 5.000000000000000000e+01 6.999999999999999556e-01
1.597526706034819881e+02 -4.142272837689105813e+02 -4.473226135022451331e+02 -1.313827980639044290e+04 1.175274760180420561e-04 1.270567308303157404e-05 5.000000000000000000e+01 6.999999999999999556e-01
1.595425895847400852e+02 -4.343622670106512373e+02 -4.639891233477567880e+02 -1.313159316857570047e+04 1.238803125595578389e-04 1.270567308303157404e-05 5.000000000000000000e+01 6.999999999999999556e-01
1.800253438522372917e+01 -3.905556235026103877e+02 -3.921336436817872482e+02 -5.475208369028664492e+02 1.074899942824471093e-02 7.626580268089702339e-03 5.000000000000000000e+01 6.999999999999999556e-01
1.569483770366599060e+02 -4.341992653576739940e+02 -4.666884685221892255e+02 -1.271935730743361273e+04 1.238803125595578389e-04 1.270567308303157404e-05 5.000000000000000000e+01 6.999999999999999556e-01
3.954502689155609119e+01 -4.325526782427818944e+02 -4.367563325679378181e+02 -1.207365853030147719e+03 1.915380217267009669e-03 4.542278127183787336e-04 5.000000000000000000e+01 6.999999999999999556e-01
1.142539184765922187e+02 -4.275482664379606490e+02 -4.511639251013229455e+02 -6.931235253618842762e+03 2.255256972238104448e-04 2.541134616606314809e-05 5.000000000000000000e+01 6.999999999999999556e-01
1.703741191405371467e+02 -4.528437463322515555e+02 -4.953592359044475302e+02 -1.493168064540618252e+04 1.016453846642525924e-04 1.270567308303157404e-05 5.000000000000000000e+01 6.999999999999999556e-01
8.561939029472374330e+01 -4.147750544353556847e+02 -4.211572631198283716e+02 -4.066510958102308450e+03 4.605806492598945299e-04 7.305762022743154949e-05 5.000000000000000000e+01 6.999999999999999556e-01
5.187037854943552873e+01 -4.266432727906724267e+02 -4.366918902344345952e+02 -1.764470688038467188e+03 9.148084619782732635e-04 1.492916587256209971e-04 5.000000000000000000e+01 6.999999999999999556e-01
4.811571535173103342e+01 -4.318161518092312008e+02 -4.388331067499913161e+02 -1.579291691188716641e+03 1.200686106346483773e-03 2.191728606822946485e-04 5.000000000000000000e+01 6.999999999999999556e-01
1.225372391511857302e+02 -4.344586326044037605e+02 -4.518679095742169807e+02 -7.927683613032873836e+03 2.096436058700209540e-04 2.223492789530525331e-05 5.000000000000000000e+01 6.999999999999999556e-01
1.403375877362620940e+02 -4.621092867050851964e+02 -4.814144010089557355e+02 -1.026894126786645938e+04 1.588209135378946645e-04 1.905850962454736191e-05 5.000000000000000000e+01 6.999999999999999556e-01
1.492206729873296354e+02 -4.363517487469968614e+02 -4.647191237699848898e+02 -1.153554398126580782e+04 1.397624039133473026e-04 1.270567308303157404e-05 5.000000000000000000e+01 6.999999999999999556e-01
