# format=SNRtot_MF, evidence_inj, evidence_filt, nofilter,         occams_inj,occams_filt, mass_in_solar, chi_inject]
6.450644230599155549e+01 -4.142896503779617774e+02 -4.125865762340045535e+02 -2.470889982041697749e+03 7.528111301696207821e-04 2.633250746458293788e-03 3.411913096636276777e+01 1.348932700655737678e-02
4.406769000760552046e+01 -5.035243237292717140e+02 -5.044733815182296439e+02 -1.394440182390941800e+03 2.973127501429388350e-03 1.270567308303157316e-03 4.135176094342219244e+01 4.114263623262381930e-01
1.167839293483435910e+02 -9.809488018332328920e+02 -1.042958809429619350e+03 -7.261436609210513780e+03 2.572898799313893723e-04 2.223492789530525331e-05 6.939353225980755724e+01 7.506720045507837558e-01
2.281230436605622813e+01 -4.566817044183641769e+02 -4.584991172829562629e+02 -6.855089659148869714e+02 1.673654786862334085e-02 8.525506638714186111e-03 6.653859538377101046e+01 2.017969784957231727e-01
7.403208759244763826e+01 -4.021112336447445728e+02 -4.026532153320113139e+02 -3.133234450495289366e+03 1.054570865891620675e-03 5.654024521949050069e-04 4.853785975836156297e+01 4.462893177823862301e-01
6.491682819442374353e+01 -4.529686861114014391e+02 -5.108317087687291291e+02 -2.543020789336811958e+03 5.177561781335366427e-04 6.035194714439997714e-05 7.329288614778124611e+01 7.884218696703669815e-01
1.442171321523192375e+02 -3.840013464873475186e+02 -5.174583004292848045e+02 -1.075942368923873619e+04 1.048218029350104770e-04 1.270567308303157404e-05 4.741276606966809481e+01 7.589237802508986830e-01
4.489944341961148666e+01 -4.699481858980586821e+02 -4.707690110801245282e+02 -1.426627203300738302e+03 1.311860745823009884e-03 5.908137983609681922e-04 3.038973571352532588e+01 6.303946334542315233e-01
1.040359604914715845e+02 -6.637817192880150969e+02 -6.645092519293788200e+02 -5.815307381604380680e+03 1.118099231306778421e-03 4.669334858014103262e-04 8.184768213442133344e+01 2.929240826138937992e-01
1.454508861717097368e+01 -4.275757166166160346e+02 -4.338090010198893083e+02 -5.266300468471665681e+02 7.277174258306333757e-03 4.088050314465408765e-03 5.433809078383167446e+01 8.573653183462252025e-01
7.528708042358591968e+01 -4.192995483058471109e+02 -4.185488004542128806e+02 -3.243330737228313865e+03 2.553840289689346225e-03 6.282955339559113256e-03 7.266112749120084402e+01 1.466839571995064706e-01
8.594090846727908684e+01 -3.728290292084157613e+02 -3.730724264871268474e+02 -4.055715941878084777e+03 7.464582936281049857e-04 5.971666349024839886e-04 4.020868943766291181e+01 3.412047644562962168e-01
1.517367460373434369e+02 -6.684356323603659575e+02 -6.686671206319734893e+02 -1.189033337484384356e+04 7.115176926497681058e-04 5.685788704656629050e-04 8.208931890366950768e+01 5.400288811497295366e-02
2.925952982896175314e+01 -4.524085337306113388e+02 -4.536797867849838326e+02 -8.434114005747048850e+02 4.269106155898609069e-03 2.064671875992630558e-03 4.570322527652028555e+01 7.052067946890333561e-01
1.672232811838674138e+02 -7.014560858575855491e+02 -7.019346202473507219e+02 -1.437846008882831120e+04 2.890540626389682998e-04 1.810558414331999246e-04 7.945047329722507357e+01 6.551873675580989209e-01
1.666565236954297404e+02 -8.520475589178263363e+02 -1.047176363190013035e+03 -1.429879916913042507e+04 9.211612985197891140e-05 1.270567308303157404e-05 7.864132406977630296e+01 8.361520676906959437e-01
1.481815758188067491e+02 -1.145785816370528892e+03 -1.149578004842199789e+03 -1.138175944962761969e+04 1.874086779747157210e-04 3.494060097833682566e-05 5.186253675642496574e+01 7.008175865156679452e-01
7.974503100230172947e+01 -6.264884537412531245e+02 -6.289636515811914705e+02 -3.581531102951289085e+03 1.553268534400609928e-03 3.589352645956419511e-04 7.216732241804554349e+01 2.225372103804291735e-01
1.102666820695077377e+02 -9.542768633259431681e+02 -9.521177917009662224e+02 -6.446982943414451256e+03 3.112889905342735328e-04 1.677148846960167632e-03 5.497947183852355124e+01 1.624851819399837360e-01
1.665326815372002329e+02 -4.605341511902722687e+02 -1.648064865939407355e+03 -1.425090982590948261e+04 3.494060097833682566e-05 1.270567308303157404e-05 7.482237191530042253e+01 8.997779913385834938e-01
4.777201384727393219e+01 -4.919708138893954583e+02 -4.923082624122943685e+02 -1.538581940249591980e+03 3.916523727844482480e-03 2.887364208118925208e-03 4.035568416126741909e+01 2.242078650635533354e-01
1.214727067295380891e+02 -8.837689115273068410e+02 -8.816755704392693360e+02 -7.788820162920946132e+03 2.636427164729051686e-04 1.349977765072104662e-03 5.790491498977637264e+01 4.168930472392171072e-01
5.099070407112406400e+01 -4.025738198446647971e+02 -4.569092738355401480e+02 -1.677177615655614318e+03 4.542278127183787336e-04 7.305762022743154949e-05 5.131120173063845868e+01 8.415393950943181878e-01
1.126103565842818313e+02 -5.602950754336437740e+02 -5.640052928909884713e+02 -6.711603504781428455e+03 5.685788704656629050e-04 1.048218029350104770e-04 6.141419413199024291e+01 4.193436047538394162e-01
1.762565954565087338e+02 -1.478993468855543370e+03 -1.801491967817178875e+03 -1.593340310040063741e+04 6.988120195667365132e-05 1.270567308303157404e-05 8.419100727220222780e+01 8.571070445588636622e-01
7.853657992156695400e+01 -5.770744574301053262e+02 -6.899533139205809675e+02 -3.507919575846802218e+03 9.211612985197891140e-05 9.529254812273680957e-06 3.144135026369622210e+01 8.811743340121928059e-01
6.583478869882829088e+01 -4.333571430468324479e+02 -6.473602665630879756e+02 -2.573732099214530535e+03 1.365859856425894045e-04 2.858776443682103948e-05 6.334729155424049907e+01 9.137772263184210653e-01
6.049280069552162331e+01 -4.461771219953275249e+02 -5.059125199076554509e+02 -2.240517874943637707e+03 6.892827647544628187e-04 8.893971158122101323e-05 8.455560373709155897e+01 7.918284641638296817e-01
3.781531819258384530e+01 -4.808056783772728409e+02 -4.799749525201741562e+02 -1.113805404233959507e+03 6.572009402198081447e-03 1.295025728987993056e-02 5.723966442631709128e+01 3.325130702828035245e-01
6.326821700226801681e+01 -5.805876252612207509e+02 -5.806816837916787790e+02 -2.378267261745405449e+03 2.661838510895114546e-03 2.636427164729051361e-03 4.484934462493915674e+01 3.311084866933683424e-01
1.438304619585171622e+02 -4.658423671459627258e+02 -8.671499340284268555e+02 -1.073477205029529250e+04 5.082269233212629618e-05 9.529254812273680957e-06 5.373213572160671703e+01 8.703772743325727257e-01
4.432982574506161910e+01 -4.144628766454651441e+02 -4.129560358324497429e+02 -1.379661319659719993e+03 3.567117718061114332e-03 1.026936026936027015e-02 7.911015420158079792e+01 2.718896553270077066e-01
1.445153569487993650e+02 -8.569026446448972365e+02 -8.569218289039695264e+02 -1.083643317249230859e+04 6.416364906930944545e-04 6.384600724223365564e-04 8.776816787379283369e+01 5.647745890574398242e-01
3.384165957815832115e+01 -4.372907095814508125e+02 -4.778500024664443231e+02 -9.764125694598666314e+02 7.305762022743154949e-04 1.905850962454735920e-04 7.866402278631316847e+01 9.225734626399419991e-01
1.169611531159842031e+02 -1.210409854142298855e+03 -1.208671074112959786e+03 -7.264346967796628633e+03 4.478749761768629914e-04 1.753382885458357188e-03 3.093453644214852716e+01 3.062928858464476767e-02
6.882177695595278522e+01 -7.040265416029300241e+02 -7.039311116267626858e+02 -2.772775379088075624e+03 4.167460771234356327e-03 5.199796709230671173e-03 5.991734823563062662e+01 9.690745921741836244e-02
6.224151116851057708e+01 -5.413348988466351557e+02 -5.416285554353862608e+02 -2.335641960840029697e+03 1.731147957563052009e-03 1.349977765072104662e-03 4.107061127664941580e+01 5.326903660601900459e-01
1.134881396350332317e+01 -4.117511005694646542e+02 -4.122811911324043876e+02 -4.664102511725388354e+02 8.089066768312051792e-02 8.836477987421383073e-02 7.714483589328850144e+01 5.205937089189717204e-01
1.621148639742430575e+01 -4.033302188162697348e+02 -4.047252764563089045e+02 -5.208877746987889168e+02 3.779620100374817687e-02 4.638523600787751444e-02 8.702724932425857673e+01 3.698516940920151819e-01
2.466902683507402827e+01 -4.038037723632054963e+02 -4.035899518220197137e+02 -7.006542035598398570e+02 1.362365796328060541e-02 2.037989962518264517e-02 4.377083139872638640e+01 2.300497485866807579e-01
1.129185676551469584e+02 -6.959619264377754462e+02 -7.450414753324141657e+02 -6.809035656625381307e+03 1.492916587256209971e-04 1.270567308303157404e-05 3.185691281379220285e+01 6.956458926168178625e-01
7.979269486870775552e+01 -7.868628848771719504e+02 -7.862508631874608227e+02 -3.593777652164970277e+03 3.027126612032272294e-03 6.876945556190838804e-03 7.564474538262621195e+01 3.884414645416335299e-01
8.018670243996955094e+01 -7.591050138945466870e+02 -7.570458326002166132e+02 -3.635830608507610577e+03 7.432818753573470875e-04 3.513118607458229955e-03 8.088757657294348746e+01 3.304023373420549858e-01
8.382599077848857405e+01 -4.694448146571613165e+02 -5.018902837793879712e+02 -3.897476693324877488e+03 2.255256972238104448e-04 2.541134616606314809e-05 4.107171013808108739e+01 7.817284665359756080e-01
6.524649075609521276e+01 -5.957280403064621623e+02 -6.065336746292045973e+02 -2.515270480954187860e+03 1.076805793786925853e-03 1.619973318086525627e-04 7.211940567210072572e+01 7.017465722575222387e-01
2.128997495374879634e+02 -3.504637288964889194e+03 -3.504929008256074212e+03 -2.308714091607365481e+04 3.462295915126103584e-04 2.604662982021472705e-04 8.868629180461546468e+01 4.870827894109828748e-01
3.914356393751478436e+01 -3.834866102460304660e+02 -3.880762092579244040e+02 -1.136959523804528999e+03 2.620545073375262195e-03 5.971666349024839886e-04 5.764405217241785806e+01 6.767166492352063578e-01
9.095614881314973843e+01 -4.954903341594612129e+02 -4.952054695187826496e+02 -4.623054326465352460e+03 1.794676322978209755e-03 2.569722381043135825e-03 6.903254288840840047e+01 1.789109237117340323e-01
7.056618849325137433e+01 -4.509172233616098993e+02 -5.320615423496074072e+02 -2.845746816689764273e+03 1.524680769963788953e-04 1.905850962454736191e-05 3.636150702979348637e+01 8.594929127022268300e-01
2.462828238004098935e+01 -3.966484023985356089e+02 -3.975825502249754209e+02 -6.879167734831933103e+02 7.429642335302712869e-03 5.025093704338987749e-03 5.270936932884535508e+01 6.389318683221801853e-01
6.740322090065771476e+01 -6.615532774399201799e+02 -6.666397596745243845e+02 -2.677007422735663567e+03 2.547487453147830646e-03 4.574042309891366317e-04 8.711227717487462030e+01 2.556415587485887375e-01
9.942690813986999387e+01 -6.778154131386421568e+02 -6.893537075304959671e+02 -5.345117719693573235e+03 8.322215869385680195e-04 1.016453846642525924e-04 8.219913164641140213e+01 4.537528661414064191e-01
1.228253214351307321e+02 -1.438477390985992542e+03 -1.436050751578342442e+03 -7.967454008530840838e+03 1.492916587256209971e-04 1.200686106346483773e-03 6.232944645576174025e+01 1.114092942161047095e-01
3.465150126806382502e+01 -3.844872533864108846e+02 -3.845411091626814937e+02 -9.792558568173217282e+02 4.005463439425703195e-03 4.948859665840798193e-03 3.080433047731765583e+01 4.723572981615448696e-01
1.045268811987463664e+02 -1.102475324027936267e+03 -1.101948359448867677e+03 -5.865798087553169353e+03 1.883616034559430687e-03 3.932405819198271646e-03 7.205404812172335483e+01 3.246936136377531201e-01
5.418270837807536111e+01 -4.556242796059337934e+02 -4.559050285742854385e+02 -1.874530133523820496e+03 2.299726828028714806e-03 1.820087669144272941e-03 3.360249767782654118e+01 3.515835556969749698e-01
7.267628539003870003e+01 -6.584498435845797530e+02 -6.565015919250232628e+02 -2.990524434750330784e+03 8.830442792706943902e-04 3.700527285432945838e-03 5.823457927212911045e+01 2.010119285267477074e-01
2.621787355201468728e+01 -4.767682228573507928e+02 -4.761454988929816636e+02 -7.628667034599441195e+02 1.576456387777142379e-02 2.621815640683565138e-02 6.262044179415524070e+01 1.062220207599408502e-02
3.458997928759246321e+01 -4.192462806088582852e+02 -4.329341181135220040e+02 -9.782832287224441643e+02 2.356902356902356756e-03 5.209325964042945409e-04 6.899591669264741256e+01 7.219405606501443362e-01
1.124688296605085043e+02 -1.121050701869321983e+03 -1.118604609025969467e+03 -6.730983355695507271e+03 1.651737500794104609e-04 1.378565529508925637e-03 6.756438097567749423e+01 5.096890715255493476e-02
6.677819157403928330e+01 -4.764399037547557327e+02 -5.415772349230527425e+02 -2.646728961948786036e+03 3.843466107617050822e-04 4.764627406136839801e-05 7.458891624095460315e+01 8.558174563993723449e-01
4.945704904087367026e+01 -5.275412042480692207e+02 -5.264438474905158500e+02 -1.618255251732525949e+03 4.335810939584524605e-03 1.047900387523028991e-02 7.229006488568748523e+01 3.799755294189130495e-01
1.407194282556437486e+02 -1.073802926297912563e+03 -1.074360043405697525e+03 -1.029254972682101470e+04 4.764627406136840207e-04 2.668191347436630668e-04 5.757925236757209575e+01 2.112321313526300537e-01
9.636638896346143213e+01 -1.136387525986494893e+03 -1.135489705273981826e+03 -5.043055556316992806e+03 2.239374880884314849e-03 6.092370243313639799e-03 7.614107242675754605e+01 2.037410287299620537e-01
6.894222195296673306e+01 -4.917755923397803031e+02 -4.896645643665870580e+02 -2.790590504329587020e+03 4.701099040721682244e-04 2.337843847277809584e-03 4.631485599634727635e+01 1.584772780522582941e-02
1.075903483867004127e+02 -8.192105365612619607e+02 -8.189248187414292488e+02 -6.165552836883771306e+03 7.432818753573470875e-04 1.054570865891620675e-03 4.417100563178684780e+01 4.598530179601590939e-01
2.039262133729329491e+02 -2.398031282032541185e+03 -2.398518961590040817e+03 -2.118001792168189422e+04 2.287021154945683159e-04 1.397624039133473026e-04 7.999435336093694104e+01 6.280550112897823611e-01
3.261533756331845098e+02 -1.049275097788024823e+03 -9.522126683683243755e+03 -5.357223028502843226e+04 6.352836541515787022e-06 6.352836541515787022e-06 8.184278298524880313e+01 9.436469704836222272e-01
7.217532802780964118e+01 -4.635628140740031427e+02 -6.718343685506745260e+02 -2.999423259418531870e+03 1.238803125595578389e-04 2.223492789530525331e-05 7.368221613231270339e+01 9.270085172407571683e-01
7.550857150563632558e+01 -7.562012225168159603e+02 -7.554028434215351808e+02 -3.258777937303639646e+03 1.686678101772441435e-03 4.027698367321009242e-03 4.281647180227435001e+01 3.869590555138632815e-01
1.790345927303371241e+02 -5.256038744118181967e+02 -1.005933430697509152e+03 -1.643275706368751344e+04 5.717552887364207897e-05 1.270567308303157404e-05 6.139464148315042280e+01 8.027284678269610563e-01
6.804291234911799791e+01 -5.086239939859037236e+02 -5.071758156241608049e+02 -2.707812786040920400e+03 1.035512356267073285e-03 3.138301251508798621e-03 4.306945838943511262e+01 3.420255820896437871e-01
1.876148408501223344e+02 -5.282082488058913441e+02 -5.284989898555036234e+02 -1.800578568154639288e+04 3.875230290324629804e-04 2.922304809097261979e-04 8.840927188530073977e+01 2.940657383671786418e-01
1.040143855231357293e+02 -1.095725787371111437e+03 -1.095418913778180013e+03 -5.810919571219901627e+03 2.328314592465535997e-03 3.478178006479893183e-03 6.887988765653653900e+01 1.864588278147090716e-01
9.018449504446205367e+01 -7.585132181919038885e+02 -7.590501496471713381e+02 -4.452840588785522414e+03 1.099040721682231032e-03 5.971666349024839886e-04 8.687999188588898392e+01 7.014667412250005230e-01
1.456079491380097011e+02 -1.270874046635647801e+03 -1.270757166530564973e+03 -1.101162436158013043e+04 6.416364906930944545e-04 7.337526205450733930e-04 7.803695190197522891e+01 5.960498952948334317e-01
1.147942324330352051e+02 -6.100179165924712379e+02 -1.319646949450315560e+03 -7.001240470734593146e+03 3.176418270757893426e-05 1.270567308303157404e-05 6.615098006476041803e+01 9.338903292135218859e-01
1.148388422218852725e+02 -1.479148745223014657e+03 -1.477007972332488407e+03 -6.996972610002412694e+03 4.446985579061050933e-04 2.350549520360841176e-03 6.791331381478769913e+01 1.066713787006800251e-01
1.649395974051955704e+02 -4.003660365139914461e+02 -4.077456494330211854e+02 -1.398333017665983971e+04 2.001143510577472865e-04 2.858776443682103948e-05 7.240724262726759264e+01 6.408650480725435195e-01
7.940505085789580164e+01 -6.725245156118600107e+02 -6.756466485786354497e+02 -3.570958785149663072e+03 1.867733943205641305e-03 3.906994473032208786e-04 8.305708072457190383e+01 2.505652943889281614e-01
5.605521103709110520e+01 -5.987645061052932078e+02 -5.972710507609378965e+02 -1.976545543857864004e+03 1.963026491328378250e-03 5.720729305634966039e-03 5.257211591145943430e+01 3.023502558625079661e-01
3.730898168654479718e+01 -4.559341409532461284e+02 -4.548322670233478107e+02 -1.092954136811366425e+03 5.107680579378692451e-03 1.134298964487643648e-02 6.638553608330985867e+01 4.585750487627761607e-01
1.033265213618759333e+02 -6.314922799215648865e+02 -8.534943769802255247e+02 -5.747220663357661579e+03 1.492916587256209971e-04 2.223492789530525331e-05 7.292589994647585172e+01 8.441614200519864664e-01
3.602835932036114741e+01 -4.835028674110440079e+02 -4.841049630126951229e+02 -1.066968227247597724e+03 6.390953560764881143e-03 4.002287021154946056e-03 6.073078473658023313e+01 6.106516579553412649e-01
9.668650555140357028e+01 -5.890018176431560732e+02 -6.801125477981396443e+02 -5.067183099324308387e+03 2.096436058700209540e-04 2.223492789530525331e-05 4.817557243501342867e+01 7.433421796474911636e-01
6.956849561589019970e+01 -5.667130307457121035e+02 -5.679308772535064236e+02 -2.840065886622965991e+03 1.210215361158757360e-03 4.002287021154945731e-04 4.450302060941157833e+01 5.047730230216838088e-01
5.689141697422902411e+01 -5.675711385668789717e+02 -5.656706250334698325e+02 -2.005746998118589318e+03 1.121275649577536428e-03 4.408868559811956155e-03 5.828898647445434023e+01 2.296222647146783091e-01
1.526912277249055876e+02 -1.208777811934091915e+03 -1.422644011064922324e+03 -1.208258525719616955e+04 1.397624039133473026e-04 1.905850962454736191e-05 8.272399762665733647e+01 7.740855200818509418e-01
1.085006831815827297e+02 -6.325498716380927817e+02 -6.335994595257581068e+02 -6.336547425291759282e+03 7.019884378374944113e-04 2.318785337653262140e-04 6.258229960482342591e+01 3.272328534853808368e-01
1.333074027289257799e+02 -1.040569157991958264e+03 -1.041249146880831177e+03 -9.285556369566129433e+03 2.223492789530525466e-04 9.846896639349469419e-05 4.344771866552653705e+01 6.792260859676295670e-01
1.106932895032965547e+02 -7.275959090698631826e+02 -7.279797966289775104e+02 -6.535030368325679774e+03 3.271710818880630236e-04 2.255256972238104448e-04 3.560865741709514509e+01 5.890519488362041534e-01
1.335778818250626045e+02 -9.981326332972545288e+02 -1.040506728808581101e+03 -9.286639131971778625e+03 1.429388221841052008e-04 1.270567308303157404e-05 4.865718014924928525e+01 7.552327517944572577e-01
7.260923265982424368e+01 -4.389312356955455812e+02 -4.377307536805285508e+02 -3.058880920753108967e+03 1.311860745823009884e-03 3.735467886411282610e-03 4.340632324143918908e+01 1.575263288621084612e-01
1.784215070050296958e+02 -4.462632164883699488e+02 -4.467213179948052471e+02 -1.630908519401015838e+04 1.905850962454735920e-04 1.207038942887999543e-04 5.734647079912578960e+01 5.423660177678482075e-01
2.024522743854603561e+02 -1.524181894934204593e+03 -1.567467634120999037e+03 -2.084923622434562640e+04 1.556444952671367664e-04 1.905850962454736191e-05 6.397251670430554782e+01 4.878425794732434428e-01
4.850818307130956697e+01 -4.341002670603314186e+02 -4.335020334409738894e+02 -1.579871008361643362e+03 2.890540626389682781e-03 5.892255892255892323e-03 4.575566405920889679e+01 4.878830872249181327e-01
1.718242691059462004e+02 -4.719860718332050737e+02 -4.723673885212446635e+02 -1.518842344252831754e+04 3.652881011371577474e-04 2.509370433898735759e-04 8.945903533731086554e+01 5.080085988560323340e-01
1.541750417977005725e+02 -1.096128037061868326e+03 -1.093661382596286558e+03 -1.228435403245559064e+04 1.143510577472841579e-04 1.016453846642525896e-03 8.574884904045246969e+01 1.695132739092092555e-01
1.924319758486888361e+02 -1.681712604958614293e+03 -1.679459789299482736e+03 -1.890243553018588500e+04 1.207038942887999543e-04 7.655168032526522663e-04 6.139477639195014547e+01 3.455192320101833081e-01
1.183997789812441965e+02 -4.484395130219112957e+02 -4.466274579993750535e+02 -7.411563660379053545e+03 2.572898799313893723e-04 1.086335048599199439e-03 3.090787915633735849e+01 8.421449980691878001e-02
1.092351419702553699e+02 -1.249768136843451202e+03 -1.250309170265136345e+03 -6.369603023872681661e+03 1.334095673718315280e-03 7.337526205450733930e-04 8.236609553317981636e+01 2.306619824755297143e-01
1.262393644593185797e+02 -3.953021587443464568e+02 -3.945591296555457461e+02 -8.350514950955817767e+03 5.050505050505050501e-04 1.299155072739978508e-03 3.024177788723054405e+01 2.703525835870379881e-02
7.668626344497066327e+01 -6.501747985293395686e+02 -6.506764401700812641e+02 -3.336000239497749135e+03 1.629502572898799267e-03 9.402198081443364488e-04 4.946824523060230661e+01 2.429315777475688221e-01
3.310951117920438236e+01 -3.977993451072586595e+02 -3.973131508825207447e+02 -9.329721505432954700e+02 5.736611396988755204e-03 9.986659043262817101e-03 4.193183652793002381e+01 3.578064573641879798e-01
9.674920059926868987e+01 -7.944894541093384532e+02 -7.927561121175327798e+02 -5.112519880614609065e+03 8.195159138555365352e-04 3.138301251508798621e-03 7.504523655029727536e+01 4.206530247655166921e-01
1.479190948687845832e+02 -1.132711077495094514e+03 -1.226540018299535632e+03 -1.132939152338842541e+04 1.619973318086525627e-04 1.588209135378946713e-05 7.706543456515449009e+01 7.811432253605672393e-01
9.287649617810366465e+01 -4.450661407344363738e+02 -4.451820026869561957e+02 -4.726161137732360658e+03 6.162251445270312692e-04 5.654024521949050069e-04 3.741880173916920427e+01 4.176495410034054556e-01
8.327150159743534630e+01 -5.719993019745539868e+02 -5.722830312278820202e+02 -3.842838581824640187e+03 1.505622260339241564e-03 1.159392668826630989e-03 4.666099273592367069e+01 1.635054155775816365e-01
1.342646206741924004e+02 -1.341014193889389617e+03 -1.361520433334710106e+03 -9.447921323227114044e+03 3.017597357219998925e-04 3.176418270757893426e-05 7.382588224173655078e+01 6.903099160918527710e-01
2.837327283225639363e+01 -3.835655580864217882e+02 -3.848338865502071258e+02 -7.439641355662030264e+02 6.826122863858713301e-03 3.265357982339114548e-03 4.771906594348980946e+01 5.828902339354810058e-01
1.323513614751019247e+02 -1.251201637115653284e+03 -1.251515990814757743e+03 -9.152067879129528592e+03 5.495203608411155160e-04 4.065815386570103694e-04 3.949859432251159319e+01 1.496737295707727122e-01
3.694655818109566781e+01 -4.747096893617305682e+02 -4.755272842534284905e+02 -1.108268493157231433e+03 4.504161107934692883e-03 2.207610698176736084e-03 5.394217502846434797e+01 5.418088399421859824e-01
1.447360558360044180e+01 -3.828672544479127282e+02 -3.836909660371779296e+02 -4.825075687654975809e+02 1.242932469347563657e-02 1.300425640048281581e-02 3.325612275985566413e+01 7.266262602526365466e-01
2.008539300440444322e+02 -1.139422722189722208e+03 -1.242188038083840866e+03 -2.056365473206401657e+04 1.492916587256209971e-04 1.905850962454736191e-05 7.817492205976763842e+01 5.983549326385552147e-01
1.739778390323678536e+02 -5.664256534141683233e+02 -5.668951825956534094e+02 -1.557853262860288487e+04 3.621116828663998493e-04 2.255256972238104448e-04 7.620781930579784103e+01 3.529921832373245638e-01
1.236747871329864239e+02 -9.281085972817443235e+02 -9.575936572716976798e+02 -8.001982332326844698e+03 3.494060097833682566e-04 3.176418270757893426e-05 7.553457927732375765e+01 6.916997535277058518e-01
1.463209662932034973e+02 -9.498089044725859367e+02 -9.503261230478052539e+02 -1.109956727408502775e+04 2.001143510577472865e-04 1.175274760180420561e-04 4.511588045050960716e+01 6.830162062333070550e-01
6.858336422381637476e+01 -4.964310120025876927e+02 -4.947036451329915963e+02 -2.767113223534110148e+03 6.797535099421892326e-04 2.420430722317514719e-03 3.739168609411969157e+01 1.590521880916763720e-01
2.216988660861436813e+02 -7.692431052788118677e+02 -2.900389458608207406e+03 -2.496816130969611186e+04 1.270567308303157404e-05 6.352836541515787022e-06 5.858896180095069894e+01 9.277326321848183843e-01
1.715401931487971012e+02 -1.661207541978933250e+03 -1.661096460829261559e+03 -1.511902195918867437e+04 2.699955530144209650e-04 3.049361539927577906e-04 3.771347509671556963e+01 4.265525403528690473e-01
1.385142660848638059e+02 -7.800005257565984493e+02 -7.775275093359335870e+02 -9.968122572581611166e+03 6.988120195667365132e-05 6.257543993393049637e-04 4.736797366099119699e+01 2.298759039678238605e-03
1.155862350197960495e+02 -6.576704477487992335e+02 -6.555983520013822954e+02 -7.047045436520063049e+03 2.985833174512419943e-04 1.470681659360904576e-03 5.524319188940437897e+01 2.247889695911632624e-01
6.936458683095673905e+01 -6.542547158619104266e+02 -6.544748196521210275e+02 -2.809786655108312516e+03 2.458547741566609497e-03 2.071024712534146571e-03 4.497380876847504538e+01 1.081965247215754267e-01
7.902698743737595066e+01 -6.494143527204922748e+02 -6.476131934566382142e+02 -3.538899875800427708e+03 1.248332380407852138e-03 4.777333079219871909e-03 8.560460066216182895e+01 1.749798026284073715e-01
6.955174696422217551e+01 -4.328284722546800936e+02 -4.330871663633287767e+02 -2.786799793077315826e+03 2.341020265548567590e-03 1.867733943205641305e-03 5.978700279149052221e+01 2.305002344861523111e-01
6.990997395531556435e+01 -4.838497808384717587e+02 -4.821587110213997676e+02 -2.854576421190189194e+03 7.941045676894733498e-04 2.763483895559367288e-03 4.455674176216371052e+01 2.558005262674929448e-01
1.260689384989855810e+01 -4.365657787352354831e+02 -4.360846997615043961e+02 -5.095200787917323169e+02 2.618639222412807305e-02 3.298710374182071969e-02 4.565488922849308295e+01 6.412393239517868992e-02
1.274195440162581150e+02 -4.149434904531031520e+02 -4.146074365585559462e+02 -8.514676730053533902e+03 7.972809859602312480e-04 1.159392668826630989e-03 6.149173569365387948e+01 3.699723076983368331e-01
1.197992108496576833e+02 -7.911882917971832967e+02 -8.185352232729280786e+02 -7.582919923785060746e+03 5.495203608411155160e-04 5.082269233212629618e-05 8.620429142456609384e+01 4.768813297047831412e-01
1.440370316693831683e+02 -6.745957190663112897e+02 -6.748436403660475662e+02 -1.076276353917940833e+04 6.194015627977891673e-04 4.859919954259577153e-04 6.087478156949336494e+01 3.340987842965523202e-02
7.038424437179722304e+01 -5.571455466110892303e+02 -5.580919598347542205e+02 -2.891690857304213296e+03 2.080553967346420157e-03 7.718696397941680627e-04 6.600843976733011687e+01 2.640901444963330014e-01
1.663209648943759191e+02 -4.737564354332974972e+02 -4.893140831529717047e+02 -1.421761513527232273e+04 1.111746394765262733e-04 1.270567308303157404e-05 4.140308852141927787e+01 6.956264021027095401e-01
1.193955089973191406e+02 -7.870580557524665437e+02 -7.987336556096224740e+02 -7.545166525215405272e+03 5.177561781335366427e-04 6.035194714439997714e-05 6.717150815163454070e+01 3.796750397874991689e-01
3.349740033225079827e+01 -4.159485397908980531e+02 -4.320466316518084682e+02 -9.574929105040025661e+02 9.815132456641891250e-04 2.032907693285051847e-04 4.282632898836683921e+01 8.672744668647897059e-01
7.209344205130936700e+01 -5.326168385540648842e+02 -5.326111255547765495e+02 -2.996679355394192953e+03 2.382313703068419941e-03 2.560193126230862239e-03 7.767634342650245571e+01 5.092944285777325497e-01
1.040653942483539112e+02 -5.971092213534298025e+02 -5.974020651767573327e+02 -5.808275195428263942e+03 3.970522838447366749e-04 3.017597357219998925e-04 3.574704464252074132e+01 5.645181705169058928e-01
2.784202013485137783e+01 -4.221726089567970348e+02 -4.227528532571961364e+02 -8.032743018758739026e+02 1.044723969252271158e-02 7.000825868750396724e-03 6.821620939878552292e+01 4.661506708199502080e-01
9.148290153391164381e+01 -4.261525171952141022e+02 -4.259699468504916240e+02 -4.575755893762219785e+03 2.252080553967346441e-03 2.849247188869830430e-03 8.176834456528939654e+01 1.278688410317359858e-01
1.232772350029787845e+02 -4.477722293805078948e+02 -4.479175809207771408e+02 -8.012974737652306430e+03 7.305762022743154949e-04 6.384600724223365564e-04 6.257745420535966474e+01 3.066086314849737482e-01
8.868273272881873481e+01 -9.993477409020852065e+02 -9.997129969729163577e+02 -4.352855559098745289e+03 2.614192236833746182e-03 1.848675433581093916e-03 8.059776179946935315e+01 8.209093772910790177e-02
1.505737857436358809e+02 -1.281844027607313365e+03 -1.364111874581319171e+03 -1.174655413646746820e+04 1.461152404548630990e-04 1.588209135378946713e-05 6.980565427513884913e+01 7.905070852744516818e-01
6.287450539080172263e+01 -6.131701443744483413e+02 -6.134882949638854370e+02 -2.364524662559836543e+03 2.182199352010672899e-03 1.654913919064862453e-03 6.606496392128836703e+01 6.493196807853205410e-01
3.705895545951001679e+01 -4.539189426974941171e+02 -4.535165229190087075e+02 -1.127272007819683949e+03 5.463439425703577046e-03 9.713487071977637208e-03 4.702444722258205445e+01 2.807957175931914962e-01
2.437619080852718980e+02 -1.263277558734547029e+03 -3.786042344523993961e+03 -3.011815603326026394e+04 1.270567308303157404e-05 6.352836541515787022e-06 5.700734866754143582e+01 9.035779637808313280e-01
2.743406097163154413e+02 -1.893172513235711676e+03 -4.201392665455004135e+03 -3.804409503167431103e+04 1.588209135378946713e-05 6.352836541515787022e-06 8.922712502135081536e+01 9.145705334962133115e-01
6.616622317142658005e+01 -4.528154825724323587e+02 -4.526707492636912775e+02 -2.586773005538579127e+03 2.401372212692967547e-03 3.154183342862588221e-03 6.239749609832679766e+01 5.303003938117102356e-01
7.724778774873077225e+01 -7.157266923634102795e+02 -7.162132882387797963e+02 -3.393082008431297254e+03 1.330919255447557273e-03 7.845753128771996553e-04 4.906471508934259873e+01 4.493048044136808139e-01
2.304085122310276006e+02 -3.154370133002470538e+03 -3.154298688947239043e+03 -2.695165787766891663e+04 3.208182453465472273e-04 3.494060097833682566e-04 8.906593033196912756e+01 5.093972107256837800e-01
6.614952469666452828e+01 -3.795945788206260545e+02 -3.805885053830602942e+02 -2.560849629880949578e+03 1.057747284162378464e-03 3.875230290324629804e-04 5.012539513895754340e+01 5.767088788746554950e-01
3.493696907859282419e+01 -4.460005223771913165e+02 -4.455285300582257264e+02 -1.028638014366320249e+03 4.186519280858903500e-03 7.474112191093323226e-03 3.557932589374618715e+01 3.708354410604055018e-01
1.071936330046809474e+02 -6.098754835681857003e+02 -6.100884719305106501e+02 -6.149018215576945295e+03 5.908137983609681922e-04 4.859919954259577153e-04 5.331579297180226007e+01 5.816641160352622464e-01
9.383522220907817513e+00 -3.812391088625117845e+02 -3.809801150148853708e+02 -4.209749370044957573e+02 3.589352645956419424e-02 3.913029667746648760e-02 4.369677282561923448e+01 4.621885358732151783e-01
8.128163174609497332e+01 -4.327274027582020040e+02 -4.451716294769876185e+02 -3.724850461808556702e+03 3.557588463248840529e-04 4.446985579061050662e-05 3.590766704717406554e+01 6.865812693657441512e-01
7.177606257057865946e+01 -4.859430153060926045e+02 -4.838075900544828869e+02 -2.959840391365793494e+03 5.050505050505050501e-04 2.576075217584651404e-03 5.526696654054040891e+01 1.048724569373276662e-02
1.216008657887844038e+02 -9.671949851711634665e+02 -9.680527073447188968e+02 -7.787177733773898581e+03 2.858776443682104016e-04 1.079982212057683751e-04 4.649246464862763162e+01 6.827299149238144071e-01
9.205432749735302878e+01 -8.468118271408568489e+02 -8.559329924872375841e+02 -4.670028050041682036e+03 8.353980052093259176e-04 1.143510577472841579e-04 7.079109148957456910e+01 5.702319297463893655e-01
1.323364028014237626e+01 -4.179745390500946769e+02 -4.199343117534917837e+02 -5.013760109063923665e+02 1.207038942887999483e-02 1.454164284352963549e-02 3.259589625919499412e+01 7.929307817750060883e-01
1.169637993867492582e+02 -1.139619682170039823e+03 -1.137896459548176836e+03 -7.215748526874070194e+03 5.590496156533892105e-04 2.188552188552188478e-03 3.932553636882429515e+01 7.879791219563997764e-03
6.676264814755735699e+01 -4.989188436035956897e+02 -5.687706245201985666e+02 -2.626458674087743475e+03 5.717552887364208032e-04 6.988120195667365132e-05 8.466396450209754221e+01 7.957405976145786042e-01
9.022404670967372908e+01 -4.701730025618113586e+02 -5.052956323729761721e+02 -4.453456426770721009e+03 3.875230290324629804e-04 3.811701924909472383e-05 5.471239636986894084e+01 6.682262631046650414e-01
1.056561234691449016e+02 -6.687383996922974347e+02 -6.965072399841865263e+02 -6.017004551607188660e+03 5.272854329458103373e-04 5.082269233212629618e-05 7.353274364310158262e+01 5.810249778819026600e-01
1.452690004281159872e+02 -1.043699780185237842e+03 -1.280342026368387451e+03 -1.095289056664901364e+04 7.305762022743154949e-05 1.270567308303157404e-05 5.501080502202456302e+01 8.279469857420603818e-01
1.881428870436502976e+01 -4.292348076370102490e+02 -4.322233511838861091e+02 -5.821548192607411920e+02 4.942506829299282180e-03 2.861952861952862023e-03 3.358203949587279880e+01 7.800705992004620670e-01
2.428102761153517122e+02 -4.865120463935084445e+03 -4.864223598553305237e+03 -2.992612730739066319e+04 5.558731973826313124e-04 1.521504351693030947e-03 7.806447025293317665e+01 3.380889168862211136e-02
1.080675817136594503e+02 -4.793941482456381209e+02 -4.789552272718866561e+02 -6.288881537765866597e+03 6.066958897147576831e-04 1.035512356267073285e-03 3.507431313418912566e+01 2.766270612763359615e-01
3.202777689366139668e+01 -3.901001755749343261e+02 -4.527768326129449861e+02 -8.929947129987469907e+02 4.669334858014103262e-04 1.492916587256209971e-04 5.701209570503988999e+01 9.145930250448534027e-01
6.778363683196346301e+01 -5.572432328386038307e+02 -5.577087019647320858e+02 -2.689718889866384416e+03 1.591385553649704489e-03 9.751604091226732203e-04 3.875861329445270087e+01 2.167641511671700161e-01
5.479874781372424764e+01 -5.898841380075417646e+02 -5.900692061306610867e+02 -1.903940280561997270e+03 6.568832983927323441e-03 5.882726637443618303e-03 7.438810411289489366e+01 1.966850481661230610e-01
1.857237416534556118e+01 -4.400975412513682841e+02 -4.405640872871244937e+02 -6.078835107540256786e+02 2.104059462550028625e-02 2.276538974652182051e-02 6.444791670976857745e+01 6.385291943035609208e-01
6.877294344295161466e+01 -4.565249315772569503e+02 -4.564097253360754394e+02 -2.770767226883246622e+03 2.179022933739914892e-03 2.709484784956482911e-03 6.143306297166478203e+01 4.986896457375435965e-01
6.175186946244864572e+01 -4.859076394263202587e+02 -5.203194645615159288e+02 -2.306468098937720697e+03 4.701099040721682244e-04 6.035194714439997714e-05 6.241207436906178430e+01 8.450462826484339551e-01
7.981366921617612320e+01 -6.893905059374384336e+02 -6.883341663922813041e+02 -3.587239025038896216e+03 9.815132456641891250e-04 2.639603582999809368e-03 3.001683899270299705e+01 1.933636001667606297e-01
9.740041231490283735e+01 -4.032354142847145226e+02 -4.055520824976598533e+02 -5.123743325536161137e+03 8.512800965631154085e-04 1.969379327869893884e-04 7.927170296246379166e+01 4.929955962342158493e-01
1.517047781411229153e+02 -1.015530183042048748e+03 -1.304065513813603275e+03 -1.189174188461005906e+04 8.258687503970523044e-05 1.270567308303157404e-05 8.316422492010892142e+01 8.679877224024753479e-01
1.711824939765390852e+01 -4.078930401904627843e+02 -4.181042856901322011e+02 -5.496164683290414814e+02 4.948859665840798193e-03 2.395019376151451534e-03 6.941836207288798732e+01 8.203288845407318286e-01
1.101970325957157542e+02 -5.740234688153029765e+02 -7.430177668347978397e+02 -6.494389808727190939e+03 7.623403849818944766e-05 1.270567308303157404e-05 3.146605652279813370e+01 8.103147415227927031e-01
1.625164491662360788e+01 -4.123249427006805377e+02 -4.143198244720763341e+02 -5.336525868975694493e+02 2.579886919509561186e-02 2.345149609300552565e-02 7.136347803805116996e+01 5.805093031001956616e-01
1.480978900565492893e+02 -1.112645811555086539e+03 -1.120995211656757192e+03 -1.136767325870624882e+04 3.970522838447366749e-04 5.399911060288418757e-05 6.927812112615325191e+01 3.328611049901462615e-01
3.871447356170012455e+01 -4.477432825509680470e+02 -4.466196006821400601e+02 -1.141079795469590181e+03 5.136268343815513643e-03 1.154310399593418482e-02 7.585478767755886054e+01 5.597288367023068867e-01
1.375297267197098847e+02 -1.213637131582921256e+03 -1.211148160500268887e+03 -9.855042010630009827e+03 6.352836541515786853e-05 6.225779810685470655e-04 4.816283021412886711e+01 2.863967272465151037e-02
1.012442245608462912e+02 -5.172890926039946180e+02 -6.292844926063759203e+02 -5.520027223785254137e+03 1.619973318086525627e-04 1.588209135378946713e-05 6.025729418159868089e+01 8.409954567363171485e-01
6.032272863591311562e+01 -4.054797883589909588e+02 -4.054222246261667237e+02 -2.213779130898923086e+03 1.496093005526967761e-03 1.762912140270630774e-03 3.458026076501386115e+01 4.479088450900777230e-01
1.778608172722797462e+02 -2.045079566433518949e+03 -2.044455496476260350e+03 -1.621547923222378813e+04 6.352836541515786582e-04 1.283272981386188909e-03 7.372689773383484635e+01 4.550864921040578825e-01
1.042638536192991126e+02 -7.509761853739682920e+02 -7.520366054044990278e+02 -5.807320900672500102e+03 4.669334858014103262e-04 1.556444952671367664e-04 3.590567961877783887e+01 4.557863358260319520e-01
2.607985649449691934e+01 -4.093852897923364367e+02 -4.090589106391231553e+02 -7.413221831822888817e+02 8.541388730067975277e-03 1.334095673718315236e-02 4.525814003639906247e+01 4.466702836251979503e-01
1.382586172207905229e+01 -3.707647909984146963e+02 -3.795691992135221540e+02 -4.549561040694728149e+02 1.680325265230925638e-03 2.239374880884314849e-03 3.001366435267641108e+01 9.089609281977089061e-01
1.880652754343493172e+01 -4.136390475906125630e+02 -4.135808869885161698e+02 -5.765548802957404178e+02 1.174639476526269030e-02 1.470999301187980376e-02 4.177817148396260905e+01 5.538554699229272238e-01
1.085748920230879122e+02 -1.162064643040791907e+03 -1.159973579544039922e+03 -6.313762643134698919e+03 4.319928848230735006e-04 2.159964424115367720e-03 6.132749843835479453e+01 1.379601730768279522e-01
1.600760980342931248e+02 -5.343098496365283836e+02 -5.319440616328242868e+02 -1.320635106374268071e+04 1.302331491010736352e-04 9.433962264150943470e-04 6.942407090845557605e+01 1.698592821935907549e-01
1.632253567753194261e+02 -1.760528553883720861e+03 -1.758098703033591391e+03 -1.370580112117686076e+04 4.129343751985261522e-05 5.209325964042945409e-04 6.183738717107227245e+01 3.281451658852796438e-04
1.049941600127936852e+02 -6.211255655780284997e+02 -6.199521660818244300e+02 -5.905806782704192301e+03 4.828155771551998171e-04 1.505622260339241564e-03 3.180099293361471879e+01 3.441984260907600679e-01
1.792720627088488641e+02 -2.929592509304530267e+03 -2.928864178117255960e+03 -1.648393238349962849e+04 1.035512356267073285e-03 2.398195794422209540e-03 8.915619606450255219e+01 1.048188276326318114e-01
1.737754906225373475e+02 -2.253086153424453187e+03 -2.253579765091951685e+03 -1.550572633181873607e+04 4.097579569277682676e-04 2.541134616606314741e-04 5.427586998354765058e+01 5.311120676833472332e-02
1.269176019686298957e+02 -7.493583032319536414e+02 -7.508247485074941778e+02 -8.462658387637036867e+03 6.575185820468839454e-04 1.810558414331999246e-04 7.902433626780600662e+01 3.577180749240512214e-01
9.176700738545044089e+01 -6.746804989937431856e+02 -6.724242489550978235e+02 -4.617705893679228211e+03 4.732863223429261226e-04 2.839717934057556844e-03 8.899752332150708867e+01 3.004145013042292325e-02
1.197781189694583901e+02 -6.294801921745707887e+02 -6.274749407308581794e+02 -7.568882680497451474e+03 3.716409376786735438e-04 1.778794231624420373e-03 6.426949089658778291e+01 2.556482929901716106e-01
1.356556837862301563e+02 -1.442764949814465353e+03 -1.442585917402937639e+03 -9.616606052040529903e+03 7.877517311479575535e-04 9.688075725811575323e-04 6.819064038999012212e+01 5.311500631457509725e-01
5.899813943023366392e+01 -4.305836012177111343e+02 -4.424080112603436987e+02 -2.139404221632340978e+03 7.083412743790102077e-04 1.016453846642525924e-04 3.945556366891419486e+01 6.730713716428061710e-01
9.457061466304378428e+01 -5.696297437286215199e+02 -5.680376254445601489e+02 -4.857527530447922800e+03 6.861063464837049205e-04 2.433136395400546312e-03 5.327365880133169185e+01 3.602605512586889436e-01
