# format=SNRtot_MF, evidence_inj-nofilter, occams, mass_in_solar, chi_inject]
1.919662461715226129e+02 1.842174060287807515e+04 2.783812972492217749e-02 7.928780457576553431e+01 2.007932171022621670e-01
1.325752559549655700e+02 8.787238179242938713e+03 3.983863795184550138e-02 7.537206296506681724e+01 2.438890589329499869e-01
1.099120690956653732e+02 6.037163776841559411e+03 2.202846070770599074e-02 4.935446179432886993e+01 2.033924511336087093e-01
9.883772985442506354e+01 4.880091596450926772e+03 1.859475255701670965e-02 6.204273097824260930e+01 2.017831426224956926e-01
1.370637862166999241e+02 9.387895254064376786e+03 2.449018486754335911e-03 7.648259932163443864e+01 7.576798208053555639e-01
1.156287274684450495e+02 6.680239998471498438e+03 1.694619147449336061e-02 6.319823188018943227e+01 4.877978255109937655e-01
1.238352563566739093e+02 7.664889882974150169e+03 3.792008131630773132e-02 6.935845358276733919e+01 1.851432931119934289e-01
2.577720086678316420e+02 3.322036552765378292e+04 3.533765326218156477e-02 9.567904342242968596e+01 6.312524413732321926e-02
7.166956218159167946e+00 3.027131594379301305e+01 2.063274251953497174e-01 1.049653824734473631e+02 4.711721523914133569e-02
3.128942807619678135e+01 4.887711458700179605e+02 6.460834762721555380e-02 8.951707923755782303e+01 1.732814389527271570e-01
1.029533935053393918e+02 5.294391091629522634e+03 2.528428943523283040e-03 4.353197681797571761e+01 5.828887594611273926e-01
1.487645333379757346e+02 1.106439425705151189e+04 4.461597103106536982e-02 8.610643169763190485e+01 1.763645063964398019e-01
1.549845570634768421e+02 1.200539897377634043e+04 3.737056095546661266e-02 6.792837291954825218e+01 2.852603725078160513e-01
4.087285137852229155e+01 8.312683502302827492e+02 4.892319420621307757e-02 9.272367316725228648e+01 1.795082637729271957e-01
2.122640149201043585e+02 2.252676391465369306e+04 2.008131630773140122e-02 8.833091363920618733e+01 3.932168537148530429e-01
1.515800387291470486e+01 1.051060981891251913e+02 1.223556317895940597e-02 3.338983599028311744e+01 3.795365806245725726e-01
1.760403570647668801e+02 1.549161262301834722e+04 3.040467568769455661e-02 7.109627848575863140e+01 1.758027331148443242e-02
1.504556133487891145e+02 1.130994675493043360e+04 8.576329331046311506e-05 7.078246722485863529e+01 9.398732781954610704e-01
2.127948404387750259e+02 2.263280741123789267e+04 5.526967791118734142e-04 4.016244743810408124e+01 6.452071930546195988e-01
1.967971541549462984e+02 1.935801596868031993e+04 1.048218029350104878e-03 3.045531535070587026e+01 3.793145958184262478e-01
1.140111741217330206e+02 6.483712004724419785e+03 2.890540626389682998e-04 4.418873552810713079e+01 8.375867728768267018e-01
3.639988439256587327e+01 6.595092552657973783e+02 6.877898481672066466e-02 5.330034102290449027e+01 3.006961790827735181e-01
9.685777208842524999e+01 4.687149025035348131e+03 6.237214916460199349e-02 8.201207271781076713e+01 4.033126275153079976e-01
3.026479789287395192e+02 4.578820468579455337e+04 1.365859856425894045e-04 1.061730682186171890e+02 8.449758564252360937e-01
1.129169758730451605e+02 6.365106199032525183e+03 1.454799568007115193e-03 9.273203961774910908e+01 7.757167945948860721e-01
1.554990862556407762e+02 1.209089803208909143e+04 3.167206657772695527e-02 4.519964096939407483e+01 1.241002218535997847e-01
2.706464638162250935e+02 3.662120385862297553e+04 7.286703513118607776e-03 7.694325212390357649e+01 3.262299069641265148e-01
1.063480406820583113e+02 5.645341192299539216e+03 1.365859856425894045e-04 4.860779449750526027e+01 8.691169298974393831e-01
1.693041022137880418e+02 1.432339640511189646e+04 3.494060097833682566e-05 5.347203236026031448e+01 9.026800663659959589e-01
1.068985090230551549e+02 5.712954654372632831e+03 3.387332443936217491e-02 3.103556642601892435e+01 1.281761604022501055e-01
1.141076165569420482e+02 6.505537651634336726e+03 1.615208690680388845e-02 8.080072285491991124e+01 5.341430427502699141e-01
3.611745053292181638e+02 6.521562125848098367e+04 4.189695699129661506e-03 5.498236650988908281e+01 4.218556444715035880e-01
3.161109452214429183e+01 4.964755359972454016e+02 1.102503017597357277e-01 1.023337684280610915e+02 6.366080032881737960e-01
1.551039156943697606e+01 1.191922732863878309e+02 1.696969696969697072e-01 9.476791618507012060e+01 5.299870833900011124e-01
1.864955579139127195e+01 1.772597671684050056e+02 2.491074264659170201e-01 6.662002056805022221e+01 3.787732923504493199e-01
8.632547115196263121e+01 3.716803785291039276e+03 3.671939520996124473e-02 1.118661833127892038e+02 3.232812822071809422e-01
6.493490706664000811e+01 2.105900860038502287e+03 7.086589162060860647e-02 1.017657311179319919e+02 2.348839232819106004e-01
3.227210737323417220e+02 5.207039083036527154e+04 1.197509688075725810e-02 1.163412681338820249e+02 4.818415701711568633e-01
1.321307319921204737e+02 8.725092679533749106e+03 5.552379137284797761e-03 1.042658532490221432e+02 6.232531153050553385e-01
9.972284603821124449e+01 4.962732140790020821e+03 2.349596594879613601e-02 3.181775013692793763e+01 4.005001743787220403e-02
1.667982432026201991e+02 1.390576280001460509e+04 1.143510577472841606e-02 5.289981300018732213e+01 4.215408996334386038e-01
7.952703054374698866e+01 3.159565449972962597e+03 3.085255066387141906e-02 4.399687341447244648e+01 4.276259408273134360e-02
1.597755039112461191e+02 1.275933886234635065e+04 4.044851025983101783e-02 6.839406301689967904e+01 7.873835147316522731e-02
8.746144813395260087e+01 3.817222333630930734e+03 4.859919954259576610e-03 6.331843490026235344e+01 5.766362429257483324e-01
1.953943605193506983e+02 1.908474247045504671e+04 1.714312940728035181e-02 5.530515426585068894e+01 2.257277266514589598e-01
6.779610105905770467e+01 2.286178795808759787e+03 4.986976685089892537e-04 7.040168778047505782e+01 8.938942888969828582e-01
1.633633923641916397e+02 1.333595543902683676e+04 1.618385108951146678e-02 1.127269051605090482e+02 5.913895994156309621e-01
1.863804340825217878e+02 1.735807579526857808e+04 5.241090146750524391e-04 4.045846509435628491e+01 7.774267933213439008e-01
2.488143856000532139e+02 3.094842568378198484e+04 2.470618130995489575e-02 6.161524390811666763e+01 4.307143589179768250e-02
3.606526899065789848e+02 6.502874723392380838e+04 3.017597357219998708e-02 9.941521225810778617e+01 1.035554681334415195e-01
1.540321826026033314e+01 1.171162166967553162e+02 1.099263070961184197e-01 8.641457078542640602e+01 5.686863219474331821e-01
2.071286888202808711e+02 2.144676565736348857e+04 2.114859284670605327e-02 8.366239741376811878e+01 2.864182237065193812e-04
1.510649266899629879e+02 1.139026428173072236e+04 3.430531732418524602e-04 3.226245085647235555e+01 7.646058643214979078e-01
1.482093812458594186e+02 1.097741092249689245e+04 1.555809669017216117e-02 5.482118800978120987e+01 2.864968589342915539e-01
2.620498833273612718e+02 3.433312267811202037e+04 4.869449209071850630e-03 7.396322095228093474e+01 5.723730276357787972e-01
1.357915082025038203e+02 9.213539792950978153e+03 1.375706753065243648e-02 9.833787386592638313e+01 4.781874816120755267e-01
7.212384395667827164e+01 2.597332211006183570e+03 1.745124197954386544e-02 9.973605448876206481e+01 4.205710291616675534e-01
3.134474393038058082e+01 4.870095197146814030e+02 1.160790292865764572e-01 8.667954854094978145e+01 1.844988237410055132e-01
7.809210640643314605e+01 3.042971735881897075e+03 9.551489740168984943e-03 7.483749676850335675e+01 5.534448759948633612e-01
1.963694274896700520e+01 1.908189721835103114e+02 1.809097261927450628e-01 1.060358639182244360e+02 3.565704746464108676e-02
1.772622291092403941e+02 1.570907633694815740e+04 1.230226796264532151e-02 8.267843942959538595e+01 5.376442398599560191e-01
1.124354372983702461e+02 6.313228866711822775e+03 1.111746394765262733e-04 3.314782864282619101e+01 8.608115588356490822e-01
2.784193713888709567e+02 3.875021959666283510e+04 2.858776443682103948e-05 9.900205498160764250e+01 9.237045295805409451e-01
2.457204591909942621e+02 3.018256512525596554e+04 3.632869576265802813e-02 8.779902709355671675e+01 3.416791394695709028e-01
1.896945105308649033e+02 1.798184548223085949e+04 3.303475001588209218e-04 9.225182179579127251e+01 8.021571118849937232e-01
2.312196867408160870e+02 2.672345535888596351e+04 1.969379327869893884e-04 1.107960746098338944e+02 8.935873607144808606e-01
5.845339173240184039e+01 1.705434034095248080e+03 9.090909090909090468e-03 5.663193529592697217e+01 5.240100103139577747e-01
2.380204237422872495e+02 2.831825329690717263e+04 9.973953370179785075e-03 4.216068330193201064e+01 2.047011859143516577e-01
1.668488761793288120e+02 1.391505739398110018e+04 1.172415983736738512e-02 6.219947187326364713e+01 4.231514013155619480e-01
1.697656139785035805e+02 1.440460369327529952e+04 3.986404929801156544e-02 9.566231761963632607e+01 1.293156732185644919e-01
6.777362785701926384e+01 2.292157127480707004e+03 1.368400991042500493e-02 7.059678111207577444e+01 5.594787027595510276e-01
2.433378686695631359e+02 2.960301977363390688e+04 5.177561781335366427e-04 1.197774312008417468e+02 7.098458470668292941e-01
9.884610491730764181e+01 4.884166091050556133e+03 3.123054443809160710e-02 4.795693327776583459e+01 6.911537289684495378e-02
5.313147269539618378e+01 1.408201603387519299e+03 5.377358490566037930e-02 1.141061785456203808e+02 4.580914935294977397e-01
2.364996981455047944e+02 2.795888798193354160e+04 1.648561082523346656e-03 6.490981379668016871e+01 5.700203647822443820e-01
6.930519288827585456e+01 2.401029162647493649e+03 6.711771806111428706e-02 1.066007486042398256e+02 5.960816692281478701e-02
3.197015087103628872e+01 5.055962384091711215e+02 3.042055777904834404e-02 5.511594379380190389e+01 5.397492870422397893e-01
2.169861834123213100e+02 2.353755884033147595e+04 2.797153929229400857e-02 5.987785326658392648e+01 2.476300186344991550e-01
6.962255884431753827e+01 2.414158902419345395e+03 3.690998030620672252e-03 5.161817854082174506e+01 7.326858265725127994e-01
1.629888032288345130e+02 1.327878407149682607e+04 4.814179531160663050e-02 9.574465196998792749e+01 6.917517907784793973e-02
3.137931405726286016e+01 4.917936194427893497e+02 2.324185248713550589e-02 5.643230035213962026e+01 6.017969409196002317e-01
2.623080437804422331e+02 3.439114720147426851e+04 1.972555746140651836e-03 6.244451901057189502e+01 6.972934604065659236e-01
1.329344417703966563e+01 8.543095912260042724e+01 1.115875738517247973e-01 4.047662182290369515e+01 4.024357739204354606e-02
1.066388224478053104e+02 5.684223630091688392e+03 6.234991423670668831e-02 9.913647017953981333e+01 3.459264483377836458e-02
3.608565843108921172e+02 6.510244373102485406e+04 8.500095292548122058e-03 1.156753444046383237e+02 4.468930143917497766e-01
1.048826103646761823e+02 5.495497751225380853e+03 1.201639031827711132e-02 1.158890833518655512e+02 4.148533746166281344e-01
2.047561080412945245e+01 2.065393221493602027e+02 3.538847595451369288e-02 9.796194586128326875e+01 3.615025275769123692e-01
1.344696928634882340e+02 9.037236613870583824e+03 3.126548503906994431e-02 5.930098618108936392e+01 1.242320836076604013e-01
1.375093089747704482e+02 9.451629398655819386e+03 7.111682866399847425e-02 1.066566382934639563e+02 2.030185888715244635e-01
7.202877172132735950e+01 2.591565312996600369e+03 3.785655295089257466e-02 1.021984763813987769e+02 3.119720104535526617e-01
2.002594790137244161e+02 2.004661345142793652e+04 4.384410139127119937e-02 9.899128863871142414e+01 3.476051924244314972e-01
1.300528354807126448e+02 8.453479563620698173e+03 4.407280350676576891e-02 9.224871135114156573e+01 2.764615015861465741e-01
5.388438556125081647e+01 1.447349663833199202e+03 2.127882599580712894e-02 9.904448971485967945e+01 6.318158146444455836e-01
2.170733441235832117e+02 2.355723906007588812e+04 4.773839019122037841e-02 9.868300673831573988e+01 1.466918828040729705e-01
2.173441099625790116e+02 2.360378146273893435e+04 4.049933295216314420e-03 5.577045703168853663e+01 4.996614560704001895e-01
2.157132003815847270e+02 2.326543153793612873e+04 1.438599834826249924e-02 5.025836747740210342e+01 2.226695677264763779e-02
1.613319750976953060e+02 1.300407298109339354e+04 1.241979543866336341e-03 5.079169988693860915e+01 6.416798431853966145e-01
3.050013071609753297e+02 4.650285330104330205e+04 4.348516612667555764e-03 9.775206668587117065e+01 5.013475307363634004e-01
1.267228971059576281e+01 7.874273295427013863e+01 1.384028968934629400e-01 5.417048122018778855e+01 4.019552718060921959e-01
3.164273438399388851e+02 5.005975128116709675e+04 2.783812972492217749e-02 9.905096744068418957e+01 1.885600260197607125e-01
