# format=SNR220, SNR221, SNR440, evidence_inj, evidence_filt, nofilter,                 occams_inj,occams_filt, mass_in_solar, chi_inject]
1.086680943369777168e+02 4.569563310719053106e+01 3.017380728445080251e+01 -4.380933425694755670e+02 -5.430180544947808130e+02 -3.074002702938639231e+03 4.517906336088154187e-03 1.345270890725436090e-03 6.098871987466579014e+01 4.932568375053890675e-01
1.542024121771212037e+02 9.874947565838587593e+01 4.507639403629385555e+01 -4.272245848179279051e+02 -6.418400474058448708e+02 -2.633889224310260397e+04 1.083562901744719847e-03 8.723599632690541897e-05 5.409585481161720821e+01 9.531217992581854370e-02
1.076153713657032114e+02 5.668653729693817667e+01 2.822044723941223054e+01 -4.010692673670999966e+02 -5.109108584788876328e+02 -1.126114833963796991e+04 2.410468319559228717e-03 1.285583103764921921e-04 6.970531040911852472e+01 7.313085093764805089e-01
1.007626573687742706e+02 3.584390557425305701e+01 2.792419562206817574e+01 -3.753846112064786098e+02 -4.408044621131206782e+02 -4.209370471721407739e+03 5.202020202020201690e-03 5.050505050505050501e-04 5.127096366239781844e+01 1.689306686264117341e-01
1.731665340768513772e+02 7.938091341544340196e+01 3.991842871648176327e+01 -4.108986357013266684e+02 -6.034244133773952399e+02 -3.124783853937761160e+04 1.505968778696051323e-03 1.698806244260789788e-04 6.602268245211486430e+01 5.393871121213780206e-01
9.146325798645997907e+01 3.255077748021908235e+01 2.639817884458808450e+01 -3.764347732865146554e+02 -4.510957506813595614e+02 -5.541573596927032668e+03 1.061983471074380223e-02 2.869605142332414850e-03 6.285302725794787193e+01 4.996494372292196728e-01
8.328496519414156296e+01 3.962104252015700467e+01 2.295325732468104718e+01 -4.014369516905468913e+02 -4.356459236407169442e+02 -5.718741042897264379e+03 2.576675849403122290e-02 5.872359963269054538e-03 6.549083381732062037e+01 1.895673963521185001e-01
1.580829485844606666e+02 5.354474507522974847e+01 4.387543406234041043e+01 -4.211051350603054289e+02 -6.916212381358677703e+02 -1.099234008735708449e+04 1.294765840220385694e-03 3.011937557392102647e-03 5.617567885085554025e+01 3.993077442302601643e-01
1.172021150767391191e+02 6.358784853941988757e+01 3.761682371476796050e+01 -3.877852545344908322e+02 -6.543717121064903495e+02 -3.670405334824874899e+03 2.617079889807162434e-04 6.106519742883379735e-04 5.203816935734543137e+01 8.220233952391418075e-01
1.518802490872322437e+02 9.047196568318547349e+01 5.823367090844725169e+01 -4.333497645490682544e+02 -7.409945434541000395e+02 -3.528196698080544593e+04 2.640036730945821784e-03 1.561065197428833742e-04 6.657896201220647470e+01 5.129080676717356901e-01
5.111325620559922811e+01 3.714019007573676134e+01 1.509636467869108323e+01 -3.790934758801113276e+02 -4.246031935453002006e+02 -2.211752036911600499e+03 2.099632690541781282e-02 9.834710743801652194e-03 6.255574678220806106e+01 6.276101699540945766e-01
1.971511851619770823e+02 1.206508198208015301e+02 4.829268571571483903e+01 -4.251210107422726310e+02 -6.590744804011586666e+02 -3.949878862810980354e+04 2.304866850321395794e-03 3.902662993572084626e-04 5.183062544018130779e+01 5.339165820905229509e-01
1.708005888773189724e+02 6.497204816991784071e+01 4.853316413892910219e+01 -3.953541697801813370e+02 -7.498087250815336802e+02 -7.939976056800429433e+03 5.004591368227731367e-04 3.489439853076216759e-04 5.675305618177934264e+01 7.109970054817723595e-01
5.020322290337077220e+01 1.479361294104875491e+01 1.018003240663901288e+01 -3.684099568416651778e+02 -3.768374950122909581e+02 -2.727460891650470785e+03 6.329201101928375039e-02 4.490358126721763141e-03 6.525592183445166938e+01 2.620867411459453650e-02
1.901215451837585135e+02 6.888191870674478423e+01 6.647717413133388220e+01 -3.834517781796605504e+02 -9.620218200200023375e+02 -1.275784139672783749e+04 5.463728191000918367e-04 1.974288337924701609e-04 5.222994156522187836e+01 6.629488761472497327e-01
1.621705769339102687e+02 9.698971944310683568e+01 5.402605696733252927e+01 -4.333567875355251431e+02 -8.080663194373255465e+02 -2.790376551456950983e+04 1.822773186409550094e-03 3.948576675849403217e-04 6.491707471839602306e+01 6.352843931728449078e-01
1.066251651918023668e+02 5.650799230606256174e+01 3.653573504544878148e+01 -4.021812052546427481e+02 -7.959392143983352526e+02 -4.523210026187886797e+03 4.591368227731864042e-04 1.515151515151515150e-04 6.237380700404414569e+01 8.629412755282358516e-01
5.221173208474295535e+01 3.269020271091140728e+01 1.448035207270849867e+01 -4.031154387211373660e+02 -4.212901883788042596e+02 -6.975240392812684149e+02 2.932966023875114778e-02 1.332874196510560119e-02 5.028820299700775109e+01 5.516164251756057457e-02
4.560548890717379322e+01 1.679152800289532621e+01 1.087396768241619505e+01 -3.897935367420114403e+02 -4.039821049597921956e+02 -1.216146853457609041e+03 1.011478420569329739e-02 1.095500459136822778e-02 5.759149940622425135e+01 6.973005917247251384e-01
1.467393089516115481e+02 5.959627568292326316e+01 2.787486294559861122e+01 -4.063305167810749481e+02 -4.734909658972259763e+02 -6.391356052074533181e+03 5.004591368227732234e-03 2.199265381083562870e-03 6.818359991967344058e+01 4.283172074889434189e-01
1.473529880489980997e+02 6.915965672833691258e+01 3.874465843120785280e+01 -4.126247928544937054e+02 -8.840723734513265981e+02 -1.331092810744865710e+04 2.112029384756657384e-04 3.076216712580348892e-04 5.147191853816278950e+01 8.655053272510773166e-01
5.030114907287927650e+01 2.142427959314726849e+01 1.644543918400500360e+01 -4.341839277915657362e+02 -4.495375575949746576e+02 -9.490835861258531168e+02 3.272727272727272985e-02 8.971533516988062021e-03 6.259278437627715164e+01 2.840652274863589843e-01
1.377352847965732394e+02 6.381398307468779763e+01 4.043981412245764062e+01 -4.394625298464571301e+02 -6.765984753590408900e+02 -1.026573802095616338e+04 3.567493112947658310e-03 4.086317722681358992e-04 5.690669893280913527e+01 4.232401812642032080e-01
4.208621083697182286e+01 2.147453643827614300e+01 1.479199528272054742e+01 -3.649599907147079421e+02 -3.949838848410907985e+02 -1.952570401636938641e+03 2.931588613406795052e-02 4.843893480257116350e-03 6.960065296882238783e+01 7.306258432467107600e-01
3.121515505332219576e+01 1.260496100541481113e+01 1.249815654331364101e+01 -3.993180462151171355e+02 -4.298231850535806871e+02 -1.157389247226469251e+03 2.452249770431588760e-02 3.171258034894398198e-02 6.535061902396677169e+01 6.584140680879119190e-01
1.186930172219376942e+02 4.638261547612761149e+01 3.657385474965899164e+01 -3.961447706035979195e+02 -5.212405192862893273e+02 -5.004281303627331909e+03 7.993572084481174664e-03 1.818181818181818180e-03 6.028770138418894931e+01 2.602675627159625749e-01
1.599828992621440591e+02 7.023033082049032316e+01 3.084014166566177195e+01 -3.791910337040672516e+02 -4.456049905400565763e+02 -2.868867716430457585e+04 4.407713498622589134e-03 2.525252525252525250e-04 5.758754046917666614e+01 4.156873888623285884e-01
2.304605876051383575e+02 1.260686122922687957e+02 5.781159593785651651e+01 -4.260219445554170079e+02 -1.038414365513091070e+03 -4.318350552688483003e+04 5.188246097337006818e-04 3.259871441689623259e-04 6.918204892488697055e+01 7.446920550226130420e-01
6.151957639567007163e+01 2.607743022609828287e+01 1.736302479494485240e+01 -4.055532287311775121e+02 -4.422952979856249272e+02 -3.245592955720880127e+03 1.686409550045913849e-02 5.798898071625343924e-03 5.432815235726840086e+01 4.909029673231086743e-01
1.057369482395797888e+02 5.409578696109307572e+01 2.359292006302672107e+01 -4.450691182560248649e+02 -5.562647211152290083e+02 -8.693552132463173621e+03 1.207529843893480207e-03 4.912764003673094184e-04 6.807962597133905547e+01 8.118827473267478112e-01
1.514360159693274852e+02 9.113235524372005614e+01 3.635965646937678741e+01 -4.129200270365731740e+02 -5.022410508149162069e+02 -7.269670624426785253e+03 4.641873278236914764e-03 6.290174471992654101e-04 6.470078769233249716e+01 2.690262590191133674e-01
7.873916994900964994e+01 5.702805208554357819e+01 2.172293705712697687e+01 -3.755078870123210208e+02 -4.822959531647325093e+02 -1.733880085415402618e+03 3.489439853076216759e-04 2.157943067033976246e-04 5.628195564883813518e+01 9.099755235764812600e-01
1.056100004893176845e+02 6.476715233826936924e+01 1.898460615331657664e+01 -4.021419630605813040e+02 -4.299956521299300221e+02 -1.164485073501044826e+04 1.458677685950413201e-02 4.182736455463727764e-03 6.883261417078477962e+01 4.165047260147563546e-01
1.657514203881409287e+02 7.869198322885981156e+01 2.777333733210359412e+01 -4.283885634149884254e+02 -5.523898548437135787e+02 -9.199883537745596186e+03 1.230486685032139557e-03 1.124885215794306633e-03 6.414684435082254765e+01 6.176837011953436596e-01
3.810840987884475339e+01 2.178367692364824748e+01 8.103232504290591720e+00 -4.165832462620813885e+02 -4.203197188961127608e+02 -7.512211858760688301e+02 4.196510560146923807e-02 3.711202938475665486e-02 5.907479839483747242e+01 2.906965089693158699e-01
1.858848893800628446e+02 8.182173657196041461e+01 7.482757098387418182e+01 -4.029876579013141509e+02 -1.004031723871593158e+03 -4.324710643321549287e+04 9.504132231404958768e-04 5.050505050505050501e-05 6.067364209107786621e+01 5.702425143020626308e-01
1.811698843319066299e+01 8.535740933131226171e+00 4.683838437155594114e+00 -3.743453730720621593e+02 -3.782664790751508690e+02 -4.249159310709678721e+02 1.550780532598714512e-01 7.064279155188246673e-02 6.752322596203298133e+01 4.331381143966308578e-01
7.445090137795561702e+01 4.121380691816624875e+01 1.534773329234664274e+01 -4.114016057924382039e+02 -4.475594033690331344e+02 -6.241969292697588571e+03 8.494031221303948668e-04 5.004591368227731367e-04 5.236242645127387618e+01 8.957544603040143993e-01
1.674487394109772822e+02 6.948479150024088824e+01 6.025215576212295332e+01 -3.714534336847173677e+02 -5.867771651087026612e+02 -1.252391188267680809e+04 6.078971533516988254e-03 4.683195592286501226e-04 6.651558693760031815e+01 1.670343145200743618e-01
1.965120214016758098e+02 5.426277597655809615e+01 5.475712188079313592e+01 -4.148089872669622764e+02 -6.625024888301999226e+02 -1.212029015108486783e+04 3.494031221303948564e-03 7.713498622589532068e-04 5.237146165797230424e+01 2.554900250048269261e-01
9.576765803103304719e+00 4.724499144143189611e+00 1.763540984340292272e+00 -4.222218168460536845e+02 -4.255074920507212255e+02 -4.506463916857837262e+02 1.039439853076216669e-01 3.333792470156106413e-02 5.692936724135458348e+01 3.567310544414418194e-01
7.751611952502155134e+01 2.123033878942754882e+01 1.683781595282374610e+01 -4.159035192074463794e+02 -4.487958130010797504e+02 -4.859433650674732235e+03 9.540863177226813208e-03 1.122130394857667572e-02 6.376491964531921042e+01 2.571748735654300413e-02
2.090428041495940903e+01 1.223364048748445221e+01 9.042244709666560354e+00 -3.908105939292067887e+02 -3.947207299814535304e+02 -9.525361501848259422e+02 8.403581267217630213e-02 5.500000000000000028e-02 5.321044782556239028e+01 2.656468300538727956e-01
1.807128800259103798e+02 7.233295188592316549e+01 3.541985442440369525e+01 -3.970652145674758913e+02 -5.466297787455497428e+02 -2.481881101036533801e+04 3.797061524334251811e-03 1.244260789715335080e-03 6.602926600632616783e+01 4.327647010386604931e-01
9.038431166084470192e+01 4.335592190999645368e+01 3.131652072633344375e+01 -3.709524653545186652e+02 -5.605371596308145854e+02 -4.389985505399155045e+03 3.627180899908172534e-04 7.024793388429751567e-04 5.511460727278483063e+01 8.585602618438339384e-01
1.043709097359310363e+02 5.923661991119101344e+01 3.684303210033188947e+01 -4.215168566783166284e+02 -5.458448424389597449e+02 -9.108286156695998216e+03 5.404040404040404144e-03 7.116620752984389835e-04 6.361844800200358208e+01 4.237756269355755778e-01
1.701571994859912351e+01 5.867302118958555468e+00 4.692990306841334558e+00 -3.971763451036111405e+02 -4.003942336012214582e+02 -4.632848463987991749e+02 2.370661157024793464e-01 8.701101928374656291e-02 5.991586071702062810e+01 2.161447643559645249e-01
1.078389572700461088e+02 5.374008226270949962e+01 2.877570878916474939e+01 -3.841411506080356730e+02 -4.673514281422596923e+02 -1.163681832119608043e+04 9.912764003673094071e-03 1.579430670339761287e-03 6.586840029298740262e+01 5.355308394177079601e-01
2.154670234685955421e+01 9.080096691887272087e+00 7.767906234935137988e+00 -3.850125902827788309e+02 -3.903164531188442652e+02 -4.686929020268819386e+02 6.539485766758494634e-02 2.465105601469237684e-02 5.122086375194164987e+01 2.731444653888573937e-01
1.101039277682346125e+02 4.292939175751972414e+01 4.748526624345781499e+01 -4.196574018958743864e+02 -6.653902857489364351e+02 -1.199115749923752446e+04 4.981634527089072451e-03 1.744719926538108379e-04 5.888814950149807004e+01 2.730476528149632376e-01
4.517678581042371633e+01 3.022159967048454732e+01 1.815289489335742701e+01 -4.037555827182053463e+02 -4.516346656683862761e+02 -1.261107909960335746e+03 2.469237832874196514e-02 2.966023875114784381e-03 6.875901970548349595e+01 5.382774569177947166e-01
3.695309754563235316e+01 1.574972014426620781e+01 1.434889915422742313e+01 -4.084153276135443207e+02 -4.301349482117292382e+02 -1.221138681146611589e+03 2.414141414141414074e-02 3.686868686868686757e-03 5.940821646105973031e+01 5.986241946012941240e-01
1.247078530489687012e+02 6.912622823121826343e+01 3.746782137163236115e+01 -3.904947058384945535e+02 -5.503412020183479854e+02 -1.042362369482280155e+04 1.059228650137741118e-02 2.089072543617998250e-03 6.750610075513809250e+01 3.372885795676769383e-01
2.069528962738544351e+02 1.062386832687515437e+02 6.797846076436316309e+01 -4.211694038833373952e+02 -8.783349467081791317e+02 -5.723851644927330926e+04 1.496786042240587714e-03 9.182736455463727813e-05 6.298668652267991064e+01 5.736377670427195152e-01
1.990495697146596967e+02 1.079095983011582263e+02 4.889052461937335181e+01 -3.912221965650034576e+02 -1.259025176288885405e+03 -4.543913178011726268e+04 1.331496786042240513e-04 1.515151515151515150e-04 6.300955283706019827e+01 8.993585221101138005e-01
1.048768976187460851e+02 3.724464112480753641e+01 1.952041583983075768e+01 -4.051641759972358727e+02 -4.416652915729188749e+02 -3.785298797704149820e+03 7.621671258034894668e-03 6.092745638200183778e-03 5.342540432861521538e+01 2.407142554022262682e-01
4.361964933709933234e+01 2.009881039286882753e+01 1.664451896861258717e+01 -4.194127657547840613e+02 -4.390853444929476836e+02 -1.474685954451257430e+03 2.447199265381083677e-02 3.204775022956841274e-03 5.902771426748748240e+01 1.965065641855224809e-01
1.088696313768942048e+02 5.763772197793686303e+01 3.688996237080274909e+01 -4.525287904196699742e+02 -5.823278153072054693e+02 -1.715024230950467972e+04 4.573002754820936280e-03 2.020202020202020200e-04 5.477779202498504674e+01 5.505696164884794630e-01
1.396076346963782555e+02 3.110508001702935488e+01 2.101823177441891843e+01 -4.311833761136317094e+02 -4.855081343889183358e+02 -1.387694352810154669e+04 6.322314049586777278e-03 1.106519742883379197e-03 6.169456747460403534e+01 2.484766568936143949e-01
5.429173423763516126e+01 2.219627210315205801e+01 9.718426237234533360e+00 -3.985283341563368253e+02 -4.045912043371367872e+02 -3.573992462307533515e+03 2.301193755739210436e-02 6.831955922865013374e-03 5.878673568665395521e+01 5.281176177591744292e-01
1.984350663280050355e+02 9.884778201682262022e+01 5.670803533427819332e+01 -3.811363147787859589e+02 -5.308924513727389467e+02 -5.758142559450446242e+03 2.814508723599632757e-03 8.815426997245179351e-04 5.883554192669603822e+01 1.201631274686323220e-01
1.555494182727747443e+02 6.481355420116220500e+01 2.906828017093886984e+01 -4.067513662311972098e+02 -5.010501495511553003e+02 -1.985197648603557536e+04 9.940312213039485117e-03 1.629935720844811683e-03 6.247390330009447013e+01 3.079584216899222682e-01
5.135237652729662017e+01 1.633851709273550767e+01 1.026210325084066177e+01 -3.940242527386741358e+02 -4.108343032607901932e+02 -1.566614906873841619e+03 2.296602387511478480e-02 5.177685950413223048e-02 5.433532094667398127e+01 3.140438950281940894e-02
7.318023157446815219e+01 3.532562001269870677e+01 1.317623695716040721e+01 -3.966801462360033952e+02 -4.294257427195707919e+02 -3.053012995060032608e+03 4.522497704315886317e-03 3.512396694214876217e-03 5.819775206400673540e+01 5.940168395656061362e-01
1.647389335091646956e+02 4.992996840235949918e+01 3.010868331810688758e+01 -4.141113357780590718e+02 -5.288195824136214469e+02 -1.262672481523597708e+04 4.058769513314968054e-03 1.648301193755739120e-03 5.794486000217861488e+01 4.409946626349540155e-01
1.870053082289712165e+02 1.229141015398379579e+02 3.646762397800720379e+01 -4.274728457363195275e+02 -5.331572832560718780e+02 -5.297659343055728095e+04 4.430670339761248917e-03 2.571166207529843842e-04 5.683323706313467483e+01 3.623621185775800502e-01
9.326322125787383754e+01 2.702083844967021165e+01 2.157317998359746980e+01 -3.684285967163619944e+02 -4.096506977321588465e+02 -7.471123181839732752e+03 1.334251606978879671e-02 1.179981634527089160e-03 5.690995553908202709e+01 1.267817628877174474e-01
1.883345863829940754e+02 9.489856156729356940e+01 2.965013053561105494e+01 -4.055468524541084321e+02 -5.819959634138173215e+02 -1.492477602511946861e+04 4.132231404958677584e-04 6.382001836547291284e-04 6.114704309483973077e+01 7.208849955008693744e-01
1.061532570375733115e+02 4.558966014989808713e+01 3.410709031560175220e+01 -4.353624055706455351e+02 -6.664217400146791306e+02 -9.184001801841704946e+03 8.539944903581266717e-04 5.739210284664829917e-04 6.412189956276576197e+01 8.290188843254958639e-01
1.335909283566241186e+02 6.788974392642006706e+01 2.452861771014654835e+01 -4.329850544068158911e+02 -5.615430118143442542e+02 -1.333651193092309040e+04 1.322314049586776957e-03 1.528925619834710673e-03 6.419019844330279057e+01 7.357345651858081537e-01
1.242495589493796899e+02 4.680863676947994634e+01 2.256626983405651288e+01 -3.943499733262435711e+02 -4.813008248229332935e+02 -1.015075492695612775e+04 7.961432506887052354e-03 7.529843893480257268e-03 5.591834621008771933e+01 2.760703026260678539e-01
1.946041568958585444e+01 1.107021749329054749e+01 4.759194037100662911e+00 -3.943516160497475767e+02 -3.971205758049384826e+02 -5.322903339587790015e+02 5.584022038567493240e-02 3.161616161616161852e-02 6.471014298389135888e+01 1.326472188049130640e-01
1.139979421060151878e+02 5.544021733224475668e+01 4.200326264015273381e+01 -4.028920682746600619e+02 -5.525571194487432649e+02 -2.356126328946982539e+03 5.367309458218548837e-03 1.198347107438016597e-03 5.860674867416469880e+01 4.931953527953834016e-01
2.494417825410050682e+01 1.293404800799969401e+01 4.677563705250076254e+00 -3.985149943056441089e+02 -4.001265516402576736e+02 -5.483191543741348823e+02 9.077594123048668417e-02 5.718089990817263463e-02 6.461411300190601992e+01 4.902019165644864729e-01
2.317261591357714323e+01 1.129633015098617932e+01 8.381423653309937549e+00 -4.193753856054642597e+02 -4.257820265962092776e+02 -5.681055772019856249e+02 8.685491276400367222e-02 1.043021120293847609e-01 6.630676943515589983e+01 4.597137118323808003e-01
2.466355438265834152e+02 1.604631460781760950e+02 5.896066234688685626e+01 -3.833010642938251635e+02 -1.446219675514533265e+03 -6.944978949031114462e+04 5.968778696051423011e-05 5.509641873278237095e-05 5.897633140730111023e+01 9.216824968439036869e-01
9.084403506474811252e+01 4.105250658421720544e+01 2.514254687843362035e+01 -3.886883029380163066e+02 -5.205869584844523388e+02 -6.556417945491983119e+03 3.764921946740128309e-04 6.473829201101928468e-04 5.337420082480883110e+01 8.805982393306449607e-01
9.231607658586500520e+01 6.901240044080743985e+01 3.426086539529588748e+01 -3.942401934720624013e+02 -5.393017093792898322e+02 -7.178315935702393290e+03 4.256198347107438378e-03 1.505968778696051323e-03 5.004743272033884693e+01 4.652800818669710625e-01
2.131417988766860390e+02 9.329207797724782836e+01 4.431642963997749973e+01 -4.185547081885943044e+02 -7.886591965167100398e+02 -1.299754434724086423e+04 3.351698806244260984e-04 4.820936639118457543e-04 6.542263194907667412e+01 7.487875118730938917e-01
1.100895636493151386e+01 2.508431150049539315e+00 2.147165833291994286e+00 -4.031903751874738191e+02 -4.037917836728956900e+02 -4.434428849614657793e+02 4.395270890725436197e-01 4.496051423324150531e-01 5.980753794849794502e+01 3.512723029129762864e-01
8.643206888261093468e+01 4.908829878263278346e+01 1.760002380585593684e+01 -3.916874778688508627e+02 -4.607529906427452602e+02 -9.964294736991125319e+03 1.354453627180899917e-03 1.685032139577594210e-03 6.079818241639620169e+01 8.395745312059670340e-01
1.735200083445709041e+01 9.951984520635976494e+00 5.525620000635822926e+00 -4.234776363296288650e+02 -4.263665254180534134e+02 -7.227442959419456656e+02 2.219329660238751056e-01 1.424839302112029249e-01 5.536084433897416091e+01 2.326016580997866678e-01
7.433368952978331379e+01 3.462010808953338881e+01 1.856738985904360817e+01 -3.913965086427096480e+02 -4.558435660492399961e+02 -1.446348771175514003e+03 1.207529843893480207e-03 8.126721763085399935e-04 5.921800630156086953e+01 8.170013267821049086e-01
1.836608294007180859e+02 8.721489416806721806e+01 5.033984295733122138e+01 -4.267909530316178461e+02 -7.308627213846510813e+02 -3.499505083884616033e+04 1.285583103764921867e-03 2.249770431588613429e-04 6.319577921207746840e+01 5.774184391246797166e-01
1.422916229292535775e+02 5.439946350939343489e+01 2.257370493918518761e+01 -3.828539543624469843e+02 -4.116102887722537957e+02 -1.964575272703565497e+04 1.109274563820018301e-02 1.960514233241505977e-03 6.302401594495987069e+01 1.226252376028170443e-01
7.137292907562411415e+01 4.063822228131765968e+01 1.266847861616440696e+01 -4.059558141501972841e+02 -4.285927654691680573e+02 -4.591768794826193698e+03 1.161616161616161724e-03 4.912764003673094184e-04 5.695813780962295425e+01 8.755040938831366581e-01
1.116954521076662559e+02 3.976647619111761145e+01 3.400410103417523544e+01 -3.987078561148975950e+02 -6.077667841104891977e+02 -1.189078847358504572e+04 2.043158861340679550e-03 8.723599632690541897e-05 6.796670938101870263e+01 6.137176027108057763e-01
1.776465518406786828e+02 5.756156759956128610e+01 4.082720971536934940e+01 -4.088766427762579951e+02 -5.911071206996622323e+02 -1.378712194565725986e+04 3.549127640036731091e-03 1.772268135904499480e-03 6.776365708051574188e+01 4.122982109912682880e-01
4.937880047404435402e+01 3.199926222561487776e+01 1.024964591071359798e+01 -4.004991486582491689e+02 -4.342760520657422489e+02 -1.507422844816832594e+03 8.264462809917355168e-04 3.994490358126721809e-04 6.311388955333406159e+01 9.291392213504929831e-01
2.292818169852208428e+02 1.016129712154332907e+02 5.891330187135617535e+01 -4.567121561217991825e+02 -1.053877359062615596e+03 -2.648572565896648666e+04 2.387511478420569204e-04 2.984389348025711709e-04 6.417965686914743628e+01 7.244627600209609941e-01
1.428576410233004026e+02 4.100976251795675864e+01 4.055516007342063745e+01 -4.009563800639809870e+02 -5.551637033819672524e+02 -2.029358976891472048e+04 2.359963269054178320e-03 1.652892561983471196e-04 6.787774274699191324e+01 4.735390171681344573e-01
1.750327918722815639e+02 6.782707400446184920e+01 4.002893669635570006e+01 -4.346992424002214648e+02 -5.624072419525846271e+02 -2.387286128615932103e+04 3.521579430670339610e-03 3.673094582185491125e-04 5.399797593023392750e+01 8.270519495705563884e-03
5.804201267763842509e+01 3.975597962727081125e+01 1.691285402477117472e+01 -4.088549442222431480e+02 -4.482786261640322891e+02 -4.153536114692811680e+03 6.505968778696051211e-03 6.000918273645546377e-03 5.633421484132003343e+01 6.252356200946217468e-01
8.166356415334283270e+01 3.455806839151050980e+01 1.919521896409638728e+01 -4.056210947129408737e+02 -4.475277601805000813e+02 -2.103900312264651802e+03 1.033516988062442576e-02 2.630853994490357957e-03 6.069191528673572122e+01 3.984408400144627271e-01
2.858130415938453694e+01 1.573269636443583153e+01 7.053815554189840853e+00 -4.146558995925779527e+02 -4.257671176910118902e+02 -8.644593091214443348e+02 2.822314049586776771e-02 5.867768595041322408e-03 5.961528064352148704e+01 5.968941218548261540e-01
1.435034621733597078e+02 6.370624785698729653e+01 4.342444326129087528e+01 -4.116951575579516884e+02 -5.260633760117987094e+02 -3.252070912736869559e+03 6.363636363636363848e-03 9.687786960514233135e-04 5.374345633864808747e+01 2.247278557437252799e-01
1.387853716482080131e+02 5.208212584095770126e+01 3.993339422407137107e+01 -3.762582154731968558e+02 -5.272983284853804662e+02 -1.543252712052510651e+04 3.631772268135904664e-03 2.112029384756657384e-04 6.869920525294290314e+01 2.392180712529313191e-01
3.775551531479815992e+01 9.380170417410589323e+00 7.829911801839601893e+00 -4.006904527459726069e+02 -4.047432952526091299e+02 -8.588363964125177290e+02 1.177364554637281846e-01 3.512855831037649257e-02 6.243890933444856017e+01 1.102876911619631445e-01
2.594278456273536193e+01 1.659198309343373978e+01 8.702042776735884999e+00 -4.127061870661332250e+02 -4.239551054657787290e+02 -9.842456596675096989e+02 6.640036730945822474e-02 8.600091827364554631e-02 6.908349187699802485e+01 1.218316584048368262e-01
1.234074204904199519e+02 6.986407367104217769e+01 2.612371407724181083e+01 -3.959124388059300941e+02 -4.934111044682595661e+02 -1.856361576987003718e+04 1.570247933884297460e-03 1.285583103764921921e-04 5.167354197932294824e+01 7.179641672599424984e-01
1.247213157747603560e+02 5.784868065823334859e+01 2.206246926321530566e+01 -3.915207359385159975e+02 -4.502906195307300550e+02 -3.229208236788982958e+03 4.164370982552800977e-03 1.092745638200183673e-03 6.278118304037356268e+01 5.464170581977735308e-01
1.767128291104743454e+01 9.344129616000895311e+00 2.898569446883909606e+00 -3.963450115740416209e+02 -3.986094479490227513e+02 -5.366363212609212496e+02 1.682598714416896346e-01 1.084435261707989012e-01 6.273562295069382344e+01 4.225352662526826730e-02
1.215283603770359377e+01 4.925776094444626274e+00 2.941004413722803523e+00 -4.101121940809513831e+02 -4.105468656703209831e+02 -4.969737840212600304e+02 3.177410468319559200e-01 2.151928374655647513e-01 5.076615859409322695e+01 8.997995956877438695e-02
7.613285345631413747e+01 4.297827342755680746e+01 1.233265687002278099e+01 -3.866897789929522560e+02 -3.986582385421979779e+02 -6.401868815272908250e+03 3.491735537190082672e-02 1.194214876033057766e-02 5.588967676162178577e+01 9.996239992303485034e-02
1.761737515970890229e+02 7.116743683621514549e+01 2.907262813216578579e+01 -3.960980920085883668e+02 -4.922478771243239066e+02 -9.110999947401081954e+03 9.366391184573002451e-04 1.138659320477502374e-03 5.098124301418489068e+01 5.823343191897015769e-01
2.148802117785792518e+02 1.039594465702964641e+02 7.596216230444420603e+01 -4.061335167983435213e+02 -1.961092698720857015e+03 -2.733498241508394131e+04 4.591368227731863907e-05 1.285583103764921921e-04 6.282789284146087994e+01 8.891185742683623827e-01
2.831550175951894133e+01 1.572190413981078372e+01 7.123328918985655456e+00 -4.122506910801125741e+02 -4.186587992978091393e+02 -1.303465213325457398e+03 6.685491276400366834e-02 8.061524334251607415e-02 5.551674632472809634e+01 8.062756846953127166e-02
1.241789372832511340e+01 6.436117936331312350e+00 3.186068447919137903e+00 -3.851221278475684926e+02 -3.856919981910111233e+02 -6.044894549536591057e+02 2.077089072543618076e-01 1.186776859504132253e-01 5.636616774428945575e+01 5.913660309715569330e-01
1.684847126933377126e+02 1.039817175358516437e+02 3.287295704275184960e+01 -3.746158506383075064e+02 -8.007012717726446454e+02 -5.706598157395250382e+03 4.132231404958677990e-05 3.673094582185491396e-05 6.811228596123164891e+01 9.413222416256389335e-01
6.882289267723788839e+01 1.869380639444394987e+01 1.555545897187705684e+01 -4.182007018452835041e+02 -4.342050698170945111e+02 -4.159570841761939846e+03 1.986225895316804518e-02 4.834710743801652957e-03 6.994063372367597253e+01 4.098460352074479590e-02
1.461278542179871067e+02 3.398093385737861638e+01 4.291915321960275520e+01 -4.046695629838943091e+02 -5.291940702364191793e+02 -7.352130721547768189e+03 5.881542699724517931e-03 1.189164370982552770e-03 5.328452014565501571e+01 2.864105519635726793e-01
2.017982826630450859e+02 1.036435919327971504e+02 5.353603175259453906e+01 -4.129955550920350333e+02 -8.042098167270883096e+02 -2.316870219686746350e+04 1.088154269972451760e-03 2.020202020202020200e-04 6.557209209901539282e+01 6.410611383985769240e-01
6.588882695135679057e+01 3.829741637823721589e+01 2.156538954394345708e+01 -4.337043903857565397e+02 -5.630205292178752643e+02 -2.973270592296915311e+03 5.050505050505050501e-04 5.096418732782369634e-04 5.229379730792340553e+01 8.914205309960878676e-01
8.559280270740491403e+01 5.047672506644999402e+01 2.554017384984101469e+01 -3.958015353126438640e+02 -4.906580846246293959e+02 -3.181270422797108949e+03 1.850321395775941140e-03 2.033976124885215724e-03 6.032471206794171081e+01 6.112992090228025477e-01
6.753053572170270513e+01 2.023498107038987470e+01 2.318855138757371748e+01 -4.019080504506825378e+02 -4.718206841213107623e+02 -4.152812166433956918e+03 1.051423324150596930e-02 1.694214876033057820e-03 5.299497959815277426e+01 4.038553666628091343e-01
8.704868872784875578e+01 4.745052829579839937e+01 1.641773487698522160e+01 -4.055682011483604583e+02 -4.288318003519356694e+02 -3.367040164426686715e+03 8.829201101928373790e-03 2.199265381083562870e-03 6.031910420667875172e+01 4.824952270879033223e-01
1.486983973631057552e+02 5.157597577316536075e+01 5.572748516797474849e+01 -3.998521082432353069e+02 -7.109275666624761243e+02 -1.681015294623234877e+04 2.731864095500459184e-03 2.341597796143250613e-04 6.380845510759969130e+01 4.758837870306209528e-01
1.781115681910769979e+02 8.367044716148997452e+01 3.857428289901454832e+01 -4.042471398322221035e+02 -5.150078209846020627e+02 -1.256872695451744767e+04 3.466483011937557517e-03 8.172635445362717984e-04 6.280504990367805362e+01 2.768506112499219407e-01
6.572063085575052810e+01 2.080144741813075626e+01 1.400455327562464980e+01 -3.947706524351151529e+02 -4.101049293548863375e+02 -1.875406376369087184e+03 8.168044077134986938e-03 3.613406795224977010e-03 5.142596033674357869e+01 4.322166197136780852e-01
1.685045930876964348e+02 9.687376236690361964e+01 5.759127694019565524e+01 -4.164128903021702968e+02 -1.259715676557701727e+03 -2.529727361989301789e+04 7.805325987144168709e-05 1.239669421487603329e-04 6.298025387178869039e+01 9.035430845198318961e-01
1.478006225415990400e+02 9.298669493539536290e+01 2.264107916905514983e+01 -3.907609671523712223e+02 -5.336362613286330543e+02 -2.260757583601892111e+04 1.239669421487603329e-04 5.509641873278237095e-05 6.891490934575085703e+01 9.400073767990192453e-01
3.363162111682215283e+01 9.682339491041867419e+00 1.068104373994381362e+01 -3.879527285368181992e+02 -3.962824156384258458e+02 -1.570973009388412947e+03 8.160697887970615183e-02 3.155647382920110516e-02 5.193284073176177174e+01 1.089329510623859576e-01
1.566257751919602583e+02 7.071101231692809108e+01 5.028755791846649714e+01 -4.286945160137379389e+02 -7.509244893738039082e+02 -5.122721020825236337e+03 1.786042240587695220e-03 4.361799816345271084e-04 6.793354097598282237e+01 5.829124459407599712e-01
2.002281482066190108e+02 1.385712115189016345e+02 4.179511150972972899e+01 -4.153103995877507373e+02 -5.965102300315444381e+02 -7.964967601370371995e+03 2.235996326905417744e-03 7.346189164370982251e-04 5.047465293107440942e+01 8.911056279587545315e-02
3.533476737175695348e+01 2.078272298782948013e+01 1.252538954849743824e+01 -4.056197395187223833e+02 -4.297369177528013324e+02 -1.843332215711226809e+03 2.271349862258953065e-02 9.793388429752065624e-03 6.423729236321796066e+01 6.461790951761919866e-01
1.616063823777344055e+02 7.497396910045409868e+01 5.064002066662839496e+01 -3.953076030038544104e+02 -6.853081604588126083e+02 -9.163848642119553915e+03 2.846648301193755934e-03 2.066115702479338792e-04 6.942467890029411137e+01 8.097008160015931044e-02
4.840282595011304068e+01 1.762469185340938083e+01 1.047172753064813655e+01 -4.088126471648985216e+02 -4.279027934394672457e+02 -2.468110769557846197e+03 9.738292011019283531e-03 6.414141414141413811e-03 6.997098658079721645e+01 7.719321207687325215e-01
1.473080273535332481e+02 5.072317134832113794e+01 4.879459487586644428e+01 -3.917073194498941007e+02 -6.919804431977728427e+02 -1.577620641215056276e+04 1.473829201101928364e-03 8.585858585858585851e-04 6.564184406933840421e+01 6.056635142726766174e-01
1.257964147271561046e+02 7.318920855147820248e+01 2.622991845070814065e+01 -4.517816732972713680e+02 -5.609692125115249155e+02 -1.802681011111040061e+04 2.456382001836547417e-03 1.441689623507805404e-03 6.330429401830980396e+01 6.899850753809804171e-01
6.093571248226321302e+01 2.117748343750925244e+01 1.445217569981635108e+01 -4.585108443807124559e+02 -4.823307648971005506e+02 -2.469389156000925595e+03 3.751147842056933111e-03 3.218549127640036797e-03 6.050995565666347176e+01 7.445777957400865343e-01
1.132618311891923923e+02 4.532205954703199069e+01 4.938311410580127614e+01 -4.001793854658139367e+02 -5.526584374898119449e+02 -1.609944141953798862e+04 4.086317722681359101e-03 1.101928374655647419e-04 5.839665607043114193e+01 2.087831430609310701e-01
1.864410704215111423e+02 9.062330769978402145e+01 7.843005798874689560e+01 -3.907530099707551017e+02 -6.930740040858241855e+02 -1.245148246063336774e+04 3.135904499540863224e-03 4.407713498622589676e-04 6.721916082236245416e+01 7.569407439064733401e-02
5.514019315209933580e+01 3.404388484029534823e+01 1.209180611582849707e+01 -4.107152614194913554e+02 -4.463142667522263309e+02 -4.015884847578372046e+03 1.225895316804407643e-03 1.129476584022038547e-03 5.193525008944025245e+01 9.307335591940326669e-01
2.033304250191449398e+02 1.233894543822399896e+02 4.144976425743433879e+01 -4.357455271543341837e+02 -1.004219453943133658e+03 -4.686987472613505088e+04 7.805325987144168709e-05 1.056014692378328692e-04 5.761016100166808940e+01 9.069209594693572463e-01
1.133287824851866645e+02 6.142640915743813679e+01 3.032129626600467276e+01 -4.072680441877411113e+02 -6.081667663916244919e+02 -5.710388862534689906e+03 8.402203856749311485e-04 4.866850321395776134e-04 5.980169879024085589e+01 8.353862076314818585e-01
5.776581374223132315e+01 1.863927052393704287e+01 1.611404314794878090e+01 -3.620927944837904420e+02 -4.133124902552318645e+02 -3.805627393184089669e+03 4.972451790633609058e-03 4.573002754820936280e-03 6.225518407421802181e+01 7.077386424988451052e-01
1.803848006192622790e+02 9.356526902333392570e+01 6.876674483988215059e+01 -4.352424809148778877e+02 -1.041825464875283387e+03 -1.189486928305111724e+04 4.361799816345271084e-04 3.259871441689623259e-04 5.524582431480964573e+01 6.039854376015082460e-01
1.723583630205731367e+02 7.547944137882035420e+01 5.186294135905415459e+01 -4.353808532371018032e+02 -8.719671393445536296e+02 -1.214360455780518896e+04 8.769513314967860218e-04 4.775022956841138409e-04 6.032741706504707224e+01 7.024735598126908842e-01
1.882639240841265575e+02 6.971337889724614456e+01 5.618401700045762936e+01 -4.030356157402485451e+02 -5.775679209970378452e+02 -2.099003726679038664e+04 3.838383838383838381e-03 1.652892561983471196e-04 5.855229578942759616e+01 1.170047627336430196e-01
1.683230292697570576e+02 4.447272786342158923e+01 4.216832710840223797e+01 -3.977986171811583631e+02 -4.679842429442686011e+02 -1.041172699509172526e+04 7.874196510560146217e-03 1.276400367309458257e-03 6.562699449533991469e+01 1.619140305679920566e-01
1.039697363495135107e+02 5.829758795116820380e+01 3.471966269585740861e+01 -4.088611562206937720e+02 -6.690182852086143157e+02 -3.038872970508698018e+03 5.325987144168962050e-04 3.719008264462809717e-04 6.002448207401270963e+01 8.281977192471272620e-01
5.060235382128927739e+01 2.310971119115297157e+01 8.664068631418381017e+00 -3.838674340672249627e+02 -3.913009975248764931e+02 -2.455299103559141258e+03 1.976124885215794352e-02 5.578512396694214684e-03 5.114265195226484906e+01 6.282754618256360946e-01
1.866367488640983936e+02 4.802013052031197304e+01 5.269205443445679293e+01 -3.975398315071782349e+02 -6.933562609759823090e+02 -1.543666825053617322e+04 1.088154269972451760e-03 2.479338842975206659e-04 6.635018605185582885e+01 4.883334923243534686e-01
1.325412376890746202e+02 9.806626584898101839e+01 5.698054565716289943e+01 -3.580555095910505088e+02 -7.616910908377848273e+02 -2.617463182873942060e+04 8.999081726354453718e-04 1.423324150596877967e-04 6.854374587197483493e+01 6.760171645793162654e-01
8.446865885092755377e+01 4.660705019088334211e+01 1.451927708597738764e+01 -4.123377456997775994e+02 -4.532653348374310553e+02 -2.826800652275514949e+03 2.369146005509641714e-03 1.877869605142332404e-03 6.391057690035006544e+01 7.071433470812897859e-01
7.917960521757102299e+01 3.553087330757384876e+01 1.572617619203282224e+01 -4.048327023362659816e+02 -4.317270616504056306e+02 -5.921671137908929268e+03 1.939393939393939392e-02 3.738751147842057226e-02 5.205207862703133515e+01 1.897395091355182362e-01
1.611986998188936298e+02 1.156641521359945415e+02 3.233382918467479072e+01 -3.993720549075126200e+02 -4.693205086197255582e+02 -2.170670210589142880e+04 3.999081726354453831e-03 5.325987144168962050e-04 6.534034354161150304e+01 2.499748752730785450e-01
1.113292206249934395e+02 5.910418024232703971e+01 2.645479786815712941e+01 -4.283425022596654799e+02 -5.116949460843475777e+02 -5.719155970731023444e+03 3.741965105601469284e-03 6.005509641873278508e-03 5.728332206188439102e+01 4.235634337143129868e-01
1.383477316421939918e+02 6.139442297764193057e+01 2.599196356481875014e+01 -3.850760735354659232e+02 -5.022399549643771479e+02 -4.341398416359816110e+03 1.460055096418732840e-03 7.759412304866850118e-04 6.998357445378080399e+01 6.759342868667623794e-01
3.884944908953474396e+01 1.517725093084817267e+01 1.003709368263827173e+01 -4.076879911226372428e+02 -4.441203402920393728e+02 -1.162957398173677575e+03 2.438016528925619764e-03 3.613406795224977010e-03 6.387277397920037458e+01 8.749033424282803839e-01
1.239398329114759036e+02 4.207408972084093080e+01 3.046856012047428663e+01 -4.175298765075241931e+02 -5.086911399784749506e+02 -9.449263269669445435e+03 7.713498622589532068e-03 3.824609733700642857e-03 5.010331317527793260e+01 7.191491193545698768e-02
7.579516747942163590e+01 4.013284803598511985e+01 1.426089290090799011e+01 -4.183916788356183929e+02 -4.386729042540207502e+02 -1.755049078498853987e+03 2.576675849403122290e-02 8.039485766758494231e-03 6.974381035591198952e+01 3.694232511027393251e-01
1.408338924282722644e+02 9.364960538724901085e+01 3.210651868794223418e+01 -4.086797383774375589e+02 -4.690132401796129216e+02 -9.481775115901782556e+03 2.594123048668503084e-03 5.280073461891644001e-04 5.591226991611655706e+01 4.074006656469706944e-01
9.393589181269616972e+01 3.083351555370825992e+01 3.421439915176573976e+01 -4.110753213084320805e+02 -5.396390638946134004e+02 -4.337054188983053791e+03 4.201101928374655417e-03 1.877869605142332404e-03 6.365929324642529252e+01 9.407486745431103622e-03
3.660089239401921191e+01 1.301730133610149132e+01 8.731978565564739725e+00 -4.455655683544095496e+02 -4.506215317101697906e+02 -8.134547074165883487e+02 1.020982552800734633e-01 2.678604224058769509e-02 5.667466438619236868e+01 3.189685482785659110e-01
2.460982343695726513e+02 1.020285398205145526e+02 6.796434332989537097e+01 -4.224015965026773642e+02 -2.266036469973828389e+03 -5.210092378461384214e+04 2.754820936639118547e-05 4.132231404958677990e-05 6.977564119895436079e+01 9.471259463933663358e-01
2.110821180179200098e+02 1.211633817548737255e+02 6.512823392392532185e+01 -3.865121131347528944e+02 -1.270969732899566907e+03 -4.823817988915458409e+04 1.698806244260789788e-04 2.754820936639118547e-05 5.782914633605530241e+01 8.312509717975357093e-01
6.519078720018299578e+01 2.568940734376163348e+01 2.201523746818567417e+01 -4.154522182422810488e+02 -4.759916579124763416e+02 -3.293112456390970237e+03 1.066574839302112006e-02 8.907254361799816535e-04 5.223999874854405334e+01 6.106557552153905055e-01
9.912483227298541522e+01 5.718596222255916217e+01 2.893809631855719999e+01 -4.180819947122370763e+02 -5.114899137352401794e+02 -3.464994732144827140e+03 6.400367309458218287e-03 9.182736455463728084e-04 6.343894875840685899e+01 1.979309486186311973e-01
1.501401349557035019e+02 6.701516307318065913e+01 5.712430190303149402e+01 -4.080650315060661910e+02 -1.082534990286804714e+03 -1.329273523129207933e+04 6.106519742883379735e-04 1.331496786042240513e-04 5.323261496150513494e+01 7.369664676547721394e-01
2.085826736605981182e+02 6.561417192674480248e+01 7.292443698385048378e+01 -4.242535676330964520e+02 -9.538600846220405174e+02 -2.458791446115851068e+04 3.112947658402203874e-03 6.519742883379246517e-04 6.775421597327851941e+01 3.524054227162229380e-01
1.582537791125294007e+02 3.879319075821377538e+01 5.347564111587832514e+01 -3.846230840525989265e+02 -5.930843137498783335e+02 -1.396480153692033127e+04 4.173553719008264370e-03 1.069788797061524323e-03 6.753336797887644138e+01 6.060166099939950923e-03
2.229560957391300065e+02 1.103679115732349914e+02 7.349493518459259178e+01 -3.976168971303302442e+02 -6.466801973637365109e+02 -1.132942295946814556e+04 1.735537190082644607e-03 9.687786960514233135e-04 6.892015600241501261e+01 6.137677708699656488e-03
6.270302604018619519e+01 2.695294726768923965e+01 2.326042445925851254e+01 -4.456849056660987571e+02 -5.281928382611472443e+02 -1.815657299932069918e+03 3.282828282828282717e-03 1.666666666666666774e-03 5.715832628974258967e+01 7.076470490134122437e-01
1.001119836862414303e+02 3.441512788242570053e+01 1.992949967549287393e+01 -4.278998538752863396e+02 -4.812763353651788520e+02 -3.609301573965178704e+03 5.000000000000000104e-03 1.276400367309458257e-03 6.661343135517154224e+01 8.741664082910216571e-04
1.872851099972110660e+02 1.075715428232821722e+02 5.078540876782726343e+01 -4.178997603317063749e+02 -9.016515937882834351e+02 -1.785257189908228975e+04 2.571166207529843842e-04 4.361799816345271084e-04 5.904833838319951411e+01 7.641815526110617984e-01
2.598459036506973163e+01 1.506941730900100573e+01 4.432354462771567860e+00 -3.654580735301047412e+02 -3.680295644825174008e+02 -5.651928205060264645e+02 5.871441689623507765e-02 2.752984389348025682e-02 5.644282459389113882e+01 4.888081591122497849e-01
1.354185574894389710e+01 4.706081463199793369e+00 4.178616772545768576e+00 -3.713018648500337804e+02 -3.738402860006935953e+02 -4.666548039468158890e+02 5.904958677685950147e-02 4.539026629935721119e-02 6.806850798815158043e+01 7.539238053869073974e-01
9.910072707328117758e+01 7.318021072673494132e+01 3.775880654010308746e+01 -4.455093755084915301e+02 -5.747354686310736724e+02 -6.829241709158752201e+03 5.123966942148760681e-03 2.846648301193755934e-04 5.949385870045521330e+01 1.908495039956977224e-01
8.393555544609824892e+01 2.619636173306896509e+01 2.731314861498146485e+01 -3.918262535585176352e+02 -4.646775855913293185e+02 -5.048723979369532572e+03 1.494490358126721735e-02 1.707988980716253343e-03 6.895977741917548087e+01 4.783134559625799587e-01
1.283804077761103812e+01 3.787503870278005280e+00 4.025575820230193891e+00 -4.308236545189630533e+02 -4.328757978649770166e+02 -6.102464239897504967e+02 5.507346189164370742e-02 5.325987144168962267e-02 5.347829074623957979e+01 6.313579817705902153e-01
8.255478894499839271e+01 3.691926888647409299e+01 1.876397225459950135e+01 -4.183253088771615467e+02 -4.530026088177847896e+02 -5.857429981351639981e+03 1.190082644628099109e-02 3.273645546372818890e-03 6.753556293640326658e+01 5.089298419145474872e-01
1.853323623919357885e+02 7.694942742935830893e+01 3.684022722053512666e+01 -3.963587298356688962e+02 -4.706028916300450646e+02 -2.878671564997482710e+04 3.728191000918273761e-03 3.856749311294766034e-04 5.386889555788678052e+01 9.001414628279655328e-02
1.075999063410705077e+02 5.964908197104004017e+01 2.212664987968667063e+01 -4.358031990453987987e+02 -5.108171915784496377e+02 -1.337147329531811920e+04 3.668503213957759537e-03 5.146923783287419597e-03 6.588049021307514863e+01 5.652722047538998318e-01
1.726129512519707276e+01 1.050045288753451800e+01 5.947848185629890594e+00 -4.144398576164641099e+02 -4.154967831668978988e+02 -7.480887619344483710e+02 5.472451790633608981e-02 6.570707070707071384e-02 5.174878251465746359e+01 4.502855991051284423e-01
3.121176956986160889e+01 1.304850754419067016e+01 1.065363770314047009e+01 -3.745478341137206257e+02 -4.113750253955451512e+02 -1.290121847096322426e+03 1.561065197428833850e-03 2.823691460055096584e-03 6.396660431829477034e+01 9.047789360014060200e-01
1.294547019221149071e+02 4.836768759967701925e+01 3.652693461475684700e+01 -4.302757424021792190e+02 -5.547863091677248804e+02 -8.692760235321966320e+03 4.155188246097336717e-03 4.178145087235996175e-04 6.124890667739907713e+01 2.822514587382372042e-01
9.963180525616188277e+01 5.824716347923666149e+01 2.007846697634663613e+01 -3.760525477536633616e+02 -4.018050121381381814e+02 -1.073610566167688921e+04 6.717171717171717057e-03 2.984389348025711709e-04 5.048223184570699829e+01 1.703453699810835234e-02
1.200543226929974026e+02 7.423953884621168697e+01 3.733530527620722950e+01 -4.314958879378858683e+02 -6.493424445087216554e+02 -1.595193524156697458e+04 1.680440771349862297e-03 3.489439853076216759e-04 5.765500941214342845e+01 5.664219997048259847e-01
8.148388173392210376e+01 4.008164763196617741e+01 2.443864518581653655e+01 -3.751288352660855026e+02 -4.338698314982161719e+02 -2.279242644197439404e+03 7.323232323232323551e-03 4.637281910009182634e-03 5.942637593180339195e+01 3.565604281490418193e-01
1.541946737782704417e+02 9.937798102350525653e+01 4.951416209391395284e+01 -3.778361381171033599e+02 -7.041664072390577758e+02 -2.836125126108008408e+04 1.547291092745638110e-03 4.591368227731863907e-05 5.431966209828230774e+01 3.460694468394006074e-01
2.016024004239711189e+02 1.213507205877931483e+02 3.729356534312734794e+01 -4.128743341817506121e+02 -6.253585925704766169e+02 -1.057431807983310500e+04 6.932966023875114384e-04 4.637281910009182634e-04 6.945830230174126996e+01 6.826420555995251771e-01
1.351230204154765033e+02 6.967511442474520322e+01 4.898347086536415418e+01 -4.050394733028778660e+02 -7.038255513312934681e+02 -1.906486211485586318e+04 1.161616161616161724e-03 5.831037649219467101e-04 5.724997203051237449e+01 6.804603557934486568e-01
7.951064374115996713e+01 5.180725136933934749e+01 2.957536990995384230e+01 -4.251780357712424347e+02 -4.669085403619188241e+02 -1.629288054541356814e+03 1.000459136822773147e-02 4.825528007346189564e-03 5.240312437547927971e+01 9.594563121841449826e-02
1.970983453508173113e+02 5.448024597621213871e+01 6.144755221944748058e+01 -4.142991440954997984e+02 -6.111792447487861182e+02 -1.560399788641618761e+04 6.730945821854912581e-03 4.820936639118457543e-04 5.399781314439528046e+01 1.159697232936640066e-01
1.709354186068445642e+02 5.829103820006056225e+01 2.620248352115656942e+01 -4.210823386823147985e+02 -5.315622275464563700e+02 -1.079600661645625769e+04 1.611570247933884247e-03 7.162534435261707884e-04 6.094485198240475654e+01 6.191497942257189191e-01
1.045186467692737295e+02 2.923540453502135605e+01 2.119597364043961107e+01 -4.457376255976467974e+02 -4.895506766936222220e+02 -8.939438742659882337e+03 6.207529843893480094e-03 9.550045913682276818e-04 5.305290845952253420e+01 7.203622048602884020e-02
4.368976033980724338e+01 2.999955418520946182e+01 1.315483504472417131e+01 -4.046324500616360638e+02 -4.331909255902741620e+02 -1.311751045433292120e+03 1.250688705234159759e-02 7.704315886134067808e-03 5.676798415909054540e+01 4.830950949325966137e-01
1.245674642080750658e+02 5.821384238243669529e+01 2.597917105783142233e+01 -3.822859569303981857e+02 -4.910729470649461632e+02 -3.565283424065810777e+03 1.877869605142332404e-03 1.051423324150596887e-03 6.452905669862376214e+01 7.039593556522896201e-01
5.757465104663037891e+01 2.948589749964773077e+01 2.170217613943489354e+01 -4.382665828776358694e+02 -5.078595956429566058e+02 -1.561919797601278333e+03 4.467401285583103357e-03 1.852157943067033949e-02 6.758990596818186702e+01 6.922246539916716568e-01
2.266075206530882440e+02 1.062394945175109200e+02 7.190524005970380017e+01 -4.134956420231841321e+02 -8.368365046964444218e+02 -4.043937626687454758e+04 3.728191000918273761e-03 2.984389348025711709e-04 6.980876378557965722e+01 4.519971010386555355e-01
1.490305059111323942e+02 9.925601763796787225e+01 5.832717854003779934e+01 -4.212439414522040124e+02 -7.291433913203516113e+02 -1.487328132986662058e+04 2.975206611570247774e-03 3.030303030303030300e-04 6.432896445060416113e+01 5.893281149841574779e-02
1.309375396572082764e+02 5.712591556032101892e+01 2.928185781235728058e+01 -3.885171834740946792e+02 -6.115137738729340526e+02 -1.002491893182981039e+04 1.836547291092745563e-04 2.479338842975206659e-04 6.540803972532647492e+01 8.840470997759157790e-01
6.205014659905850749e+01 3.237474586781176100e+01 2.019352136588309321e+01 -3.684856853696997518e+02 -3.921220450938535009e+02 -4.286272006038134350e+03 5.028466483011937577e-02 4.986225895316804581e-03 6.227258486112300773e+01 2.531868436006345924e-01
1.276343519006061342e+02 4.722385008699964715e+01 4.264829074977977541e+01 -3.696604299755472312e+02 -4.697302090629814870e+02 -3.682670180127025105e+03 5.298438934802571221e-03 1.698806244260789734e-03 5.523472793608747367e+01 8.688069858542078749e-02
2.075912725613364955e+02 1.261888402847433639e+02 5.780233844229157825e+01 -4.042712149088511069e+02 -9.335884377375546137e+02 -1.203140358893215125e+04 2.800734618916437342e-04 4.775022956841138409e-04 6.156669910154902681e+01 7.053701112757524427e-01
4.264363024790697665e+01 1.562039730454499242e+01 1.238306257263580790e+01 -3.908115295128896491e+02 -4.062053547319493418e+02 -1.909241842605856164e+03 8.080808080808080801e-03 3.751147842056933111e-03 5.302932277700753616e+01 7.645564223515063373e-01
1.737207407935725030e+02 1.223558309920959601e+02 3.977485155181907572e+01 -4.207376365508507092e+02 -8.380317089994269963e+02 -2.372142564272253367e+04 9.641873278236915085e-05 3.213957759412304667e-04 5.074163312445822527e+01 8.782538651479425695e-01
4.295435416610673940e+01 1.718272848627373861e+01 1.190724033513715163e+01 -3.756279188633318427e+02 -3.949288901430072087e+02 -1.210272246670681625e+03 1.800275482093663740e-02 1.489439853076216652e-02 5.952981702529393715e+01 5.265068041174095770e-01
1.196886082433885861e+02 4.397494405644488324e+01 2.772491629395717538e+01 -4.606478052264832286e+02 -5.763024121025081286e+02 -4.821498666505354777e+03 3.145087235996327051e-03 3.223140495867768494e-03 5.904525147015102959e+01 4.724180108362984187e-01
