# format=SNR220, SNR221, SNR440, evidence_inj, evidence_filt, nofilter,                 occams_inj,occams_filt, mass_in_solar, chi_inject]
1.520912728069336026e+02 8.290799297692242931e+01 4.139630488814847098e+01 -6.585292958724465961e+02 -1.061559151972398467e+03 -2.767485559397921315e+04 3.443526170798898167e-04 1.561065197428833742e-04 6.574834210005171542e+01 7.008092561438540313e-01
1.423911680146348147e+02 4.633630634398043213e+01 2.712681997852549642e+01 -5.032956095173249196e+02 -1.022314719972314833e+03 -7.110098839375782518e+03 1.193755739210284684e-03 8.861340679522497401e-04 6.863390250214860089e+01 3.961419559381149647e-01
1.527313891955116105e+02 5.297227759466153429e+01 3.372342630269547925e+01 -4.702174202952962787e+02 -1.193878607854525626e+03 -1.238735205927880997e+04 1.294765840220385694e-03 5.968778696051423011e-05 6.728308150484798489e+01 5.434983964396279676e-02
1.893700750303684970e+02 5.831879226199067290e+01 3.806467848380491859e+01 -4.956153093651437302e+02 -5.541335975212824678e+02 -1.349911087302158558e+04 4.297520661157024947e-03 3.673094582185491125e-04 5.850648960872914728e+01 2.394415616136491565e-02
1.642442668045967196e+02 6.439986000347843742e+01 4.633480293072252465e+01 -6.024726491185070927e+02 -1.420727204894356646e+03 -1.850681895851179797e+04 5.371900826446281184e-04 6.427915518824609605e-05 5.922953220156216503e+01 4.367579272550246028e-01
9.314518743196482831e+01 4.587100809970317528e+01 1.719384781541220519e+01 -4.639906040296031051e+02 -7.271063139559699948e+02 -2.671088802717962153e+03 3.333333333333333547e-03 1.657483930211202947e-03 6.619285972315408628e+01 3.692294056399431645e-01
1.935794309196015774e+02 8.285182792249503336e+01 4.913296660509408298e+01 -5.694425272105726208e+02 -2.087022643668158707e+03 -4.283080828220058902e+04 1.469237832874196559e-04 2.295684113865931953e-05 5.065423525020135287e+01 8.657345370809894913e-02
1.609826266701329587e+02 7.990614124698906551e+01 3.715586501723107915e+01 -5.261697725604783500e+02 -7.679958581489530616e+02 -5.229182769881617787e+03 7.575757575757575751e-04 2.249770431588613429e-04 6.140345287432665344e+01 4.286856226282922400e-01
9.557626294493564956e+01 4.713439614454274107e+01 2.156658210819602672e+01 -5.249114940305927348e+02 -6.304076049651521316e+02 -2.960101532096577102e+03 1.726354453627180997e-03 2.984389348025711709e-04 5.748972453896321611e+01 7.940386121982221379e-01
1.757659079479122113e+02 4.675078636317012126e+01 4.863610839013443154e+01 -6.817688074095759703e+02 -8.682645286719196065e+02 -1.963307011633172442e+04 4.453627180899908267e-04 3.030303030303030300e-04 5.102213973305484274e+01 4.547702308854472686e-01
1.055513409071391493e+02 4.963052175553769274e+01 2.734853996697174949e+01 -5.779833032055422564e+02 -7.625111020254230425e+02 -1.162357584598280664e+04 4.315886134067952492e-04 6.932966023875114384e-04 5.978452051364126874e+01 7.916446342105447620e-01
6.888327342365269601e+01 4.566092975045261682e+01 1.783825467595952219e+01 -4.882195057582134154e+02 -5.008635223014249505e+02 -6.073424895772139280e+03 2.066115702479338792e-04 2.754820936639118209e-04 5.918891508940356516e+01 9.087740604786651577e-01
1.331368590167895505e+01 7.520024318048270651e+00 2.328463455273923177e+00 -3.926331156327904637e+02 -3.938172433136305699e+02 -5.137413221157493126e+02 1.376400367309458250e-01 5.205234159779614095e-02 6.906734299704049818e+01 5.922749439612606803e-01
1.147640410787563425e+01 7.325957555710128410e+00 3.853872214138194252e+00 -3.901509048180827790e+02 -4.012037001923928869e+02 -4.885050368634017559e+02 3.856290174471992821e-02 3.110651974288337895e-02 5.208537685065943634e+01 6.957220818114560057e-01
1.886478038028112394e+02 6.049427086963264344e+01 3.855902358923952988e+01 -5.854905339757254978e+02 -6.062821431319366638e+02 -1.217521024752410449e+04 4.756657483930211081e-03 8.815426997245179351e-04 6.664520467277152704e+01 2.236861392786703151e-01
9.075492013861109797e+01 4.419569994183935790e+01 2.959133616579660853e+01 -5.513382172448071969e+02 -6.607981473030504276e+02 -2.682923421820341900e+03 4.334251606978879387e-03 8.264462809917355168e-04 5.479100044773758782e+01 5.736828547055764504e-01
5.218218518747744383e+01 1.417401013391166842e+01 1.322930498153134593e+01 -4.330066074494663440e+02 -4.950571111717277404e+02 -1.183437192033990414e+03 8.397612488521579571e-03 1.336547291092745650e-02 6.227033153632673645e+01 2.861951106518023646e-01
1.052070170042834576e+02 4.921253238149454745e+01 3.301875774634378757e+01 -4.892737336195814351e+02 -8.495380444985660233e+02 -1.253464967302082005e+04 4.040404040404040401e-04 5.050505050505050501e-05 5.849868836162553976e+01 9.789239526132838265e-02
5.938783711111585006e+01 2.322706458217061254e+01 8.386221768532859500e+00 -4.350156038856131318e+02 -4.375582082128367460e+02 -3.492913532583637789e+03 1.698806244260789734e-03 2.112029384756657384e-04 6.524717989722356037e+01 9.266869304894802539e-01
1.689251146323490786e+02 1.018167995062152329e+02 3.781449893682440688e+01 -5.559717847412449601e+02 -1.882194303640541420e+03 -3.209824151820614861e+04 4.499540863177226859e-04 2.295684113865931953e-05 5.937262702830632577e+01 3.413254809355805164e-01
1.204720058657699298e+02 7.794651384471596600e+01 2.006806178849952715e+01 -4.814651468554272356e+02 -5.927277786984669774e+02 -2.682201968431488240e+03 5.876951331496786234e-04 1.469237832874196559e-04 5.274559831605215265e+01 7.872644559315695734e-01
6.521854129590597893e+01 2.696983661324201620e+01 2.322183941888587455e+01 -5.476256268208807114e+02 -5.724349900382992473e+02 -4.626907437197294712e+03 3.154269972451790444e-03 5.922865013774104284e-04 5.888312944675114835e+01 8.747956159291697675e-01
1.318390586030985787e+02 5.936115179657762297e+01 4.108042396811840291e+01 -6.813253836238012582e+02 -9.324964572293778247e+02 -2.088206501687489435e+04 1.285583103764921921e-04 7.805325987144168709e-05 5.481202143513385039e+01 6.911635201811439089e-01
4.210969985172411612e+01 1.420577965010617305e+01 8.426008690568746573e+00 -4.231669603356793345e+02 -4.291336936648396545e+02 -9.007090940017172898e+02 8.292011019283746648e-03 2.116620752984389297e-03 5.580039259300284726e+01 6.945815829127560681e-01
6.992411583412611265e+01 3.759599720937390543e+01 1.837077914568984838e+01 -4.366811322984983121e+02 -6.605969194631371693e+02 -6.514802396792044419e+03 4.247015610651974117e-03 1.147842056932966011e-04 5.443321538276290994e+01 4.056502418385914965e-01
1.106573882503229243e+02 4.214132679106744916e+01 3.119978139329514377e+01 -5.869477127028264931e+02 -5.943360147069381583e+02 -4.870822867000561928e+03 1.565656565656565764e-03 3.902662993572084626e-04 6.042529050844137828e+01 7.310419578795059881e-01
1.908148871110390985e+02 9.724032538107121582e+01 6.614171051750109598e+01 -7.752844454320872956e+02 -9.536314865653832840e+02 -4.117200901909870299e+04 1.239669421487603329e-04 2.295684113865931953e-05 6.760814758839721605e+01 2.608799418185318575e-01
3.004094600883786725e+01 1.126813677693340843e+01 8.263009169287142797e+00 -4.350460949015730989e+02 -4.514876216114774365e+02 -9.360556856846276332e+02 2.971533516988062590e-02 1.192378328741965088e-02 5.856581521460506679e+01 2.035447313073859843e-01
1.124517260925487676e+02 7.738715333522756623e+01 2.412597520688524355e+01 -4.308735820404967853e+02 -5.238367942794756118e+02 -1.434336941210715486e+04 2.249770431588613267e-03 6.611570247933884785e-04 6.727872898201920293e+01 5.992374362651803343e-01
3.407446487213576347e+01 1.871195517338291125e+01 6.766862354126381263e+00 -4.076285802789162176e+02 -4.271207669060538592e+02 -1.868914105711536649e+03 8.232323232323231557e-03 2.603305785123966910e-03 5.886307488560412082e+01 7.376432033779043440e-01
9.876735396586188642e+01 5.465751676847335716e+01 2.366207609579654658e+01 -4.566487484235117904e+02 -5.877560332712772606e+02 -6.289649637340565278e+03 1.960514233241505977e-03 5.555555555555555551e-04 5.682821902306203299e+01 4.910491369614889967e-01
6.275231154949297263e+01 1.778030928963562474e+01 1.832673380886514991e+01 -4.356307459145780285e+02 -4.873096939202025624e+02 -3.713206083971480439e+03 4.857667584940311874e-03 7.483930211202938568e-04 5.421296190623774436e+01 3.620634817941292272e-01
1.011683929211425124e+02 4.454590417638645050e+01 2.626932506278888013e+01 -4.865886420342702650e+02 -5.091396779363749943e+02 -8.854729387536573995e+03 1.652892561983471034e-03 3.535353535353535350e-04 6.101341086215441578e+01 7.700222912650082074e-01
1.441139432161504317e+02 9.130784722827004884e+01 6.467193695946156140e+01 -7.887635516462898977e+02 -9.654134452202032435e+02 -1.728168063946976326e+04 4.499540863177226859e-04 4.591368227731863907e-05 6.078165822753056347e+01 4.214331524479182634e-02
5.682297566192672633e+01 2.535823697942438670e+01 2.395754806204205067e+01 -4.244421945205946827e+02 -5.340852211876897400e+02 -2.701343756891468274e+03 1.143250688705234070e-03 3.737373737373737587e-03 5.899108852913336420e+01 2.913491226704445491e-01
9.946601771841741879e+01 4.427027530376025055e+01 1.567707756469356184e+01 -4.303352323134659514e+02 -4.493099434573441044e+02 -9.332805550472252435e+03 2.217630853994490524e-03 3.030303030303030300e-04 5.930543870852387300e+01 3.091857565803996510e-01
1.933289652640248164e+02 4.844503244959354049e+01 4.722627942192098516e+01 -7.577556477223590718e+02 -1.758468202755431321e+03 -1.597488072992205525e+04 2.617079889807162434e-04 3.397612488521579576e-04 5.998774165084393672e+01 6.450767330205791072e-01
7.468166849629443504e+01 3.220587105982053089e+01 1.885290573214247090e+01 -3.960575567772340833e+02 -6.135334071929398760e+02 -7.200549568917514080e+03 1.400367309458218617e-03 1.193755739210284602e-04 6.896860427102723179e+01 2.520279705021970518e-01
1.637121519539179531e+02 9.254522724768361286e+01 5.169458887968849581e+01 -9.968753126918149974e+02 -1.475294559165369037e+03 -1.846836618884675045e+04 3.168044077134986075e-04 8.723599632690541897e-05 6.220579334111203451e+01 8.135503869410724009e-01
2.393171714659055738e+02 1.145025216424601666e+02 6.859770389405078106e+01 -1.305263717893401918e+03 -3.432843020135693678e+03 -1.477225912025746402e+04 8.264462809917355981e-05 1.101928374655647419e-04 6.555285653854602401e+01 7.779231239580733925e-01
2.846538937767094524e+01 1.114774648589010653e+01 9.076417667765992903e+00 -3.773386799875243014e+02 -3.808191453910292807e+02 -9.990025373822943493e+02 4.953168044077135151e-02 7.153351698806244274e-03 5.380999206965956461e+01 5.473537363575989301e-02
1.442419220568690434e+02 1.003290506220707954e+02 4.769280015867936839e+01 -7.077141888536249326e+02 -8.063975604787704015e+02 -2.053231876540888334e+04 6.841138659320477201e-04 2.112029384756657384e-04 5.269816965232946160e+01 6.749635782659333394e-01
6.761919356727517538e+01 3.271490229678814643e+01 2.023845530720683072e+01 -4.282552208057965686e+02 -4.717103237125560327e+02 -2.160839300084398474e+03 1.625344352617079987e-03 4.063360881542699317e-03 6.703882310824570823e+01 1.563167568554585107e-01
1.528080445891489774e+02 9.229694880600725071e+01 5.065106394642486975e+01 -7.505128216197325628e+02 -7.745657301435199997e+02 -1.866958423445928565e+04 8.218549127640037118e-04 9.641873278236915085e-05 6.648247880932608211e+01 5.094800157150900510e-01
2.331549267707018203e+02 1.058866924448937397e+02 6.060621309035607851e+01 -8.339647906083251883e+02 -8.385603345875935020e+02 -1.372935169421589308e+04 2.130394857667584820e-03 3.902662993572084626e-04 6.827799091732734382e+01 3.492140667360272288e-01
2.819287554093515524e+01 1.294580422766697758e+01 1.002744737201126846e+01 -4.345079076288510578e+02 -4.546094158120727116e+02 -6.110590930128729497e+02 7.231404958677686151e-03 4.476584022038567617e-03 6.211510218043257225e+01 7.438467224115797860e-01
1.476720700578885044e+02 3.983969739473754146e+01 5.115808158092420399e+01 -8.053953965630182665e+02 -1.099931712076816439e+03 -1.469650340385003619e+04 4.775022956841138409e-04 6.565656565656565651e-04 5.837202934584075820e+01 6.226436175019308683e-01
2.160041078500305289e+01 1.308115845202253347e+01 8.352925616366325912e+00 -4.118009914614068521e+02 -4.362778049206571609e+02 -4.982197325875880551e+02 1.519742883379246977e-02 4.540863177226813971e-03 6.488276711802672025e+01 7.940653023428601021e-01
1.372852112592336482e+02 9.825170262860379466e+01 4.925030538173307093e+01 -5.844452833827733684e+02 -1.920279135060294038e+03 -1.919497481296453407e+04 7.805325987144169251e-04 4.591368227731863907e-05 6.991773958749595863e+01 2.026681344416801922e-01
1.607087454138584235e+02 9.893429380371877357e+01 6.609532629007291860e+01 -6.284184658678882442e+02 -1.941123493305206239e+03 -1.744533111277340504e+04 7.529843893480256617e-04 6.887052341597795521e-05 6.704810660933466693e+01 1.146045879779107185e-01
9.665108171707701956e+01 6.599677375909880084e+01 3.412681940113023416e+01 -6.308653319739569270e+02 -1.396024951744540886e+03 -4.280956737413508563e+03 8.034894398530761667e-04 6.473829201101928468e-04 5.038853939869375864e+01 6.438855472426124882e-01
5.602002246447829492e+01 1.836558600641464523e+01 1.514941470716410876e+01 -4.883559940344387655e+02 -5.140132842834203757e+02 -3.636616845334174286e+03 7.079889807162534528e-03 1.542699724517906414e-03 5.341642950107222276e+01 7.558751086670980612e-01
1.225409063841182586e+02 5.408316439579624557e+01 2.161860413310718343e+01 -4.732641789465976672e+02 -5.356145835388032310e+02 -6.320296092339764073e+03 2.933884297520661204e-03 6.978879706152433518e-04 5.239321052208492802e+01 5.009198604227889096e-01
4.717377541333538460e+01 1.223472654517973801e+01 1.004642477832858027e+01 -3.889109664965877187e+02 -4.051531726774629192e+02 -1.264662481879043298e+03 9.054178145087235161e-03 5.532598714416895984e-03 5.478371545596030501e+01 4.460545548856827414e-01
1.688171347535557345e+02 6.651270945735677742e+01 5.318146360499589775e+01 -1.402808290385173450e+03 -1.506099108950190384e+03 -2.691419095301691414e+04 9.641873278236915085e-05 2.295684113865931953e-05 6.203184859175900101e+01 9.402270575882037962e-01
3.851690353653852128e+01 1.210520566722370006e+01 1.151727250794827029e+01 -4.259326245913003390e+02 -4.314391287895721803e+02 -1.064972382973122194e+03 2.397612488521579446e-02 7.970615243342516615e-03 5.321851676204699544e+01 1.059930729602078375e-01
1.407393921056023522e+01 7.378945340479432957e+00 4.493550472311331312e+00 -3.918084640896595374e+02 -3.932247525408379261e+02 -4.327137269124998511e+02 1.453489439853076215e-01 3.600550964187327480e-02 6.664914496877348427e+01 7.672556997302996118e-01
1.938150594317778825e+02 9.863558590152737793e+01 4.671035845970924782e+01 -5.532053445589527882e+02 -1.880449607991854919e+03 -7.485293514692101780e+03 1.037649219467401364e-03 4.591368227731864042e-04 6.932882143745629833e+01 3.253877332417795532e-01
9.205920887693258692e+01 4.979604360486477788e+01 3.369654195150496179e+01 -5.095578975788690741e+02 -7.369766100719569977e+02 -4.307637270715216800e+03 4.407713498622589676e-04 7.529843893480256617e-04 6.166760200989089924e+01 5.433395896620376586e-01
4.979491714757058674e+01 3.204765576056284715e+01 1.522057496667877174e+01 -4.159227927413253951e+02 -5.495749964159197134e+02 -1.342070471793050956e+03 7.842056932966023908e-03 6.000918273645546377e-03 6.825434023216938328e+01 5.093315580977076928e-01
1.798923975515366749e+02 9.286343572895249565e+01 6.283955812895560911e+01 -7.342630614665840767e+02 -1.529354485775949115e+03 -3.034096581638776843e+04 3.213957759412304667e-04 3.213957759412304802e-05 6.638203625184900147e+01 3.148294290681911689e-01
1.137780100796305902e+02 7.238979578288950734e+01 3.027176150137869470e+01 -5.692842251203722981e+02 -6.039234819454040917e+02 -1.716186449164052465e+04 1.101928374655647419e-04 4.269972451790633359e-04 6.318168405167905632e+01 6.877353873192150191e-01
5.337220959886661831e+01 2.515667458741921436e+01 1.438352045312591798e+01 -4.918943771957417539e+02 -4.940373546553017263e+02 -2.769141946721058957e+03 3.360881542699724594e-03 7.392102846648301384e-04 5.245003608355180802e+01 7.659223187552324230e-01
1.315038315547595538e+01 8.051001129873579742e+00 5.124253221004201109e+00 -4.239058981149937040e+02 -4.436221009103437041e+02 -4.926363350000835339e+02 1.615243342516069908e-02 6.204775022956841163e-02 5.248203006052450803e+01 6.925875819336729800e-01
2.004688198716978889e+02 6.631860372149149896e+01 5.964175114436024927e+01 -5.389520673126204429e+02 -1.788626540083634154e+03 -1.817827590931681334e+04 6.611570247933884785e-04 6.657483930211202834e-04 5.444804526210613460e+01 1.766486006892483973e-01
1.901027183273111802e+02 1.116790796756635729e+02 6.140833954925599869e+01 -1.194383918564647502e+03 -2.835156557596455514e+03 -6.658171105699887448e+03 7.805325987144168709e-05 2.754820936639118547e-05 5.770708853601897204e+01 8.476497468848203098e-01
9.591737708735928436e+01 4.212750853082998503e+01 3.063604968968403242e+01 -6.342242110550054122e+02 -8.381220438983881422e+02 -9.017346422008642548e+03 1.285583103764921921e-04 2.938475665748393117e-04 5.008195497569857224e+01 9.030516102114741761e-01
1.469546571451761565e+02 7.557772711220476936e+01 3.103007691014199310e+01 -6.296851028979178864e+02 -7.522094631925654085e+02 -1.674142543342387580e+04 8.815426997245179351e-04 1.790633608815426971e-04 6.896072304908264528e+01 7.789771316874241069e-01
1.713020190719497009e+02 1.207816505794434931e+02 6.194734387993220537e+01 -6.764970027593462873e+02 -1.205534399306677187e+03 -1.657458754592357582e+04 3.764921946740128309e-04 5.509641873278237095e-05 6.380092833549072395e+01 2.081997602495914979e-01
1.699670471769219091e+02 6.111174595068128923e+01 2.925626937285897711e+01 -4.994649509932603451e+02 -8.504452668003597182e+02 -1.499658856822003872e+04 6.519742883379246517e-04 2.433425160697888067e-04 6.290192763718737012e+01 1.811602596039675883e-01
9.395431142065892516e+01 4.895012686021365766e+01 3.278774581346264227e+01 -5.714561563725874294e+02 -7.236279212391506235e+02 -1.280929027216818395e+04 1.423324150596877967e-04 6.060606060606060601e-04 6.274342609049009667e+01 8.425751511936598881e-01
1.338987603872871830e+02 4.869983810374056787e+01 2.851095319575256681e+01 -4.685164729021183234e+02 -6.552553576625383585e+02 -8.358984107064768978e+03 3.011937557392102647e-03 9.044995408631771767e-04 6.254072806788088457e+01 3.515204130702295066e-02
1.258068281671040722e+02 3.702053398803617767e+01 3.348913822631244130e+01 -5.467248325431545481e+02 -6.811268008359306805e+02 -1.101939119626747743e+04 1.749311294765840130e-03 8.356290174471992351e-04 6.606561269769184719e+01 4.426198943942473152e-01
2.110597017223575378e+01 1.146812887764769684e+01 3.678959985282606926e+00 -4.091473774542926662e+02 -4.292515774271339524e+02 -1.010183780643853765e+03 1.301790633608815306e-01 4.072543617998163577e-03 6.007236165306854048e+01 1.563706229637758238e-01
1.513389321628964694e+02 7.004098127707607091e+01 3.174276971166328565e+01 -6.695200289945058785e+02 -1.409981133401197894e+03 -5.781800159598056780e+03 2.020202020202020200e-04 9.182736455463727813e-05 6.280276518879023229e+01 8.217440141621444871e-01
3.154534623140916949e+01 1.575849722728518643e+01 5.637978387840278494e+00 -4.328285888472702823e+02 -4.382079710371240822e+02 -8.845978963765529670e+02 7.529843893480257268e-03 1.496786042240587714e-03 5.696270543002469822e+01 8.828382736133973951e-01
1.696547962844976780e+02 6.849062338998520261e+01 4.887742544808195078e+01 -6.394471585058303162e+02 -2.037981668299499461e+03 -2.100494754108472989e+04 3.673094582185491125e-04 3.213957759412304802e-05 6.893736680477428536e+01 5.240126292066115132e-01
2.715887269602928455e+01 1.367345653911073278e+01 9.027971304490774784e+00 -4.223934887371153764e+02 -4.225449018450601670e+02 -6.657910910983595159e+02 2.393939393939394089e-02 4.641873278236914764e-03 5.811662791036380327e+01 5.998448791782938772e-01
1.450473105472908060e+02 5.343291726914345219e+01 3.063808317606768838e+01 -5.796905528556650324e+02 -6.505365045357627878e+02 -6.457617363241575731e+03 7.208448117539027018e-04 3.168044077134986075e-04 6.581359260125321953e+01 6.625376259328729089e-01
7.275875299309640809e+01 2.290096753229715532e+01 2.449907124688520454e+01 -4.554249395634226403e+02 -6.121776965718787551e+02 -3.725288053202306401e+03 1.749311294765840130e-03 2.213039485766758394e-03 5.757995868262288752e+01 3.868082146966326795e-01
1.423073561435218437e+02 1.005372291774691718e+02 5.037355448862415130e+01 -7.456000232508313275e+02 -7.722746854589988743e+02 -1.046126244024247717e+04 3.673094582185491396e-05 1.331496786042240513e-04 5.340166626207994227e+01 6.851111642543105118e-01
2.281784404330255427e+02 1.305547297754956162e+02 3.777366920364074332e+01 -5.711633307440279168e+02 -1.812142935056440137e+03 -1.446189636266653179e+04 2.020202020202020200e-04 8.631772268135904985e-04 6.968276684038173130e+01 1.096666482220620686e-02
7.147161500641441023e+01 3.380621499339287794e+01 2.062066295445966091e+01 -4.345510660926573792e+02 -6.372296986984798650e+02 -3.670026667604934119e+03 1.345270890725436090e-03 1.606978879706152333e-03 5.418421016663756973e+01 7.136683993279783200e-01
1.361675005515526209e+02 4.468909450358356850e+01 2.926919109671685604e+01 -5.019097695152392475e+02 -5.323169217089359790e+02 -1.356726133172151640e+04 1.056014692378328692e-04 5.463728191000918367e-04 5.374371878615264109e+01 2.965083045514380067e-01
1.768803028394581531e+02 5.958053117045920999e+01 5.972937917650371276e+01 -8.860539514742284837e+02 -1.383939780791123212e+03 -1.802139223805246729e+04 2.589531680440771387e-03 7.346189164370982793e-05 5.927176066319795922e+01 4.429795366269447254e-01
6.717212557632564085e+01 2.590859336272523095e+01 1.826086149852887530e+01 -4.459198567642188777e+02 -4.857355901334321970e+02 -5.651279480786395652e+03 1.010101010101010100e-03 2.984389348025711709e-04 5.984786041290409031e+01 6.067896649357480410e-01
1.012600061558815696e+02 6.261151965132619779e+01 3.109183112511318114e+01 -6.221395302650486201e+02 -8.912762428629906708e+02 -8.669873345850230180e+03 2.571166207529843842e-04 1.744719926538108379e-04 5.859607907505885294e+01 8.697407664475375055e-01
1.985271237307824492e+02 8.311901101295910621e+01 5.433590875637506912e+01 -9.327312611883419322e+02 -1.209261783780899805e+03 -2.600333436106169756e+04 2.249770431588613429e-04 1.010101010101010100e-04 6.203973510283024950e+01 7.698761808057608125e-01
6.818224016983499780e+01 3.328386325510601296e+01 1.610211083449487290e+01 -4.092487542189899727e+02 -6.103028295223105033e+02 -1.184700237514723995e+03 2.855831037649219327e-03 1.161616161616161724e-03 6.619358839891384605e+01 6.019185072502967193e-01
9.298224193048990571e+01 4.407606010520160567e+01 3.081523161186317950e+01 -4.518067651771007718e+02 -6.852548390713628805e+02 -6.576619012927880249e+03 2.419651056014692544e-03 4.224058769513314767e-04 6.414238062790576578e+01 2.537737861582232135e-01
1.768049131865077186e+02 9.820375545903232251e+01 2.930771675166478829e+01 -5.265077831726216573e+02 -5.587160130384943386e+02 -2.963021523888309093e+04 9.550045913682276818e-04 1.928374655647383017e-04 5.164053191055376857e+01 6.411399656307215089e-01
4.071875793221746420e+01 2.011675869583470799e+01 9.173317450380030991e+00 -4.420425540905396247e+02 -4.509910062701860056e+02 -2.316198125513294144e+03 3.810835629017447334e-03 8.126721763085399935e-04 5.503252966720598494e+01 9.010712594936151065e-01
1.218451930769504088e+02 4.974481878144716518e+01 3.155103095471956820e+01 -5.652192432492419130e+02 -9.467603286467954149e+02 -1.191646653253792465e+04 5.371900826446281184e-04 9.274563820018365268e-04 6.345245464300280958e+01 7.008707170700424482e-01
7.114844903421263211e+01 2.336474478121762033e+01 1.347129808909620152e+01 -4.430011305583173566e+02 -4.431221343927239218e+02 -2.170137580899713612e+03 2.070707070707070597e-03 4.820936639118457543e-04 5.430505563190995844e+01 7.545995876964739502e-01
1.218694567653082430e+02 4.390585934943378277e+01 3.732425976498560516e+01 -6.891677859934936805e+02 -1.131528297571496068e+03 -9.082507374028860795e+03 1.606978879706152333e-04 1.331496786042240513e-04 5.297503669706436114e+01 8.811357388099236854e-01
1.909244594304693692e+02 9.743931608896583896e+01 3.173623767001327067e+01 -5.012810861333209687e+02 -1.097591004372357929e+03 -3.196509947776389890e+04 1.395775941230486704e-03 3.673094582185491396e-05 6.340906921622121217e+01 2.547063338267859245e-01
3.604401986572876382e+01 2.252555351152753005e+01 9.788385496109235362e+00 -4.459449560910680930e+02 -4.572900623159923157e+02 -1.864982359178030265e+03 1.823691460055096303e-02 3.494031221303948564e-03 6.325698910192571844e+01 8.342790811270023310e-01
1.069959519950374158e+02 5.851379448258579430e+01 3.650960943793891289e+01 -5.181065343039459776e+02 -5.643107930977984097e+02 -5.193806086406049872e+03 2.704315886134068137e-03 7.208448117539027018e-04 6.105952136540435049e+01 2.425281365750045215e-01
2.617309399347250221e+01 1.233822101937123783e+01 6.685799896869349723e+00 -4.055142289468570880e+02 -4.077688922463900667e+02 -1.101362056806098281e+03 3.280073461891643699e-02 6.625344352617079657e-03 5.632693218186010142e+01 7.445625629986621918e-01
1.297623472969826253e+02 8.451324726050498271e+01 3.707771222782479725e+01 -5.800315521928080216e+02 -1.194537265316662570e+03 -1.283275521875567028e+04 5.748393021120293961e-03 5.509641873278237095e-05 6.848212961234941076e+01 9.376792110553154591e-02
7.358036069765091725e+01 3.191122128674214764e+01 2.118050797063555990e+01 -4.454448971283133005e+02 -7.278705164315929323e+02 -2.831707623570147007e+03 3.236914600550964017e-03 4.109274563820018017e-03 5.404999745594590621e+01 3.482290290533255339e-01
1.869011558964643314e+02 8.550996328792264478e+01 5.433494073881296771e+01 -1.002893019520050757e+03 -1.186100003706437974e+03 -1.965595476850763589e+04 5.371900826446281184e-04 1.423324150596877967e-04 5.720566997317039437e+01 7.849744356236181275e-01
1.818216626834521605e+02 8.363384847393639632e+01 6.065738851726285219e+01 -6.504294863935456306e+02 -1.068502434741894376e+03 -2.107668448898556017e+04 6.427915518824609605e-05 4.407713498622589676e-04 5.387150420734761269e+01 1.070289861445886809e-01
2.037428849967373523e+01 9.633236708310549901e+00 4.363130114477692167e+00 -4.158144770197825437e+02 -4.178008792850118311e+02 -4.798379961470580497e+02 8.151515151515151270e-02 2.294765840220385628e-02 5.143314986977433989e+01 6.462115018886628592e-02
1.548057154829599824e+02 6.903119069148075937e+01 3.556292037908114878e+01 -6.028925003312855324e+02 -8.065338181742642973e+02 -2.311905924270571995e+04 3.516988062442607914e-03 6.427915518824609605e-05 6.271344214775062653e+01 5.477307386986702831e-01
6.498766977591041893e+01 3.044938520910862323e+01 2.482820361039174628e+01 -4.370935853020415038e+02 -6.069584989101192605e+02 -6.581595116734341900e+03 5.371900826446281184e-04 1.101928374655647419e-04 6.202086216260901352e+01 3.879171726257679698e-01
1.652853367261695325e+02 6.709090218109624004e+01 3.938818368868746234e+01 -5.841719227211732459e+02 -9.253498720067846079e+02 -1.994249172854678909e+04 5.050505050505050501e-04 2.754820936639118209e-04 6.075221835205095999e+01 6.898305045471405661e-01
1.680175856327233817e+02 1.204560128624256663e+02 4.574555102622420577e+01 -6.189125814705398625e+02 -6.298223709471408256e+02 -2.212431773477073148e+04 2.713498622589531530e-03 5.280073461891644001e-04 6.499969194447045595e+01 5.798343270245124442e-02
8.347806019928293608e+01 3.413432502399431456e+01 2.795525151707666467e+01 -5.168028706738718938e+02 -6.731363286163989414e+02 -3.120199599323058010e+03 4.591368227731864042e-04 9.550045913682276818e-04 5.327596068135441953e+01 7.918432837452136219e-01
1.592363135319088769e+02 5.019754303065870005e+01 3.789321428463430408e+01 -5.975616536088515431e+02 -7.328688630974035050e+02 -1.404143825960269533e+04 2.020202020202020200e-04 7.667584940312212934e-04 6.229708232491717723e+01 2.478252931579218998e-01
1.924860499858284300e+02 9.391890671544295799e+01 7.052496224487234144e+01 -1.032500491686860869e+03 -1.762156799821845198e+03 -2.089822858174059729e+04 3.305785123966942392e-04 9.641873278236915085e-05 5.228517090479416396e+01 6.473892736214529320e-01
6.532984737589663382e+01 3.686341064697703018e+01 1.283348268417983107e+01 -4.088485427801996366e+02 -4.975331909871744642e+02 -1.319427826561433449e+03 3.484848484848484737e-03 5.101010101010100897e-03 5.518440100429115347e+01 6.933900223858904810e-02
8.749002453124899148e+01 4.614004757132388335e+01 3.126776532342629267e+01 -4.379978314345510739e+02 -4.656603799605936160e+02 -5.305583441951543136e+03 4.871441689623507397e-03 1.859504132231404967e-03 5.557495329463652922e+01 4.436808979095471783e-02
1.908358192399049074e+02 7.508658608616022434e+01 4.157235356545841398e+01 -5.212059459211639023e+02 -1.007970082103602635e+03 -1.340375996738352660e+04 9.228650137741047218e-04 1.046831955922864973e-03 6.868310190856320219e+01 1.538188073237077014e-01
6.237744293904239612e+01 3.122267529163576327e+01 1.013423958863703511e+01 -4.103591009757664096e+02 -4.668205629392479636e+02 -1.705957372752704487e+03 4.329660238751148124e-03 4.403122130394857871e-03 5.182998047648428042e+01 3.013429977913821833e-01
9.885677531427806741e+01 2.592435787388956925e+01 2.902898483414344355e+01 -5.026191679991816272e+02 -7.467790956231539212e+02 -9.446586157546365939e+03 3.076216712580348892e-04 9.641873278236915085e-05 5.692637295133830122e+01 3.872183799802912940e-01
2.401505359475615649e+02 1.688697964717704849e+02 6.531288972496261636e+01 -1.719446226482527209e+03 -1.898750196765605779e+03 -2.085878573532789233e+04 2.754820936639118547e-05 9.182736455463728491e-06 6.232135500408509898e+01 9.302075226346068204e-01
3.423848157440008322e+01 1.238913772800126090e+01 6.009837909466083872e+00 -4.032470764601360997e+02 -4.215615257577263719e+02 -1.178602198085533018e+03 1.493112947658402183e-02 4.095500459136822494e-03 5.952678127420278287e+01 5.405056837146087201e-01
1.180856771269613006e+02 8.055543931396077539e+01 4.341204235405758283e+01 -7.300310041169461783e+02 -9.925408288057529944e+02 -1.740029795957040551e+04 9.595959595959595951e-04 2.754820936639118209e-04 6.224927095209561401e+01 7.543193272801430593e-01
4.276309941790563585e+01 2.688877373523220982e+01 1.518707559546477093e+01 -4.740144802640776334e+02 -5.227895442339640795e+02 -2.672138285830721998e+03 5.280073461891644001e-04 1.074380165289256237e-03 6.156724126330416880e+01 9.092469186151947991e-01
1.393156641158319644e+02 6.417123210497823038e+01 3.452205903900445350e+01 -7.948007390075318881e+02 -8.223245320516989523e+02 -1.697864914305925413e+04 3.213957759412304802e-05 5.050505050505050501e-05 5.978733003768505228e+01 9.046661437776096770e-01
2.630459235363725057e+01 9.296621267090465324e+00 4.996722325278514454e+00 -3.801273449292233408e+02 -3.939901028331021280e+02 -5.738313854397574687e+02 3.545913682277318513e-02 1.323691460055096379e-02 6.703792897554188812e+01 2.482063507651065537e-01
1.109353230246033917e+02 5.622788602204185082e+01 2.893345614118896592e+01 -4.870127226380211596e+02 -5.010561580112025126e+02 -5.112840826010390629e+03 5.188246097337006818e-04 6.336088154269972151e-04 5.040688954006241573e+01 8.563458637397718121e-02
1.367413184471630530e+02 6.892978528565933516e+01 4.738574326482542176e+01 -1.060370014869574106e+03 -1.158942057370138855e+03 -2.170303273614967475e+04 2.295684113865931953e-05 3.673094582185491396e-05 5.229339315074341243e+01 9.302811928630425609e-01
3.953316171881422036e+01 2.780083674690708762e+01 1.429119571998470661e+01 -4.139017970623687575e+02 -4.155973836821835903e+02 -8.449801465463630166e+02 2.891643709825527861e-02 5.615243342516069991e-03 5.615207832773674568e+01 4.324579023096632446e-01
1.345274823589857078e+02 8.602370678402776605e+01 3.243268205736110588e+01 -6.201165409067923520e+02 -6.802116222502479559e+02 -1.558770495883350304e+04 6.473829201101928468e-04 1.698806244260789788e-04 6.612898806488705361e+01 7.453232189060950974e-01
2.290906063061587616e+01 1.316483183907151222e+01 4.609833868794745548e+00 -3.922417382479057437e+02 -4.008041029165589748e+02 -9.966728647970296606e+02 3.966942148760330654e-03 1.313131313131313130e-03 6.496807912155392728e+01 9.332174892980348302e-01
3.804775693733811437e+01 2.509243740762662256e+01 9.798352726723258854e+00 -3.922328923049990976e+02 -4.674711653038331747e+02 -1.252547294391766854e+03 1.191919191919191962e-02 6.616161616161616264e-03 5.216899116235104827e+01 8.852750371617573721e-02
1.586759913051014337e+02 7.949808507721205331e+01 4.165634833098599898e+01 -5.530688056243471920e+02 -6.245715451983178355e+02 -2.195594322946024113e+04 2.433425160697888067e-04 4.407713498622589676e-04 6.545566595398273080e+01 3.263125589868961507e-01
1.080909717248175923e+02 6.876160821918672639e+01 3.224039344531819040e+01 -4.904296918775606855e+02 -1.021513305540788679e+03 -3.359206762546001755e+03 1.804407713498622657e-03 7.943067033976124484e-04 5.327070904895776238e+01 4.419073467966420088e-01
5.050090588975524497e+01 1.527760508260432104e+01 1.655552109868109412e+01 -4.607006121431008410e+02 -4.694061495661763956e+02 -1.393879018144348720e+03 3.987144168962350466e-02 8.682277318640954297e-03 6.860567207776145437e+01 3.711597455043189608e-01
1.368428581649319824e+02 6.205644727497824675e+01 2.287831995085883818e+01 -4.491099648918520302e+02 -7.821465614442053038e+02 -1.073642756710608774e+04 2.235996326905417744e-03 1.239669421487603329e-04 6.708189875914101208e+01 2.682303178409600752e-01
1.950678344948711995e+01 6.742468821566707682e+00 6.508775039387329819e+00 -4.131030321524153806e+02 -4.172386476316358994e+02 -7.033333650949921321e+02 3.330578512396694529e-02 8.053259871441689755e-03 5.726701465716122641e+01 8.638296450537933380e-01
4.298082231957715749e+01 2.965223871801289590e+01 1.344663071909461571e+01 -4.550809674249923091e+02 -4.787117372681909728e+02 -1.325924686322465504e+03 8.921028466483011191e-03 2.548209366391184384e-03 5.026192458419337328e+01 7.103676156170866118e-01
1.075374923292667262e+01 5.077040551814480551e+00 4.361041480759394240e+00 -4.111065403230035713e+02 -4.138254753885883588e+02 -4.824224877284075319e+02 3.235215794306703363e-01 6.531680440771349405e-02 6.876540043696554960e+01 5.417784116639141612e-01
1.702850966922148359e+02 7.775096089412372180e+01 5.575329844910742594e+01 -5.830633279495543775e+02 -2.103639966523257499e+03 -3.588016075573175476e+04 2.525252525252525250e-04 2.754820936639118547e-05 5.990916560514859412e+01 2.026089211225071685e-01
8.883117558115220902e+01 3.763191778414002897e+01 2.867125781776799442e+01 -5.083478447422331783e+02 -5.289878128538480269e+02 -2.978306890341083545e+03 4.320477502295683864e-03 1.363636363636363744e-03 5.029977759104716739e+01 4.857696748319773605e-01
6.655107945880061493e+01 3.681193861496587516e+01 1.368184012160370600e+01 -4.834832279335246881e+02 -5.620313274953657583e+02 -1.459924915001100771e+03 2.662993572084481025e-04 1.836547291092745563e-04 5.454317179948484551e+01 9.136786707213947478e-01
1.768365068170136851e+02 8.505837001463912372e+01 6.492962817732200165e+01 -8.848237895015109871e+02 -1.012703093736011965e+03 -1.626692355735664205e+04 1.056014692378328692e-04 4.040404040404040401e-04 6.262059845967302607e+01 4.535327111677034950e-01
1.673511861212897429e+02 9.107365490424454890e+01 4.962721730395105624e+01 -7.214637557123460283e+02 -8.218473009410608938e+02 -2.417970897468723706e+04 1.606978879706152333e-04 3.673094582185491125e-04 6.080256642464309635e+01 5.662983281564752946e-01
7.436239137861308279e+01 4.566758921113023462e+01 1.616771092747511673e+01 -4.409579508547044497e+02 -5.285501013822967025e+02 -7.200005996196026899e+03 2.382920110192837670e-03 1.377410468319559104e-04 5.799358922177982123e+01 2.373937189832703021e-01
2.644703725948789383e+02 1.298398594337225802e+02 6.779564042272987479e+01 -2.022621239223574548e+03 -2.123238554048745300e+03 -2.294341864342436020e+04 6.427915518824609605e-05 1.377410468319559274e-05 6.538757829438981162e+01 9.174768267926154408e-01
1.446434243169856302e+02 6.217821553799769418e+01 2.589405361975062903e+01 -4.879426455437459254e+02 -1.096282956172323793e+03 -2.202662839450652973e+04 5.936639118457300024e-03 2.295684113865931953e-05 5.679218149975710617e+01 2.389489040080053084e-01
9.904528339922875091e+01 4.256709383882942177e+01 2.709484582754440751e+01 -6.061942139654613584e+02 -7.209655756568494098e+02 -4.935488334317707995e+03 2.708907254361799617e-04 5.968778696051423011e-05 5.278360356844888912e+01 9.269965040345892193e-01
1.220509840844429874e+02 4.905571358505647339e+01 1.980559007659653048e+01 -4.589212915470002372e+02 -5.555696954456763024e+02 -8.205415334849702049e+03 2.392102846648301064e-03 2.433425160697888067e-04 6.331612050090058119e+01 2.921198556884461173e-01
1.858010315545586479e+02 8.768867054508793046e+01 4.721958177836151549e+01 -9.916064653870992061e+02 -1.893157738335949034e+03 -7.670026784254270751e+03 5.050505050505050501e-05 2.295684113865931953e-05 6.643944104708481291e+01 9.197512108879587478e-01
2.008807451378742712e+02 8.771281627432588834e+01 5.031153826193308021e+01 -6.817257147745442580e+02 -2.429268596699876525e+03 -1.242486913918607570e+04 1.547291092745638110e-03 3.719008264462809717e-04 6.763947549722377062e+01 8.853715931054255417e-02
1.642608835840607355e+02 7.977492403481984695e+01 6.977368280718295068e+01 -9.535688669100724155e+02 -1.465309859210466129e+03 -1.210292112014984014e+04 2.249770431588613429e-04 1.019283746556473927e-03 6.790207095309412466e+01 3.197712524150888580e-01
1.000385812786516624e+02 6.012677955250586592e+01 2.897768204485720744e+01 -4.972802578612055413e+02 -1.154648870307310744e+03 -2.072888989862991366e+03 1.170798898071625333e-03 2.203856749311294838e-04 6.547203865908953446e+01 7.013129955276934391e-01
2.624088605959347476e+01 1.734431497625768159e+01 7.587692055740744124e+00 -4.277412236758549966e+02 -4.332579105350847612e+02 -9.471777377692931168e+02 2.967860422405876886e-02 1.195592286501377492e-02 6.083114607358052695e+01 3.872570233203573853e-01
1.113153279165138088e+02 3.960458572204583305e+01 2.993544723546388653e+01 -4.405319933867896225e+02 -5.514762516705459348e+02 -8.631501740551873809e+03 3.480257116620753041e-03 4.453627180899908267e-04 5.036051611685459051e+01 7.975750175072664205e-02
3.285843007837470964e+01 1.144519302037645936e+01 6.274507595482114120e+00 -4.231363536189990668e+02 -4.243142517263767672e+02 -9.504140978141805363e+02 6.776400367309458328e-02 1.282369146005509636e-02 6.139206790716494311e+01 1.379055441843680951e-01
1.161265177481663642e+02 7.063671757452411271e+01 2.687534051107245503e+01 -4.867892156421945629e+02 -7.102202227672686377e+02 -1.429816153195856896e+04 9.687786960514233135e-04 7.346189164370982793e-05 6.332228113124902080e+01 4.936852604341240847e-01
8.940089419815625149e+01 4.544156082702365751e+01 1.486266289520316874e+01 -4.666966333306550609e+02 -5.169371191076337482e+02 -2.027427350107080201e+03 2.112029384756657384e-04 4.132231404958677990e-05 6.817398825897450365e+01 9.304068866393867543e-01
1.015508025653817583e+02 5.961926317298028266e+01 2.519998811278746231e+01 -4.552190741278591872e+02 -5.647054562990992963e+02 -1.420882054540636091e+04 5.234159779614324867e-04 8.264462809917355981e-05 6.396436686701133567e+01 2.211714343104974057e-01
2.394579212596246407e+02 1.373975916935609973e+02 6.885500299551111425e+01 -1.835355424563640554e+03 -3.717312648086058744e+03 -3.078675849135470708e+04 5.509641873278237095e-05 2.295684113865931953e-05 6.731658010026836791e+01 9.184930452267909828e-01
3.766238517613562919e+01 1.147491157417458929e+01 6.060520513654498842e+00 -4.049830212373388463e+02 -4.102202661235564278e+02 -1.279410302370794398e+03 3.112488521579430747e-02 7.038567493112947958e-03 5.829152680947235865e+01 6.360251930854881053e-01
1.542069482246461405e+02 7.354073808282176117e+01 5.046339030162769035e+01 -1.237621651980683964e+03 -2.027592116069352187e+03 -1.175501476668013129e+04 5.509641873278237095e-05 2.754820936639118547e-05 6.143961273122259570e+01 9.448828882068566193e-01
6.756020502016886553e+01 2.161987213602624180e+01 1.417035013100053753e+01 -4.734025280615760494e+02 -5.447381900574004021e+02 -3.256267964232877603e+03 2.112029384756657600e-03 2.098255280073462077e-03 6.166240980636877822e+01 7.313349497295785762e-01
1.063011437243415145e+02 5.118335763634749469e+01 3.493053349799700413e+01 -6.151506614811897862e+02 -9.915750565564986800e+02 -1.319597980635031490e+04 2.662993572084481025e-04 1.285583103764921921e-04 6.999410250106861042e+01 7.802629224038576394e-01
2.023954837963888735e+02 9.564091337223820233e+01 7.304702954858859698e+01 -1.406948611848911014e+03 -3.066594224604267765e+03 -1.737135938507372703e+04 1.377410468319559104e-04 5.050505050505050501e-05 6.125849583052835357e+01 8.329801315606366607e-01
6.343081554928756560e+01 3.203091680247230499e+01 1.165989397149953177e+01 -4.324437470453893297e+02 -4.912664419567492473e+02 -4.489903303617650636e+03 1.827823691460055133e-02 3.305785123966942392e-04 5.946631977658815060e+01 2.917198931314676780e-01
1.674038034480615238e+02 4.731566648057884095e+01 4.775158080442007957e+01 -7.751328288914043014e+02 -1.183709839256401665e+03 -2.011234748760348521e+04 1.078971533516988150e-03 3.259871441689623259e-04 5.565554183203499150e+01 6.820706124080406774e-01
1.984388304560998506e+02 6.023605976555654706e+01 4.846296746916645048e+01 -7.546494601103137256e+02 -1.173160458547592953e+03 -2.673418436727366134e+04 7.346189164370982793e-05 5.968778696051423011e-05 5.013696653903261335e+01 3.985768534106262639e-02
6.550505514847105815e+01 2.705298504025396866e+01 1.498555266435213795e+01 -4.697988413633258347e+02 -4.831032450654619765e+02 -3.242463075056235539e+03 1.345270890725436090e-03 8.402203856749311485e-04 6.484695735004868311e+01 1.723706655269351407e-01
1.382344887258379913e+02 6.795522013006500117e+01 4.020481224827359057e+01 -6.439390532352101673e+02 -8.405125862858692471e+02 -6.026962338922251547e+03 2.846648301193755934e-04 4.545454545454545451e-04 5.397726924162217443e+01 6.298921718270398262e-01
1.731631879310013176e+02 1.217613691275608545e+02 3.193525525427407530e+01 -6.197893331516842181e+02 -1.250705303008144938e+03 -3.140566091529675396e+04 8.264462809917355168e-04 2.295684113865931953e-05 5.061129181102553787e+01 6.335714955188279651e-01
2.618700530417443062e+01 1.587518341468735805e+01 7.892532632426115136e+00 -4.137812542773305609e+02 -4.457762529727986021e+02 -5.241899755052018008e+02 6.101928374655647171e-03 1.202938475665748293e-03 5.983952958624715279e+01 8.370304098450835895e-01
1.621948293051781604e+02 1.256002995746327286e+02 2.903490331808664848e+01 -6.126465141191135899e+02 -1.320733486020478949e+03 -1.430651973824610832e+04 3.259871441689623259e-04 1.974288337924701609e-04 6.839405488367297892e+01 8.251361574759265016e-01
2.733601761628632332e+01 1.759657017632843079e+01 5.323479711150164384e+00 -4.442380954076305102e+02 -4.449601542690888323e+02 -9.900987779545663443e+02 3.296602387511478240e-03 6.657483930211202834e-04 5.137065626122438999e+01 9.373347938383962408e-01
1.391003251901756528e+02 7.303034617390405003e+01 4.661627864139153843e+01 -7.325343972834265287e+02 -1.282941629700945214e+03 -1.200173396330123069e+04 1.538108356290174500e-03 9.641873278236915085e-05 6.091162944795803469e+01 6.355158059249481628e-01
8.286634080290140503e+01 3.125026201756720212e+01 1.716815316777426759e+01 -4.541145068048693929e+02 -5.557443681879677797e+02 -3.911797831910816967e+03 1.992653810835629154e-03 6.290174471992654101e-04 5.236751497977458314e+01 7.304617857809562187e-01
1.830687863521740155e+02 7.128714329304408182e+01 5.530482162636495502e+01 -1.098255901659282927e+03 -1.179349784919241074e+03 -2.687538731511150036e+04 2.433425160697888067e-04 5.968778696051423011e-05 6.011264668115673260e+01 8.415112886191210562e-01
1.728324892877240870e+02 1.032438454653508586e+02 8.109568210704067326e+01 -7.613261980421157205e+02 -1.158434132339952612e+03 -4.203238833545386296e+04 3.673094582185491396e-05 1.377410468319559274e-05 5.243374497512489540e+01 2.130522658793709834e-01
1.296511302012741282e+02 8.936643987715065407e+01 2.983228259231499990e+01 -4.973850442460834529e+02 -8.655963858370080288e+02 -9.331813522850958179e+03 4.403122130394857871e-03 1.652892561983471196e-04 6.787458783822907549e+01 3.382671297168602376e-01
2.074891909420463492e+02 8.144931868663155683e+01 4.446650606022385688e+01 -5.189853476628368298e+02 -1.611410461278128651e+03 -2.956612431436168481e+04 1.134067952249770460e-03 2.754820936639118547e-05 5.642530193092103019e+01 1.526148233535049546e-02
1.624409671249043186e+02 7.097153203500901952e+01 4.324849167452239129e+01 -6.126916473597306094e+02 -6.535849491898065935e+02 -2.067952766705369140e+04 1.414141414141414140e-03 3.489439853076216759e-04 6.788003450073502165e+01 3.524846704683337051e-01
9.384121815322104965e+01 4.104962510393302466e+01 2.809624194794391627e+01 -5.842785576006488100e+02 -6.627288972164841425e+02 -3.092099511180321770e+03 1.464646464646464754e-03 2.571166207529843842e-04 5.756052302671206178e+01 7.935999805614656344e-01
1.192701919787470786e+02 4.867057615538905679e+01 3.432748050307480980e+01 -5.239520918701422261e+02 -7.277963804774344680e+02 -1.337732633685927067e+04 3.259871441689623259e-04 6.887052341597795521e-05 5.033026592516780795e+01 3.385810692097144803e-01
2.209908936279728096e+02 1.297063722002801001e+02 6.898158354335059528e+01 -1.705082795386340877e+03 -4.589119742893972216e+03 -1.495345105396379222e+04 1.836547291092745698e-05 2.295684113865931953e-05 5.400054966385810928e+01 9.150980391171984474e-01
1.674992073356556261e+02 8.673017908437179813e+01 5.168072036297250094e+01 -9.804113087655647405e+02 -1.530963326098379866e+03 -2.329529004835976593e+04 6.427915518824609605e-05 1.974288337924701609e-04 6.455715543328003037e+01 8.281548481466091127e-01
8.824093951211146702e+01 3.469068802884582681e+01 1.721634664772168222e+01 -4.579387757579354457e+02 -4.567468284610619662e+02 -2.240122720981797102e+03 1.984848484848484793e-02 4.067952249770431447e-03 6.934415497207233159e+01 1.967954592157461213e-01
1.974389777395051624e+02 1.043513831399582301e+02 7.346150635825048880e+01 -1.035678878614636915e+03 -1.144866381476195556e+03 -1.536545074042841406e+04 8.723599632690541897e-05 7.529843893480256617e-04 5.273049740588010792e+01 2.379091334621477316e-01
1.423046580272230415e+02 6.812832170966318301e+01 2.598500880510359323e+01 -4.772145685882147745e+02 -6.429241263879067674e+02 -6.697213374529713292e+03 8.815426997245179351e-04 2.341597796143250613e-04 5.279352212686092116e+01 4.564450776649245367e-01
1.098019531814232579e+02 5.854525144593245756e+01 2.542773624908217656e+01 -5.656289354664079383e+02 -1.110663067932955755e+03 -4.989241571006677987e+03 2.020202020202020200e-04 1.974288337924701609e-04 6.968152410658163376e+01 8.891460092506094925e-01
8.827188970930865963e+00 2.589236112101990006e+00 3.148997920075903956e+00 -4.088656021228873669e+02 -4.112349096702016595e+02 -4.251255918920538761e+02 2.305050505050505183e-01 1.984573002754820847e-01 5.862528042299361175e+01 2.319251137100636906e-01
1.842426358939865452e+02 8.759599500869381927e+01 4.725015433933593556e+01 -8.491982422920868885e+02 -1.284625764062278449e+03 -2.419924392396733674e+04 3.948576675849403217e-04 3.581267217630853942e-04 6.512337965604264411e+01 6.538208851805991095e-01
8.932190573974473580e+01 4.542926498274123759e+01 3.230118077104024366e+01 -4.926026049673848775e+02 -7.826305703112733454e+02 -4.278946787919672715e+03 1.074380165289256237e-03 4.315886134067952492e-04 5.167585566556909527e+01 3.714615532445504353e-01
4.798976046572025922e+01 2.041726827406587574e+01 1.450521197908461168e+01 -4.335415882391209834e+02 -4.525997861093083543e+02 -1.968830096911841565e+03 3.011937557392102647e-03 5.757575757575757354e-03 6.238510743468384590e+01 2.807132089938723096e-01
1.776769712876331084e+02 5.438708041830251716e+01 3.103998413501413367e+01 -4.700352129708725215e+02 -5.704065815786492522e+02 -1.509867949892803153e+04 1.336088154269972480e-03 2.846648301193755934e-04 5.176979415999950618e+01 4.188171204181629359e-01
1.375034863471630331e+02 8.054595091805798290e+01 3.031066165187572281e+01 -6.827732876656546068e+02 -6.947648136117072681e+02 -2.094484179027923165e+04 5.050505050505050501e-05 4.132231404958677990e-05 5.271019579115366582e+01 9.275504028710234161e-01
4.905704827182715633e+01 2.752082669085052302e+01 9.187621492242387333e+00 -3.959647975315271538e+02 -4.448492650533675601e+02 -2.718649295505008467e+03 1.606519742883379120e-02 9.090909090909090901e-04 5.402944293862746861e+01 1.742551030233519815e-01
1.372287731848480803e+02 5.772462335351227836e+01 3.019564650350159596e+01 -5.846436951828915198e+02 -7.828446144088433130e+02 -1.869925931839130862e+04 5.096418732782369634e-04 4.499540863177226859e-04 6.701088789085500252e+01 7.414939335474527438e-01
1.681386986526965188e+01 7.483411522939698024e+00 5.813549588639594923e+00 -4.491869199538035673e+02 -4.537472655668823904e+02 -5.022537218324194441e+02 2.228191000918273643e-02 7.272727272727272721e-03 6.287673296347019658e+01 6.961719445157741326e-01
5.588240193703157388e+01 2.992776536520205966e+01 1.726086298714743350e+01 -4.599756607247573470e+02 -5.062007468213887478e+02 -1.652164478571982727e+03 6.763085399449035758e-03 2.575757575757575864e-03 6.637541567758037786e+01 6.473316334157899199e-01
1.226127571932630929e+02 6.615474000380444863e+01 3.621448080599226671e+01 -6.551216551613277943e+02 -7.227238263609419846e+02 -1.231026748052275616e+04 3.948576675849403217e-04 1.010101010101010100e-04 5.002976894429582444e+01 8.031581581685556248e-01
1.699053668024650676e+01 5.075375702893610175e+00 5.747783984223680420e+00 -4.484852960840391916e+02 -4.526699680072501906e+02 -6.368286136794624781e+02 1.010606060606060591e-01 2.335629017447199418e-02 6.804140987318240263e+01 2.488229211396628671e-01
5.032296916407788956e+01 2.908045754847580255e+01 1.249262796430917710e+01 -4.270663712367960443e+02 -4.402140151759567743e+02 -9.432938683569103659e+02 1.259871441689623499e-02 2.235996326905417744e-03 6.182906023086464842e+01 7.331041794081875063e-01
1.251649784320825205e+02 5.237179646004611300e+01 2.355783055797638781e+01 -4.619940445286771933e+02 -6.976534920786090197e+02 -1.331334595815370449e+04 3.599632690541781487e-03 1.101928374655647419e-04 6.431841477085889380e+01 1.471952040325801292e-01
4.314984058542849255e+01 1.660206566578036913e+01 1.124636427548694506e+01 -3.987515364453372513e+02 -4.540362107496638373e+02 -1.436344273745805367e+03 3.397612488521579467e-03 4.380165289256198087e-03 6.128361517062705843e+01 6.734047195344672332e-01
