# format=SNRtot_MF, SNR220, SNR440, evidence_inj, evidence_filt, nofilter,                 occams_inj,occams_filt, mass_in_solar, chi_inject]
1.386158055119007884e+02 1.951402554691665259e+01 1.406441378603939896e+01 2.570614611020487938e+00 -7.876645862833539979e+01 -9.770261844633079818e+03 1.554001554001554000e-04 1.942501942501942500e-04 8.800889510266655691e+01 9.324803022859573520e-01
1.695005317926352859e+02 6.621274169534490284e+01 3.833226029782161248e+01 5.792779385842055540e+00 -3.488492885022801033e+02 -1.615615971234736207e+04 3.445998445998446104e-03 6.526806526806526801e-04 8.443917348727762828e+01 1.429800140485200655e-01
7.798616248104971760e+01 1.919599070856366652e+01 1.035041003884010280e+01 6.966349155294057738e+00 -1.789901469917603194e+01 -3.173583263635536696e+03 1.074592074592074613e-02 1.438616938616938540e-02 5.574293930038734146e+01 8.555802041596531626e-02
1.612680837086854524e+02 5.582728840440037033e+01 2.287578368655712424e+01 2.735812595262628655e+00 -2.176711086904665535e+02 -1.400668125867065828e+04 1.864801864801864800e-04 2.136752136752136750e-04 6.452367769811455389e+01 8.779940348420236518e-01
2.251471486759658376e+02 2.892444814367650707e+01 4.033177342202532856e+01 4.619988189020861391e+00 -4.064259213951255560e+02 -2.568640920708966951e+04 1.204351204351204350e-03 2.486402486402486400e-04 8.977396235446673245e+01 4.000656384894923923e-01
1.729993756810494858e+02 3.457995428999755916e+01 2.416188063922213658e+01 5.483518944096258174e+00 -1.800325864797181339e+02 -1.549555209649495919e+04 2.393162393162393160e-03 2.602952602952602950e-04 8.374013295761250220e+01 2.815666752453360733e-02
1.443911801792708616e+02 4.923324803060289412e+01 3.184719482748652553e+01 4.173767711273640657e+00 -3.298888647955744204e+02 -1.147276700303781945e+04 8.275058275058275051e-04 9.207459207459207451e-04 6.784376559651289540e+01 6.996942544436373090e-01
2.059736388590414435e+02 -1.193268724674269166e+01 4.775370172365825994e+01 3.401490180390732032e+00 -6.044166900733032435e+02 -1.949007356414456081e+04 4.584304584304584301e-04 5.089355089355089351e-04 6.894524832379892132e+01 6.035787448165996771e-01
2.247173752777230220e+02 1.479162804876585291e+01 4.302407464759372147e+01 4.195051057929264915e-01 -7.642254722723708937e+02 -2.494735159896903497e+04 2.331002331002331000e-05 2.719502719502719500e-05 6.982494291408244180e+01 9.440856053995142494e-01
5.476106216600833676e+01 -5.755157129459942844e+00 7.986416223076807874e+00 7.511202748661180095e+00 -8.518785130760253566e+00 -1.409074075891381653e+03 1.748640248640248585e-02 6.398601398601398704e-03 6.684910730485138686e+01 1.465724648250057438e-01
1.197703282364256694e+02 4.875624318056868844e+01 2.425825023819977844e+01 6.730322505998105775e+00 -1.406521381898998015e+02 -8.048517171795625472e+03 7.785547785547785975e-03 1.027972027972027906e-02 8.619208177386371972e+01 1.061790133509933343e-01
4.823683999507420594e+01 1.070544073340190749e+01 4.710529517181308634e+00 5.831796788963741207e+00 -3.417717222902955321e+00 -1.190271730184057105e+03 4.257964257964257961e-03 4.980574980574980354e-03 6.717206731483764770e+01 8.109155072469351744e-01
1.833994814885242874e+01 7.054865152262925321e+00 5.392452562072833189e+00 9.096481266404264687e+00 2.551398676800807230e+00 -1.792222158254490694e+02 8.789432789432789772e-02 9.676379176379176772e-02 7.582347463962841516e+01 2.011506790369818887e-01
1.842384212895327096e+02 -1.434441795829838284e+01 1.804450718093874428e+01 2.378000773213923225e+00 -1.179029323919020129e+02 -1.653779948049916129e+04 2.408702408702408700e-04 2.952602952602952600e-04 5.211171239488172802e+01 7.940643441288693927e-01
4.081825861341018680e+01 1.407588230537034946e+01 7.032827601171288023e+00 7.474050136448929571e+00 -8.394104064137916765e+00 -8.948696530956204924e+02 1.834887334887334853e-02 7.983682983682982917e-03 5.152185689903832611e+01 2.599046784718633124e-02
1.781205549065186915e+02 2.256422468566937667e+01 2.911229316676573831e+01 5.767635867763560853e+00 -2.101360471494751039e+02 -1.608414117094504400e+04 3.888888888888888777e-03 2.156177156177156284e-03 7.930247642893922944e+01 1.986669130893078117e-01
1.318628428655153506e+01 1.082242731190761864e+00 2.614818308103106226e+00 1.045552329447757245e+01 8.635306017720440153e+00 -7.389189078386732490e+01 2.636946386946387166e-01 2.476029526029525918e-01 8.644282233408412708e+01 1.357157798582915853e-01
1.571442075375698550e+02 6.488447655336025832e+01 3.603448665783805893e+01 5.557084628686345340e+00 -4.161758614692485025e+02 -1.402352928504721422e+04 2.630147630147630037e-03 4.448329448329448217e-03 5.172977103035053403e+01 1.383979893060841848e-01
5.275322613504796010e+01 1.215736182403405330e+01 8.441577613775088196e+00 6.926399013263532467e+00 -1.636427822670437848e+01 -1.445990244365244962e+03 1.209401709401709477e-02 1.046620046620046554e-02 8.970966981725266010e+01 5.540206013020636533e-01
1.752451856995397463e+02 5.693834695672988744e+01 3.468680563205634115e+01 1.469956625785213911e+00 -5.195691441831240809e+02 -1.671640130027957639e+04 5.439005439005439001e-05 9.324009324009324001e-05 8.610047006509390144e+01 9.455576140213151071e-01
1.285172549228664423e+02 4.448704008551898426e+01 1.855433402472525017e+01 6.143934945710474160e+00 -7.288015787882594054e+01 -8.899179765847886301e+03 4.397824397824398254e-03 2.886557886557886664e-03 8.110288700331612688e+01 8.257184063464624579e-02
7.107288549395471478e+01 5.570347049876970047e+00 1.735004207794512610e+01 6.371878899128168072e+00 -7.464287464418437423e+01 -2.459352915295145976e+03 6.965811965811965698e-03 1.201243201243201199e-02 8.355566167778519571e+01 5.280736383391092525e-01
1.111808520220359640e+02 3.051660592538368633e+01 1.859821144573400531e+01 6.010440497694270690e+00 -7.895149277215115546e+01 -6.562740096715091568e+03 4.809634809634809847e-03 6.732711732711733031e-03 8.016469158153017815e+01 3.541214559065430367e-01
1.235977619548777398e+02 9.336289919543261817e+00 1.605496657397288018e+01 5.270988675700162496e+00 -9.004238972801822172e+01 -7.646757840290619242e+03 2.296037296037296144e-03 1.993006993006992897e-03 8.224509124577349439e+01 5.748435447507003193e-01
1.534010335976509154e+01 3.107470545594168243e+00 4.828745479618064884e+00 9.211104980533262321e+00 1.798905045715651241e+00 -1.085477918666120729e+02 9.133255633255633887e-02 5.312354312354312241e-02 8.640025386187457457e+01 1.483748710976836582e-01
1.124529637734383556e+02 3.051720213660358283e+01 1.399656828154198784e+01 5.979496187255410433e+00 -4.947176368320835849e+01 -6.639560285777632089e+03 4.638694638694638474e-03 1.037296037296037404e-03 7.122765218552373767e+01 2.659551984136768188e-01
9.979396079561750810e+01 3.277179621338270721e+01 2.254999078916530664e+01 5.745240371501438403e+00 -1.170882330717367807e+02 -5.451711579524908302e+03 3.966588966588966911e-03 1.456876456876456984e-03 5.061882456618032222e+01 3.455938025820490256e-01
6.997941616090599837e+01 8.758183095337377821e+00 7.833952120735129476e+00 6.214760114043272665e+00 -1.479960493592611748e+01 -2.474026740655011963e+03 6.705516705516705728e-03 5.439005439005439001e-03 5.565461120018221663e+01 6.272300797978543896e-01
2.018465554416772818e+02 7.760779921852778784e+01 4.430981277657921424e+01 3.046056700258874539e+00 -7.598714804268089438e+02 -2.281566488448848395e+04 2.486402486402486400e-04 4.817404817404817401e-04 7.246951253044451846e+01 7.313620618097961268e-01
1.100011386721829894e+02 2.900292225264088941e+01 1.897442668115097320e+01 6.453564573571434870e+00 -1.112874585255017621e+02 -6.407966255896935763e+03 7.362082362082362184e-03 1.038461538461538450e-02 7.673329872236465121e+01 2.837320863027792961e-01
9.868013076096386271e+01 6.330871204078616188e+01 2.084981706193842399e+01 6.321585776917684640e+00 -1.071844085543020810e+02 -5.959043345645492082e+03 6.612276612276612488e-03 1.428904428904428925e-02 7.912355985038854556e+01 4.119141147718224927e-01
6.654874453646833388e+01 3.187147068242937209e+01 1.486056008475010870e+01 6.008948100652723667e+00 -7.462976122590225714e+01 -2.565119095165272483e+03 4.825174825174824954e-03 1.028749028749028835e-02 5.741634699256920271e+01 6.512992609382031173e-01
2.179331465999330248e+02 7.632480079037492260e+01 3.988152829012773282e+01 2.325780590620102117e+00 -5.559744267337016481e+02 -2.598365135948136958e+04 1.243201243201243200e-04 1.709401709401709400e-04 7.702258753208212738e+01 8.423479136750027241e-01
2.672690395263165186e+01 8.242164979023593574e+00 5.401519251985022585e+00 8.314761318369601639e+00 -1.728915397107593677e+00 -3.746373185699044939e+02 4.162393162393162455e-02 6.040792540792540993e-02 5.336386221700560384e+01 4.109938171841485133e-01
1.565250996052246251e+02 2.980164744830375412e+01 3.983767645173377048e+01 1.341765901460197696e+00 -7.543243245866175357e+02 -1.263130317287625621e+04 4.662004662004662001e-05 6.604506604506604501e-05 8.026594080123939534e+01 9.492268393116134462e-01
8.359555164574005914e+01 5.212682441422270330e+00 2.064761330161998387e+01 6.642912939928007354e+00 -9.380772608504415189e+01 -3.376117224691646697e+03 8.966588966588966148e-03 6.270396270396270608e-03 8.199827738823118750e+01 3.218526632130251919e-01
1.824540414362542435e+02 6.390451688991156942e+01 2.514531066734724263e+01 5.019510726647086862e+00 -1.880580012908215792e+02 -1.792303583760189213e+04 1.771561771561771560e-03 2.062937062937063044e-03 7.237713418643019736e+01 3.657418823756875548e-01
4.536482761189940760e+01 1.661309565914839581e+01 1.052188194127886156e+01 6.172554828522842207e+00 -3.459713991784858678e+01 -1.135971436966157626e+03 5.710955710955711168e-03 1.073815073815073858e-02 8.462147956381701874e+01 7.651778762714492865e-01
1.401893752549562748e+02 -1.953701659139098490e-01 2.947301010255196729e+01 4.472354212772962079e+00 -2.276930984397415045e+02 -9.373984771487039325e+03 1.048951048951048950e-03 9.168609168609168601e-04 7.475775439280845092e+01 6.000049403287447403e-01
1.678399348819116312e+02 1.033579699024956255e+02 4.736069656598911592e+01 4.117848211204800712e+00 -6.529004349911573399e+02 -1.784625114462890633e+04 7.264957264957264951e-04 1.410256410256410364e-03 8.521759938094402287e+01 6.404027210583974616e-01
2.032503741475690333e+02 5.883753583436108769e+00 2.667388824307619544e+01 3.596213679237573846e+00 -2.335477751056783120e+02 -2.044409333752157545e+04 1.305361305361305360e-03 1.157731157731157730e-03 5.525537857308090395e+01 4.512077533374009852e-01
2.144045468218170569e+01 -1.600803919174416556e+00 4.468129812920965449e+00 9.361353318201588891e+00 3.775877278984562047e+00 -2.002534701867391789e+02 1.064102564102564069e-01 8.439393939393939614e-02 7.718528346300081466e+01 2.367007179146766727e-01
1.686669963455622394e+02 -1.898160902679151718e+01 1.898334533033554550e+01 5.504102172239437429e+00 -9.482386743085538683e+01 -1.367130130249643480e+04 2.929292929292929507e-03 9.401709401709401701e-04 8.246009385051999629e+01 2.714616293539101055e-01
2.135176517272293495e+02 1.487445150869419024e+02 6.008880140274178672e+01 4.293440948864636120e+00 -1.115911323707640349e+03 -2.991498301277835344e+04 8.624708624708624701e-04 1.383061383061383060e-03 8.025164004590985201e+01 4.712410910727174440e-01
2.572882093004714221e+01 1.378453606407559739e+01 2.556484429655741852e+00 8.727085961057078123e+00 6.988590567300336787e+00 -3.504998721493731182e+02 5.773504273504273532e-02 6.089743589743589619e-02 5.661924716161252746e+01 4.487930924224678431e-01
3.162963527920242512e+01 -1.365443408414001691e+00 6.007921118116402504e+00 6.354804490186204191e+00 -5.174083159224204032e+00 -4.615074930037814624e+02 7.369852369852369738e-03 9.063714063714064031e-03 5.534825146633460236e+01 7.899520603416216868e-01
1.703943112987875566e+02 3.301726358204795275e+01 3.748200601332887771e+01 5.609426650674330439e+00 -3.014984242143747792e+02 -1.503975515965430895e+04 3.115773115773115987e-03 1.270396270396270504e-03 8.623656954685085907e+01 1.666492292651595986e-01
7.793234415237812129e+01 5.257198626306791134e+00 1.819115202258294417e+01 3.935879176278429092e+00 -1.106591718090572982e+02 -2.954442239437911212e+03 6.293706293706293701e-04 8.430458430458430451e-04 6.820942756099877613e+01 8.443578699100083851e-01
1.568523215638592205e+02 5.741882395861918553e+01 3.512801853358662640e+01 2.986788003651933643e+00 -5.342198273659321330e+02 -1.368888767255912717e+04 2.331002331002331000e-04 3.535353535353535350e-04 5.581583202275113820e+01 8.177239670573145380e-01
6.535111730822615073e+01 2.816484396855687677e+01 1.642116470783352966e+01 5.066444217405853934e+00 -9.743470008705655516e+01 -2.450598096739827270e+03 1.864801864801864800e-03 4.172494172494172274e-03 5.343899295871206334e+01 7.106336908976157440e-01
5.427987672195006041e+01 2.857512782325175493e+01 1.648080881526654196e+01 7.099081426745613044e+00 -6.949801171184165582e+01 -1.795826810825036546e+03 1.404817404817404816e-02 2.048951048951049014e-02 8.630906532445959556e+01 4.047785778914384514e-01
1.207530328092049530e+02 4.737973381414703056e+01 2.751931718710945773e+01 5.715367135697277057e+00 -1.948896476795958392e+02 -8.203390593586285831e+03 3.655788655788655677e-03 2.587412587412587627e-03 7.652980686508868757e+01 4.954239504392237148e-01
1.335049876488408813e+02 1.115114851824136721e+00 1.967505840970883213e+01 4.378237945537746256e+00 -1.317082324564899523e+02 -8.727718465114881838e+03 1.006216006216006324e-03 1.581196581196581304e-03 5.943418162979874353e+01 6.758170015767200889e-01
1.624854887059284536e+01 3.956891453756287369e+00 2.313070437870125229e+00 8.264609660262065560e+00 6.890983918925295271e+00 -1.260267048481481709e+02 4.470473970473970438e-02 4.783605283605283504e-02 5.215246011086812672e+01 7.482188672565984744e-01
1.163726651126825651e+01 3.917860778099871988e-01 1.872908534558606064e+00 8.829627651982972836e+00 7.559068939193299030e+00 -5.423448565243892716e+01 1.260295260295260233e-01 7.378787878787879118e-02 7.455907240791447066e+01 8.394560271513034078e-01
1.917407026564592911e+02 -1.498654340512174388e+00 2.093665457232991045e+01 5.505657333206088744e+00 -9.306737795230581867e+01 -1.811924158043107309e+04 3.061383061383061380e-03 1.771561771561771560e-03 7.464298989951775809e+01 2.697545077812679715e-01
4.696005607902700518e+01 2.011657066393020443e+00 1.109502546182705274e+01 7.367270592804061380e+00 -2.212690384424848133e+01 -1.050934638271335643e+03 1.801087801087801130e-02 1.119658119658119635e-02 6.083393655228723418e+01 4.572001428855523297e-01
9.411851140258779935e+01 3.413500469875632604e+01 1.354842953481648316e+01 6.294447110890587282e+00 -4.001679368457129016e+01 -4.787384442147164009e+03 5.233100233100232770e-03 2.051282051282051280e-03 5.022526004251903231e+01 1.263869442284372702e-01
4.078777054766538157e+01 -3.630389781415181538e+00 5.564187855776021152e+00 7.658909323888408061e+00 -1.855004779539014770e+00 -7.836824625696891644e+02 2.657342657342657427e-02 2.070318570318570306e-02 6.399437916468588128e+01 5.308050189466763102e-01
2.060922401451636858e+02 1.066200627010665585e+02 4.542657926822856496e+01 4.560548639626248679e+00 -6.377720211923817715e+02 -2.503614501531895075e+04 1.122766122766122874e-03 1.491841491841491840e-03 8.389608776263214907e+01 5.372161247795317340e-01
5.790918433338193694e+01 1.317023851732292350e+01 1.036231455161694726e+01 6.564935518346213250e+00 -2.775754523362241954e+01 -1.747063801307655012e+03 8.411033411033410484e-03 5.885780885780885451e-03 7.542167715753971891e+01 5.367456120189346702e-01
9.741345649561252173e+01 7.482282870224722160e+00 1.301587120906206962e+01 6.184893044937900264e+00 -4.331230220886725135e+01 -4.744914345160324046e+03 4.848484848484848481e-03 9.052059052059052051e-04 5.711535524365736194e+01 1.547502131999783093e-01
4.531274488910719356e+01 1.770111953345196909e+01 6.547031714048596740e+00 6.784974255450039848e+00 -5.490847731290845246e+00 -1.108622016945807445e+03 1.121212121212121146e-02 1.987179487179487059e-02 7.140854970233323229e+01 6.623578301715720151e-01
2.307905456960793700e+01 9.361451650852977480e+00 2.768141757710971262e+00 7.931012647794950077e+00 5.076015823290930484e+00 -2.759455141714531123e+02 3.564879564879564616e-02 4.275058275058275098e-02 7.158667632213409604e+01 7.485767575182852296e-01
1.679653948267839496e+02 7.776075946442530551e+01 3.592533856057035990e+01 5.374980357853280211e+00 -4.019306857935358153e+02 -1.624199517822531925e+04 2.358197358197358304e-03 1.398601398601398600e-04 8.553263438740864899e+01 1.073938601983398383e-01
1.796104996587191067e+02 2.454054439446459668e+01 4.497647192899967195e+01 2.597485832620308521e+00 -6.597580521748093361e+02 -1.620981299974318426e+04 2.097902097902097900e-04 3.962703962703962701e-04 6.875569347460221081e+01 8.165408192597455317e-01
1.857247959967304780e+02 6.580387629432698837e+00 6.060162675139233812e+01 5.087917864868543916e+00 -7.707359105347592276e+02 -1.579689514998027153e+04 1.612276612276612384e-03 1.282051282051282050e-04 8.429146946533387563e+01 7.562736789180013464e-02
1.605367910577745363e+02 1.493695118169884495e+01 2.403752864416005153e+01 6.017923657239947488e+00 -1.177238851116035505e+02 -1.294371825521670689e+04 4.599844599844599841e-03 2.653457653457653564e-03 7.766787677487241126e+01 1.651292057616022824e-01
2.483141614943870366e+02 1.642560716729164128e+01 5.723314006900001516e+01 4.753672848823992325e+00 -8.050040117736876937e+02 -3.011977592740122782e+04 1.600621600621600620e-03 7.731157731157731151e-04 8.225418507805338209e+01 3.455415013576924044e-01
1.903982915825908151e+02 -4.729532350882655578e+01 2.543615592049816598e+01 5.122170647784876962e+00 -1.590291985670502015e+02 -1.658678609512363619e+04 2.051282051282051280e-03 1.923076923076923184e-03 8.455725676512184918e+01 3.466700063922529829e-01
9.829237956900185225e+01 -2.283706908542905811e+00 2.474154296791749630e+01 5.805609710625883046e+00 -1.468219397781364535e+02 -4.455663147273727191e+03 3.939393939393939607e-03 5.854700854700854371e-03 8.283095467083182939e+01 4.411033369982406138e-01
1.290201443755822481e+02 -9.961900093762011466e+00 3.871532825793000399e+01 5.173703947822126281e+00 -3.664689477062614742e+02 -7.175523887511566500e+03 2.109557109557109664e-03 2.035742035742035740e-03 8.097167327439356654e+01 4.201990975358202984e-01
8.793862180338213363e+01 5.103794461052665099e+01 1.025794792070730921e+01 6.655451059641301903e+00 -2.548738483492821416e+01 -4.325074045787747309e+03 8.197358197358197568e-03 3.403263403263403260e-03 8.869806657468426181e+01 1.982315723867547619e-02
1.502314800565406756e+02 1.253223659985718541e+01 2.509252919265750492e+01 1.717222657899148075e+00 -2.703034139566930207e+02 -1.127193841550426441e+04 1.554001554001554000e-04 2.175602175602175600e-04 5.048183820022680379e+01 8.692855087109577772e-01
1.412203884747855227e+02 1.976141902287278285e+01 2.013726875481573231e+01 4.421231067502220391e+00 -1.391506420595159170e+02 -1.015432688329880330e+04 1.002331002331002330e-03 1.293706293706293814e-03 5.420902351065785041e+01 5.987601867327321248e-01
6.998611652612424905e+01 -1.713682935280123232e+01 1.299960021485675021e+01 7.171327943833568419e+00 -3.510795967913959004e+01 -2.129303133220281325e+03 1.234265734265734341e-02 7.816627816627817055e-03 6.477553365269572794e+01 1.099576922253796413e-01
2.973591585740482302e+01 3.617179945552403630e+00 5.759132521323643061e+00 8.991509996451727105e+00 1.477207621553304762e+00 -4.339019743260122937e+02 7.896658896658896587e-02 6.589355089355089512e-02 8.905903953877620438e+01 1.136378261925740235e-01
1.604883541916169065e+02 4.051938345571801392e+01 2.560175618958227517e+01 4.929497798933442532e+00 -1.671473695793906131e+02 -1.357543994518288127e+04 1.802641802641802640e-03 2.494172494172494387e-03 6.133576905434842530e+01 4.665087381950156487e-01
6.894230055931330980e+01 2.724198693827281659e+01 1.395631068878349801e+01 7.187716325195154354e+00 -4.213198445645694079e+01 -2.646870346100582537e+03 1.299145299145299144e-02 1.972804972804972912e-02 5.147664540989862303e+01 9.246260038686802962e-02
1.611029151754205202e+02 7.320043050714555477e+01 3.411408829721831637e+01 5.812949347033139702e+00 -2.426977158317061480e+02 -1.487989669197518378e+04 4.133644133644133641e-03 2.948717948717948824e-03 7.333915767732555935e+01 2.047245572663141666e-01
1.800173887761787341e+02 -7.735943665758369114e+00 4.076204351137659643e+01 4.298640402057392507e+00 -3.577645721975741822e+02 -1.504456677640592898e+04 1.212121212121212120e-03 5.011655011655011651e-04 5.013300810512122752e+01 2.307270023978851836e-01
2.818840272686759008e+01 -1.464515753725462499e+00 7.601711751572403308e+00 8.104226948667003327e+00 -1.278308881331997959e+01 -3.448088001794392312e+02 3.693861693861694162e-02 4.226107226107225778e-02 7.256493782621163291e+01 5.821662334248064452e-01
1.980585394382754600e+02 6.710269604433238833e+00 2.752876785849514363e+01 2.858709816715184981e+00 -2.996132034658855900e+02 -1.940694305994221577e+04 2.175602175602175600e-04 1.864801864801864800e-04 8.077901625189730339e+01 8.558153203730881620e-01
1.822133989335916340e+02 8.665841556489802144e+01 3.931120008141233058e+01 4.637277618368203846e+00 -4.924874599627788712e+02 -1.922236407598144433e+04 1.239316239316239424e-03 1.371406371406371514e-03 6.404815795778077359e+01 5.879298390971151589e-01
2.336100224598521038e+02 -3.899743677543013831e+01 5.450177300735146702e+01 4.405489860968095250e+00 -7.024291437740866968e+02 -2.366371183279672550e+04 1.662781662781662780e-03 6.604506604506604501e-05 6.397148553852477448e+01 1.184235773877327647e-01
2.667238187938299632e+01 -5.800170652355242096e-01 2.885864202611092555e+00 5.620436110847660593e+00 2.256070793417784159e+00 -3.374116344022522753e+02 8.096348096348095907e-03 3.593628593628593517e-03 6.793480595939756483e+01 9.221452655812301114e-01
1.167608336940270135e+02 -4.271359176074809483e+01 1.174209727971640049e+01 6.736903285387022322e+00 -2.962038138270570187e+01 -6.233602182004015049e+03 8.352758352758352101e-03 7.490287490287490281e-03 8.847710536728001784e+01 1.435397755300042155e-01
7.604029068184330242e+01 -1.261856129742433907e+01 9.098834051316821103e+00 6.886343837257161482e+00 -1.620284326492424398e+01 -2.722395931157142968e+03 1.254856254856254877e-02 7.024087024087024081e-03 5.401282266613521443e+01 3.299599626020701670e-01
1.782071895310294565e+02 -3.176614980244238384e-01 3.121644715136674364e+01 5.086765358016569927e+00 -2.193220378467023011e+02 -1.536929326395785029e+04 1.888111888111888110e-03 2.136752136752136750e-04 7.224094913388177019e+01 1.832984730297558817e-01
3.873081530884244472e+01 4.385761245236624362e+00 4.005910396052286160e+00 6.060851859746494874e+00 3.779291608201900132e-01 -7.471249481859846355e+02 5.446775446775446554e-03 6.282051282051281937e-03 6.832682414581263686e+01 8.204499201576673784e-01
2.070049389625075662e+02 3.964288119726006698e+00 5.050072465814689338e+01 4.995433349762023134e+00 -5.769177665132015136e+02 -2.033810181816246040e+04 1.899766899766899874e-03 1.437451437451437450e-04 7.599601955891699845e+01 2.351615671586340384e-01
4.171014906037090952e+01 2.068334416037458112e+01 1.019203446380272382e+01 7.528201813364664652e+00 -2.234534823193080655e+01 -1.016276453998595230e+03 2.282439782439782405e-02 1.939005439005438841e-02 8.538690833692119497e+01 6.481645157117231770e-01
1.986575023718478405e+02 -3.104308550318934223e+01 2.850352385778072062e+01 2.784869251844623861e-01 -3.079121848506336505e+02 -1.842888047332140195e+04 1.476301476301476300e-04 1.398601398601398600e-04 5.008600896030458927e+01 8.356773053067672041e-01
1.149527713297225660e+02 -5.078154577970169115e+00 9.945934213765344367e+00 4.178232680236178886e+00 -3.672186886404971773e+01 -6.494643636565491761e+03 7.964257964257964251e-04 7.303807303807303801e-04 5.843047362684001911e+01 7.851957286654401846e-01
9.211748904553631689e+01 -1.088043050668266787e+01 1.529050706233442902e+01 6.280992559809130960e+00 -5.790353565275140113e+01 -3.947090404837795177e+03 6.616161616161616264e-03 4.063714063714063927e-03 6.600823917373652705e+01 3.624657653912831679e-01
5.053452767181078542e+01 -3.339726687943333161e+00 1.644940241132966463e+01 7.349581414425309767e+00 -6.042755797986291100e+01 -1.074182928853595513e+03 1.423853923853923842e-02 1.592463092463092603e-02 6.251809372166037093e+01 1.948277668066309698e-01
1.049922970839580074e+02 8.623399790684672661e-01 2.433692973318722963e+01 5.790578185257190036e+00 -1.470098229436186443e+02 -5.224076469966581499e+03 3.442113442113442327e-03 7.653457653457653451e-04 5.345745955206385247e+01 1.034851664258015919e-01
1.117910608734945868e+02 8.986668605255603737e+00 2.383805295211993069e+01 3.139254563284890054e+00 -2.473571802441839509e+02 -6.166260556837754848e+03 2.719502719502719500e-04 4.933954933954933951e-04 6.201977295416744340e+01 8.693989912986204160e-01
9.782124167159932426e+01 4.421379526432090756e+00 1.595084957435662965e+01 4.539255371829004737e+00 -8.088518463743821485e+01 -4.715349233177948008e+03 1.118881118881118880e-03 1.573426573426573534e-03 8.594390588248299423e+01 8.281840947655852991e-01
1.705449661346037828e+02 1.340134566533503424e+01 2.889890307040361250e+01 1.272160857763214192e+00 -3.809822490364659870e+02 -1.450004524041162585e+04 4.662004662004662001e-05 6.216006216006216001e-05 5.701495910317959925e+01 9.260136077972687119e-01
8.262695119792238074e+01 7.473806460528047424e+00 2.242718997915611823e+01 5.647090082148840118e+00 -1.246154402016067166e+02 -3.317275197734907124e+03 3.469308469308469197e-03 6.355866355866356295e-03 6.535824619639456046e+01 5.067267703504320098e-01
1.270196320779945012e+02 7.898657925713776251e+01 3.452391368308385466e+01 5.650912751534820089e+00 -2.313402119856488355e+02 -1.018551061643737557e+04 3.088578088578088684e-03 3.181818181818181924e-03 5.480640293273109620e+01 6.002938018312750645e-02
7.158252458840671295e+01 -1.631523289118409537e+01 1.623501262380046484e+01 7.025248081416520129e+00 -5.500777641306844146e+01 -2.152904697254677103e+03 1.064491064491064447e-02 3.954933954933954714e-03 6.838261168110186361e+01 9.476288331278788502e-02
1.916822780687321881e+02 2.620693677289595058e+01 3.178692933523864994e+01 2.102901303693424762e+00 -3.798787094571479201e+02 -1.868642308524662803e+04 1.359751359751359750e-04 1.981351981351981350e-04 5.958465158096443304e+01 8.588591661383303544e-01
1.955870952537464404e+02 1.008926841949452182e+02 3.373377265107039591e+01 3.453597713563078209e+00 -3.426846990213055619e+02 -2.194920469047637744e+04 5.205905205905205901e-04 7.381507381507381501e-04 5.169954029183348609e+01 6.443137477547303815e-01
1.394994947211523595e+02 5.000742576124935113e+01 1.522232599713756684e+01 5.763547455942783948e+00 -4.531677494876906565e+01 -1.036296585998809314e+04 4.304584304584305014e-03 4.712509712509712831e-03 5.899156874578270049e+01 2.272178376054317661e-01
2.178982676813881199e+02 8.587455490259588942e+01 3.993064142647271098e+01 4.539171370927232552e+00 -4.665283701044677969e+02 -2.635916713980950590e+04 1.142191142191142190e-03 1.616161616161616160e-03 6.388937700920574514e+01 4.153713970931288690e-01
2.964951863271127408e+01 1.294336037498522707e+01 5.146023751682718306e+00 8.313617592676573409e+00 4.924218840824945431e-01 -4.804546506914237511e+02 5.050893550893550965e-02 4.769619269619269908e-02 8.133273358815654319e+01 6.614335666583370799e-01
1.181925245794453474e+02 1.356417250853304957e+01 3.127777993662727951e+01 5.911898333549719275e+00 -2.968519773872760652e+02 -6.907385490519563973e+03 4.188034188034188247e-03 3.951048951048950937e-03 5.802596102603202155e+01 1.591743669308669784e-01
2.321589217166001049e+02 1.086426338874623809e+02 3.304354401654374840e+01 4.626231273414544987e+00 -3.238948936104922041e+02 -2.998042383408005117e+04 1.254856254856254964e-03 1.320901320901320900e-03 7.012971334509337851e+01 4.405681837957624580e-01
2.532376691559051096e+01 4.962064942621087660e+00 3.026339991413085073e+00 8.126124549410885578e+00 4.995388290015291943e+00 -3.186257275274641074e+02 4.296037296037295838e-02 3.720668220668220394e-02 7.012793952046767743e+01 6.934238215805244021e-01
8.535573230024839120e+01 4.755359826897878150e+01 1.955197279050719317e+01 7.071267950444677375e+00 -6.857030985116603006e+01 -4.368968971127100303e+03 1.275446775446775413e-02 1.737762237762237663e-02 7.893748647437885779e+01 2.200292036042173979e-02
1.801966751235398192e+02 6.947402082402157930e+01 3.052634309142761282e+01 3.253493100680204808e+00 -3.147265618544828953e+02 -1.787782146056242345e+04 3.069153069153069150e-04 5.167055167055167051e-04 5.129601407538259394e+01 7.373499955582588639e-01
4.686201374271711728e+01 1.516709707935715912e+01 6.746099816420046302e+00 4.342945324673586960e+00 -1.468594539831718038e+01 -1.165129598893284538e+03 9.324009324009324001e-04 1.243201243201243200e-03 7.726913526637424923e+01 9.410089579859449715e-01
1.276834815401378478e+02 -3.223533298221115562e+00 1.193080407727468462e+01 5.424702692032679963e+00 -3.454396578585943445e+01 -8.029445955348414827e+03 4.475524475524475521e-03 3.119658119658119764e-03 5.324236854484495751e+01 3.884362777142969514e-01
1.763947697925999876e+02 9.998972354324949663e+01 4.353757104318017923e+01 5.003415728830801434e+00 -6.181626018936934770e+02 -1.895064866470021661e+04 1.724941724941724940e-03 8.158508158508158501e-05 6.497290157033843627e+01 1.291651160402140786e-01
3.995933259848103347e+01 -3.917213814531897764e+00 4.605958079875777322e+00 6.950687229950166746e+00 -3.351914729108100843e-01 -7.572657967474409588e+02 1.527195027195027248e-02 1.853535353535353675e-02 5.205321088819137287e+01 6.825116908609281108e-01
1.310476388745968848e+02 5.156000302210691899e+01 3.370489507661911688e+01 1.615531209235573806e+00 -4.754292274174195541e+02 -9.744097956676559988e+03 6.216006216006216001e-05 1.010101010101010100e-04 5.989040354373052821e+01 9.323374009671298035e-01
9.021924091617506747e+01 8.630460708910140610e+00 2.800232573144419490e+01 5.508954183724941167e+00 -1.851906760749762384e+02 -3.906905177969655597e+03 2.890442890442890440e-03 1.756021756021756020e-03 6.986924349164254977e+01 4.674431991547843279e-01
6.853015860242395263e+01 1.692486776417315397e+01 1.653132071912170176e+01 7.088532754290975291e+00 -4.631499025538678893e+01 -2.478881067241583878e+03 1.418414918414918381e-02 1.029137529137529213e-02 5.312062414086098983e+01 3.749836657518788169e-02
3.882385782512052685e+01 2.226229422361241461e+01 1.122795389200243221e+01 7.756695436800246313e+00 -2.797929346623628177e+01 -9.281141204108886313e+02 2.268842268842269014e-02 2.118104118104117972e-02 8.411109225649074972e+01 3.042621440529103549e-01
1.241199930705243162e+02 -3.856647938250490171e+01 1.177157584633993359e+01 6.115723007673659950e+00 -2.471409465005354278e+01 -7.167154717208825787e+03 4.891219891219890890e-03 3.100233100233100447e-03 6.395519673166427310e+01 2.983217411302461694e-02
9.246440395142428770e+01 5.445372907255934791e+01 1.605348025944259405e+01 5.610421541596763539e+00 -8.286811447945173370e+01 -5.007689362971150331e+03 3.449883449883449880e-03 5.334110334110334431e-03 5.006929317641207433e+01 5.430081529009462837e-01
6.663064952189694168e+01 2.303357543030131538e+01 1.102012949749221171e+01 3.862014215386093685e+00 -4.157013432490020222e+01 -2.400474698242216164e+03 5.633255633255633251e-04 7.575757575757575751e-04 6.413124237801885386e+01 8.873291406361338840e-01
1.496372570510665412e+01 8.556597109620103225e-01 2.554145207963036235e+00 9.244899468337061776e+00 6.780301656672758526e+00 -9.842180719341101280e+01 1.065617715617715594e-01 9.706293706293706025e-02 6.471291843918042730e+01 6.834461794546118352e-01
8.183251356438117341e+01 1.659737952214305423e+01 1.866662415651246221e+01 2.822130464445396392e+00 -1.454287778914686555e+02 -3.471417368380762582e+03 1.981351981351981350e-04 2.602952602952602950e-04 7.616951486224574808e+01 9.478910901131243349e-01
1.431314621861703813e+02 -1.076810186089807608e+01 1.786502508951517498e+01 2.478028273246675628e+00 -1.418544365991178609e+02 -9.878897376565513696e+03 1.554001554001554000e-04 1.554001554001554000e-04 7.181327022233453761e+01 9.154601328511267067e-01
1.077468480032622011e+02 4.061785108309255321e+01 1.726921056706432367e+01 5.976103064278400545e+00 -6.657940422104468325e+01 -6.344558647075681620e+03 4.646464646464646894e-03 5.924630924630924951e-03 5.738570931931971586e+01 2.720878580720820228e-01
5.619357143822178102e+01 2.163620033789231911e+01 1.092991095233565879e+01 6.641662155913223842e+00 -2.863531776817031727e+01 -1.743150615244188884e+03 9.254079254079254288e-03 1.262626262626262603e-02 6.293898601606251475e+01 5.980669566421973338e-01
1.092508185746931701e+02 1.945467025068453815e+00 1.767470506099511596e+01 4.582119143912805725e+00 -9.549440620522321410e+01 -5.833600249423507194e+03 1.157731157731157730e-03 1.045066045066045174e-03 6.120865544896645360e+01 7.456782442888285622e-01
1.215425433623795897e+02 5.739775342963081783e+01 3.123030029865151747e+01 5.252161534531097686e+00 -3.148387296165350335e+02 -8.678719784627162880e+03 2.229992229992230207e-03 3.892773892773892987e-03 6.286441666256190075e+01 4.911397836178832410e-01
7.568737288256886586e+01 -1.711761471056281181e+00 1.130002218507788214e+01 4.361019618232242046e+00 -5.380782818421722880e+01 -2.768642627068249112e+03 9.285159285159285151e-04 1.130536130536130644e-03 8.738803996016660847e+01 8.893088743038434218e-01
1.388090798895314038e+01 -2.574801409956548603e-01 1.231030193521732041e+00 9.533881871577831291e+00 9.041101825487645627e+00 -8.280673322826842764e+01 1.159440559440559487e-01 1.041258741258741238e-01 5.692856679714233081e+01 4.729212868039773809e-01
5.426995275010506958e+01 1.565415634284098800e+00 5.521697558929013816e+00 4.849243098225709758e+00 -6.336383741840672101e+00 -1.453554678895569850e+03 1.546231546231546230e-03 1.775446775446775554e-03 6.007658558637199064e+01 8.679690206886018222e-01
1.864017687216411332e+02 7.118964200461947200e+01 4.096443637332688326e+01 3.967695461236310450e+00 -6.388785939427394851e+02 -1.943755234134989587e+04 6.177156177156177151e-04 9.362859362859362851e-04 6.865030645192723568e+01 6.712966893966773041e-01
4.304585457517083569e+01 2.081736737435997409e+00 8.099176632828651634e+00 6.997693634193949741e+00 -1.064331338545573047e+01 -8.980764339538974355e+02 1.310411810411810443e-02 1.650738150738150639e-02 7.938433873830018683e+01 6.156040486459176675e-01
1.676353873520134528e+02 7.172041910045838797e+00 4.159912456062738784e+01 5.314145266753720342e+00 -4.128508528365657639e+02 -1.347146024242038766e+04 2.346542346542346540e-03 1.437451437451437450e-04 7.562358083100332351e+01 1.668158405073531247e-01
1.376668016205485401e+02 1.573595580806791538e+01 1.532624172844149868e+01 4.062007556438555156e+00 -7.513033261190444989e+01 -9.587341967424799805e+03 7.031857031857031851e-04 5.866355866355866351e-04 6.222334956219721391e+01 7.638395843916675476e-01
2.133254425446005484e+02 2.774268775706011780e+01 5.767032340615791242e+01 3.594646658130111749e+00 -8.691376775457630401e+02 -2.267841050607096258e+04 5.128205128205128201e-04 1.010101010101010100e-03 6.884974923465435381e+01 5.325916329053376197e-01
1.745786213194261052e+02 8.023994439970933001e+01 4.598663522184918406e+01 5.555371249078956630e+00 -4.411380590150720309e+02 -1.785896886813878518e+04 2.560217560217560324e-03 3.457653457653457867e-03 8.828074117814817612e+01 1.067417661443109955e-01
8.370838841468702185e+01 -3.005153061208688525e-01 1.562109559236305856e+01 5.831462916081961545e+00 -5.727402876361564665e+01 -3.364385066841152366e+03 4.320124320124320121e-03 3.061383061383061380e-03 5.270701404052261552e+01 5.091475481134434267e-01
1.836851807886452832e+02 2.715420835300113467e+01 3.467924670025855960e+01 5.372107619354238750e+00 -2.589095976169464279e+02 -1.719802684867974313e+04 2.727272727272727487e-03 1.351981351981351980e-03 5.980996170039433224e+01 2.743742860336540468e-01
1.638287984560394932e+02 2.487508323912049946e+01 3.020001902874522770e+01 5.660610706178077045e+00 -2.972429246705152082e+02 -1.370268662769544244e+04 3.368298368298368404e-03 2.972027972027971917e-03 8.687465999385453586e+01 2.900968108440886151e-01
9.483969984077307913e+01 2.922374958833851011e+01 2.264997645034830853e+01 4.329620741267914852e+00 -2.168631376906701291e+02 -4.890232469735899940e+03 9.013209013209013201e-04 1.169386169386169494e-03 7.155549021995511794e+01 8.135676905652666768e-01
1.637821608036464909e+02 6.492685445796442423e+01 2.638618016878134043e+01 5.359322691666639216e+00 -1.934410536336690711e+02 -1.476489613975201428e+04 2.567987567987567877e-03 9.829059829059830136e-04 6.949079280777138479e+01 3.588914556681845336e-01
1.963107392272820277e+02 6.436237742080005830e+01 5.155084994627335249e+01 3.362221924417969632e+00 -8.051808882933264613e+02 -2.124568497692028905e+04 4.856254856254856251e-04 2.408702408702408700e-04 5.728117748763956740e+01 5.289393540444716768e-01
2.283018056752341067e+02 7.428707925949393598e+01 4.054085409593043465e+01 4.320604079626834348e+00 -5.256843639299950155e+02 -2.823828006677021040e+04 8.857808857808857801e-04 6.721056721056721051e-04 8.971921543101564112e+01 6.598432557929856390e-01
7.487050970643092285e+01 5.393284747130388723e+01 2.292997287695071762e+01 6.339900307311821415e+00 -1.252540338897611463e+02 -3.764125126901109979e+03 6.651126651126651121e-03 2.242035742035742088e-02 6.254574859705878254e+01 3.406182182567806804e-01
1.366596306274294363e+02 2.616825671457775826e+01 1.596362651891706186e+01 6.158209894115191041e+00 -6.092271637027340603e+01 -9.615790526063487050e+03 5.602175602175601954e-03 3.636363636363636360e-03 7.027528530635652260e+01 2.737059455401158470e-01
1.054605387473537803e+02 2.173341803736758493e+01 1.421455205029274005e+01 4.862424143520495790e+00 -6.400305221666788213e+01 -5.756408286794599917e+03 1.631701631701631700e-03 1.285936285936286044e-03 6.051259524192815320e+01 7.556916669168882716e-01
6.513296157064050362e+01 2.842799236291208675e+00 1.704511837345389225e+01 7.150236945283873879e+00 -6.165542697319380494e+01 -2.011880774219141358e+03 1.351592851592851516e-02 3.212898212898213004e-03 7.793347639695431894e+01 3.010051346029875563e-01
1.305659291553191963e+02 -5.074181863615719656e+00 1.618411212940724297e+01 5.339557203362300442e+00 -7.158371950097608760e+01 -8.298188670567380541e+03 2.544677544677544784e-03 1.934731934731934730e-03 7.392279174676440334e+01 5.633944294152738452e-01
1.112213742062135680e+02 -3.966352346920691385e+00 2.039274303270576638e+01 6.832566491331731662e+00 -8.567457181830471313e+01 -5.883821865198244268e+03 9.087024087024086691e-03 2.692307692307692197e-03 8.700530662315830455e+01 1.587811009993253808e-01
5.734289811152281402e+01 4.016538519158778087e+01 1.931840216569289126e+01 6.802024390063446724e+00 -8.331423885001159135e+01 -2.220976328493434721e+03 9.992229992229992655e-03 2.175990675990676151e-02 6.712826437628109488e+01 3.315305102939609116e-01
4.043720386477777851e+01 1.079345152159230814e+01 4.149331512477534289e+00 7.169223116262638307e+00 1.679246421824937663e+00 -8.413024741533772612e+02 1.799533799533799619e-02 1.712898212898212799e-02 5.873997242868023250e+01 7.010101712504268612e-01
1.937350080653199598e+02 6.384570236174783986e+01 2.318883519202181631e+01 1.779813259707548223e+00 -2.258224156664699933e+02 -1.996581471946472448e+04 8.158508158508158501e-05 1.010101010101010100e-04 5.728741047275419618e+01 8.762984641625019000e-01
3.663991447581729943e+01 1.221543129214681400e+01 6.308148010534148753e+00 8.296853369344702855e+00 -5.610540021617669737e+00 -7.159436627654284848e+02 4.217948717948717674e-02 6.265345765345765872e-02 6.856832715456461358e+01 4.093488093375265979e-01
1.714247437135994687e+02 8.780201734042714179e+01 4.300180017698307466e+01 4.180172314949464507e+00 -5.848029159899633669e+02 -1.753183038764094454e+04 7.886557886557886551e-04 1.126651126651126650e-04 6.085951995831305794e+01 4.842173463354694785e-01
2.768062424078644312e+01 6.941600293186325210e+00 4.484907387225967490e+00 8.107561856754488261e+00 1.527740252640721330e+00 -3.917253299037469674e+02 3.754079254079253913e-02 4.135586635586635529e-02 5.051628199607130654e+01 5.768455313252491834e-01
1.054534495368019122e+02 3.168824060562090317e+00 3.042817807630764904e+01 5.131835254493625875e+00 -2.930361439605234750e+02 -5.181241155316794902e+03 2.268842268842268840e-03 1.577311577311577310e-03 5.942616553980677452e+01 5.431325034761981252e-01
1.973718438697080160e+02 1.759569851619160730e+01 3.852576122056516539e+01 1.227838652886592552e+00 -6.195654446109655282e+02 -1.940113453042191395e+04 5.050505050505050501e-05 6.604506604506604501e-05 5.571734142898502995e+01 9.157470801540682492e-01
2.216962342521120490e+02 4.789916150697806074e+01 4.887918641968862943e+01 3.797952204950791000e+00 -5.463678468983150651e+02 -2.570883636633060087e+04 8.702408702408702401e-04 8.080808080808080801e-04 5.322806654589597741e+01 3.834555869400915196e-01
2.832568655564174875e+01 3.896121432713943178e-01 3.206247563374896359e+00 5.613128358973530574e+00 1.374475589056795677e+00 -3.848230541162894838e+02 5.054390054390054711e-03 3.830613830613830827e-03 5.768840197123869018e+01 8.933082905423844755e-01
7.039869762271668208e+01 4.000926228243732652e+01 1.199841802300343652e+01 6.959263933027690641e+00 -2.510378265597610437e+01 -2.873596763042503881e+03 1.114996114996114930e-02 1.761460761460761568e-02 6.821980142511971223e+01 2.697253608423140769e-01
1.652719137463738264e+02 -2.648622014967623883e+01 1.975479335932890379e+01 5.516449420299468720e+00 -9.626855810547318981e+01 -1.292658861385882847e+04 3.049728049728049617e-03 1.744366744366744474e-03 7.446094275274107588e+01 2.438074789779343943e-01
1.949153104303599662e+02 3.157911905269747876e+01 3.589945138965334337e+01 2.841227518219298975e+00 -5.301431631212573166e+02 -1.947281847782899422e+04 2.331002331002331000e-04 1.903651903651903650e-04 5.880328733233859140e+01 7.824016816500209970e-01
2.655316120661876056e+01 5.828427906644964018e+00 4.162071749718126767e+00 7.803894864924629360e+00 2.529241285226031088e+00 -3.556737129688127084e+02 3.212509712509712539e-02 3.994172494172493898e-02 6.879991385595121756e+01 7.040959531877586386e-01
1.454615103387283455e+02 8.286876022669093800e+01 3.429158397607103126e+01 3.972550007833570707e+00 -4.240029208092411750e+02 -1.282081179295034235e+04 6.254856254856254851e-04 1.235431235431235430e-03 6.701135322976017505e+01 6.797457661114900684e-01
7.127006627558418472e+01 1.850930677911801681e+01 9.541986649724073288e+00 5.830194875803714538e+00 -3.162212518393338101e+01 -2.658343590459170628e+03 4.067599067599067704e-03 4.712509712509712831e-03 6.178244681600906318e+01 7.011501239988064960e-01
1.926725452450339731e+02 1.238053061686892420e+02 4.551738455735303290e+01 5.651920580629270496e+00 -6.261465261935740045e+02 -2.314827404167575150e+04 2.801087801087800977e-03 2.719502719502719500e-04 8.973135030973416804e+01 8.296506794297074661e-02
1.906799469210658344e+02 -4.319091622556499921e+00 4.814093575239409262e+01 4.791177576976426877e+00 -4.982145699237435679e+02 -1.680026273246782512e+04 1.452991452991452990e-03 2.447552447552447550e-04 6.267712364247388024e+01 2.596763840656012290e-01
1.593337475633818201e+02 7.287716446288285965e+01 4.551604078617189941e+01 5.179493437613414741e+00 -5.169467258374162384e+02 -1.496238817537050272e+04 2.292152292152292367e-03 1.068376068376068484e-03 7.270830255707696210e+01 4.018977892533101559e-01
9.911333837797916146e+01 2.992367360439950374e+01 1.329740518123924886e+01 5.274211871572153321e+00 -5.802464775074102477e+01 -5.208765255791584423e+03 2.334887334887334777e-03 2.486402486402486400e-03 8.146964601190867938e+01 7.649058106769575094e-01
9.054022276344673514e+01 1.806763668480825658e+01 1.990414391569502683e+01 7.123728602219570938e+00 -8.584505897270324226e+01 -4.247840950735699153e+03 1.172882672882672936e-02 8.986013986013986765e-03 6.923536551782387960e+01 1.708294106143174174e-01
1.582725896331917568e+02 2.655437731205912044e+01 2.036740883084306475e+01 1.593648422506424023e+00 -1.978241646797714850e+02 -1.284607611574604198e+04 6.216006216006216001e-05 6.604506604506604501e-05 6.185706361449844337e+01 9.288917829132476989e-01
7.653654694685573645e+01 3.628465370166814807e+01 1.092687350519810607e+01 6.187304423155478794e+00 -2.579683235634650629e+01 -3.253242661578726711e+03 5.749805749805749801e-03 8.069153069153069471e-03 7.971594449626138612e+01 5.385970104371381462e-01
1.469334962849871431e+02 -9.137978080332706199e+00 3.049331031876979381e+01 5.476481321356671650e+00 -1.974408781611545294e+02 -1.003869959030292375e+04 2.455322455322455320e-03 5.905205905205905201e-04 6.482334146467383107e+01 3.924580044200276507e-02
1.792195048407555760e+02 4.739710233488898439e+01 4.305396847196028887e+01 4.335993795818503749e+00 -7.100098553075894188e+02 -1.716116832010497092e+04 1.095571095571095570e-03 1.460761460761460760e-03 6.237242448846637899e+01 4.863770987636230614e-01
1.394949996935219190e+02 4.567218433495247609e+01 2.516903606679109728e+01 5.267744005322498424e+00 -1.922728761397052608e+02 -1.054975374968353935e+04 2.253302253302253300e-03 1.903651903651903650e-04 5.075186246215695718e+01 2.051216212268764660e-01
2.170565352071357097e+02 1.073698519070611752e+02 5.314123277532554823e+01 1.513800796409456861e+00 -1.066659460538207213e+03 -2.783808233429383108e+04 5.827505827505827501e-05 1.048951048951048950e-04 5.417775415424661389e+01 8.826102730782794392e-01
1.616768890519926174e+02 4.195718506107150580e-01 5.053317335431998458e+01 5.559956286765520339e+00 -5.696129826230679782e+02 -1.180165133262363634e+04 3.030303030303030300e-03 1.693861693861693860e-03 7.946177856153988728e+01 2.525266339010023842e-01
2.260918064234346332e+02 2.931526941264805686e+01 5.246225454454236115e+01 2.202849999639312273e+00 -1.028141845414995032e+03 -2.570809512935177190e+04 1.087801087801087800e-04 1.359751359751359750e-04 7.681583258543494708e+01 8.383860319770261027e-01
1.881908894984205176e+02 9.791202922252058727e+01 4.257641649582402010e+01 3.808728656907493626e+00 -5.605824384312584243e+02 -2.095781477384560640e+04 5.516705516705516701e-04 8.547008547008547001e-04 7.407009485567969875e+01 6.871592277197673404e-01
1.139321912123026976e+02 6.886802997394522663e+01 2.198177611625945005e+01 6.010865243735028507e+00 -1.263689978715727023e+02 -7.750056086486637469e+03 4.809634809634809847e-03 9.743589743589744015e-03 8.881063303410500964e+01 5.089402024140881053e-01
3.843825281683777462e+01 2.460221971464742197e+00 1.007244370734840544e+01 7.503000463899546446e+00 -1.940858092940047896e+01 -7.003446394277335685e+02 2.112276612276612134e-02 1.343045843045843034e-02 6.283758215177980588e+01 5.299291739309325289e-01
1.963020545279662770e+02 6.247798251337303554e+01 3.562257852117429024e+01 5.185006448993295436e+00 -4.530644370448833911e+02 -2.084593270705472969e+04 2.090132090132090347e-03 2.482517482517482624e-03 7.311222357954704876e+01 3.768512357705888771e-01
1.265452391323624965e+02 3.042288954831707315e+01 1.905823946584134276e+01 4.935475403742401568e+00 -9.127007270681635021e+01 -8.392588855445250374e+03 1.689976689976690084e-03 2.284382284382284380e-03 6.137285986136497229e+01 5.615504375021621586e-01
3.902891877425546596e+01 3.571265774492164979e+00 8.225209489990641387e+00 8.206400916284106728e+00 -7.266346506659647986e+00 -7.447172373320860288e+02 3.779720279720279880e-02 3.974747474747474668e-02 5.917552406464930925e+01 8.044215828221679132e-02
1.694954163283649677e+02 -2.027349688378177461e+01 3.778858955395478603e+01 3.874423928742659395e+00 -3.681829648515447957e+02 -1.287179408878550021e+04 8.780108780108780101e-04 1.056721056721056720e-03 5.946330366905195319e+01 5.123298985375510650e-01
6.118875401947011738e+01 -2.232934104748653503e+00 1.242394408169256081e+01 4.387707406888023520e+00 -4.688648178185719928e+01 -1.754654380925452188e+03 1.149961149961149960e-03 1.581196581196581304e-03 5.240311266178394334e+01 8.394901460996448961e-01
1.199140471994875554e+02 1.748740702095707311e+00 2.488331075230827238e+01 4.989835659931310730e+00 -2.088123698575473952e+02 -6.911155852623809551e+03 1.919191919191919190e-03 1.526806526806526914e-03 6.772355289687182278e+01 6.172238342862711447e-01
1.032326255644064616e+02 -1.102663517396267423e+01 2.199248028737037330e+01 5.858553159213671258e+00 -1.035125725332368631e+02 -4.831691452591743655e+03 4.114219114219113890e-03 2.886557886557886664e-03 6.371257601555306849e+01 3.406494606557473603e-01
4.615532203443813586e+01 -2.738935808042491704e+00 4.618110456930931029e+00 7.548893668998619688e+00 2.263496684078597276e+00 -1.029386309285010157e+03 2.152680652680652798e-02 1.287490287490287467e-02 5.064846296708724083e+01 3.762674964281709777e-01
1.476200712584569708e+01 5.453505305339146680e+00 2.323155766521996402e+00 9.564968305973726714e+00 7.451499988124055562e+00 -1.064708565577101638e+02 1.196153846153846095e-01 1.219658119658119655e-01 5.523726071314798247e+01 7.953118489440913486e-02
1.016117752998792234e+01 2.857409185179418110e+00 1.868574073971230654e+00 1.026154560560238060e+01 9.306557952093337249e+00 -4.275987401101625807e+01 2.096076146076145952e-01 2.189199689199689269e-01 6.106242506992380470e+01 2.584445433777210477e-01
5.143127111148992725e+01 2.031734838997099146e+01 5.214142335445180798e+00 5.454287084937593733e+00 -4.784969358080219948e+00 -1.402473343734642185e+03 2.867132867132867347e-03 3.795648795648795537e-03 5.571680790009374817e+01 7.857709049949749280e-01
9.098742869755801621e+01 2.562094537507010727e+01 1.055105286322709901e+01 6.486102247311722024e+00 -1.662264983066143031e+01 -4.341563294719375335e+03 6.686091686091685977e-03 8.741258741258741902e-03 5.189213850105840464e+01 1.780986661698728823e-01
1.316437140285967189e+02 1.188667900437446256e+01 1.306331929857239693e+01 4.439157975881684592e+00 -4.195367109225466606e+01 -8.722529662732878933e+03 1.177156177156177264e-03 1.332556332556332664e-03 5.416940921513749885e+01 6.369829579247745510e-01
