# format=SNR220, SNR221, SNR440, evidence_inj, evidence_filt, nofilter,                 occams_inj,occams_filt, mass_in_solar, chi_inject]
2.012526791498979435e+02 1.077732900843109007e+02 7.268885580845118000e+01 -8.194941648167183530e+02 -1.557818273058162958e+03 -1.396228225785344148e+04 1.882460973370064154e-04 2.066115702479338792e-04 6.904478743900280335e+01 5.701030696251200292e-01
1.839907290156138231e+01 7.834250232172644601e+00 4.978035812918588654e+00 -4.343530021733789681e+02 -4.418662057490080315e+02 -6.887263179506164761e+02 1.858585858585858758e-02 1.133608815426997291e-02 5.553370974931441140e+01 6.885279937181951748e-01
1.481172351938159011e+02 8.651828343582972991e+01 4.766161449350969548e+01 -5.715915291837451377e+02 -1.433852215371811326e+03 -2.958794911305195274e+04 7.805325987144168709e-05 9.641873278236915085e-05 6.679689892063494483e+01 9.006399449931258294e-01
2.576167317341131735e+01 1.249205436845027961e+01 5.394233738550271440e+00 -3.939476570447024528e+02 -3.975341028714246931e+02 -9.459339830635311728e+02 1.081726354453627255e-02 1.225436179981634517e-02 5.261824937195286367e+01 2.866959881299655510e-01
9.791646383780023655e+01 3.466897864692739262e+01 2.141848502518264397e+01 -4.849141917105436050e+02 -6.441337169148412158e+02 -5.207754157586853580e+03 6.703397612488521968e-04 2.121212121212121427e-03 5.903483575171099318e+01 9.251833937625925097e-02
2.617765524528596188e+01 9.404424531746682803e+00 1.073484415591209284e+01 -4.094237898638170918e+02 -4.615340659588586050e+02 -5.552316465010052298e+02 7.984389348025712138e-03 3.370064279155188421e-03 5.863150943944091864e+01 7.027121988674779329e-01
8.354557906591134042e+01 1.948040389057731048e+01 1.837280780228242705e+01 -4.205726878173541650e+02 -4.884767599211693323e+02 -4.594457756977729332e+03 2.575757575757575864e-03 1.239669421487603384e-03 6.351490969840955358e+01 5.575305130850859436e-01
1.840067728564555125e+02 1.315424799991623388e+02 5.934975915575942196e+01 -8.567138053926520342e+02 -3.071144116699329061e+03 -4.823740428130327200e+04 2.754820936639118547e-05 2.754820936639118547e-05 6.975984174197982668e+01 1.455004107005317404e-01
7.673550004068226826e+01 3.823035002074585265e+01 1.847889161134029123e+01 -4.743217864834178386e+02 -6.259482592416761690e+02 -2.020090659134051975e+03 6.896235078053259727e-03 1.551882460973370024e-03 5.738072162757151773e+01 4.280570270762419915e-01
1.820051094017554192e+02 7.755236683832127653e+01 3.406313858649715343e+01 -4.355880499505701664e+02 -4.879267231714684954e+02 -3.093728148485777274e+04 7.805325987144168709e-05 1.010101010101010100e-04 5.655545740991598791e+01 3.990641778902730974e-01
5.607582436616318944e+01 2.140760128217856106e+01 1.793204773333842184e+01 -4.102857605756830139e+02 -5.510932519299699379e+02 -3.913040645281577326e+03 2.199265381083562870e-03 2.295684113865932021e-04 5.157710257712827229e+01 5.461381381406023028e-01
9.126256586887988931e+01 5.392672297864476150e+01 1.693505416452941503e+01 -5.031056742839730305e+02 -6.520721255778640852e+02 -3.032318632914196314e+03 5.739210284664829917e-04 6.795224977043159151e-04 6.047517405134210833e+01 7.491021709753346025e-01
1.569202596234332248e+02 7.154855412238835299e+01 5.431018735562368960e+01 -7.049678251732359513e+02 -2.170382367115865691e+03 -6.362262969700892427e+03 3.856749311294766034e-04 1.469237832874196559e-04 5.052271168500021048e+01 7.032516532468983117e-01
2.017980111287062357e+02 7.914794140918512255e+01 4.814876327692235947e+01 -4.371887375095369066e+02 -9.996247257260981769e+02 -3.049375386756801163e+04 1.239669421487603329e-04 1.010101010101010100e-04 5.967887417373722769e+01 7.458821572909882791e-01
1.696735819130593939e+02 6.130077987938259554e+01 3.410476509882570184e+01 -4.149094311819355312e+02 -5.222680072551352168e+02 -1.264413801015640456e+04 8.218549127640037118e-04 9.228650137741047218e-04 6.611971868696420529e+01 4.250807636435180448e-01
6.760284327657174686e+01 3.609087221639661891e+01 1.183067524499078438e+01 -4.010502054613164091e+02 -5.332069676933444953e+02 -4.750972108637321071e+03 2.635445362718090087e-03 1.579430670339761287e-03 6.305532534141420342e+01 6.580587070367283076e-01
7.740827380506149780e+01 3.871792782939679967e+01 2.829155257028632775e+01 -4.601640479130378480e+02 -5.343150514185396105e+02 -7.677874738346726190e+03 8.126721763085399935e-04 1.317722681359045044e-03 5.795539594871707578e+01 4.005838806607662228e-01
1.742605889708842426e+02 9.240250052315602147e+01 4.954068292459016476e+01 -6.297216605431779044e+02 -9.601865645877312545e+02 -8.062302931181276108e+03 7.805325987144168709e-05 1.193755739210284602e-04 6.589404647921485036e+01 7.644479973847720933e-01
1.918450259801770983e+02 6.695435480919221050e+01 4.796966845738756291e+01 -4.758188628016474695e+02 -6.093784377900665277e+02 -1.669529607264890728e+04 8.861340679522497401e-04 6.611570247933884785e-04 5.548669927440287353e+01 3.816410631784841745e-02
3.266293881213103134e+01 1.100333949399490940e+01 4.789547869080189813e+00 -4.155002571842630914e+02 -4.191035324367218777e+02 -9.348889430557549076e+02 1.664370982552800665e-02 1.613406795224977056e-02 5.394811891468114595e+01 1.661987341718724476e-01
1.368095918936352575e+02 5.136266744068365853e+01 5.425797809807077954e+01 -4.321185231378448748e+02 -1.357889941655404982e+03 -1.343625402724852029e+04 1.790633608815426971e-04 2.662993572084481025e-04 6.092816210348407679e+01 7.373069875655561267e-01
6.958221354094162336e+01 2.432244883930002644e+01 1.406311598271371821e+01 -4.082423935605683596e+02 -4.677848549448146969e+02 -2.014900658547254579e+03 6.492194674012855687e-03 3.186409550045913620e-03 6.497800420471949678e+01 1.989851679746287849e-01
9.851039084931468892e+01 4.001835767360812213e+01 2.400326062854106368e+01 -4.282402868747150819e+02 -9.452169099951407816e+02 -1.013264561544457320e+04 1.744719926538108379e-04 5.509641873278237095e-05 6.707682680430156097e+01 2.501010751557309342e-01
3.829067192049277679e+01 1.990222162093003888e+01 7.838103096141137982e+00 -4.253858723981015260e+02 -4.289627962102284187e+02 -1.773422890013827327e+03 7.309458218549128028e-03 2.543617998163452687e-03 6.134419086626891016e+01 8.236253454391340156e-01
1.466653664138334818e+02 3.735607696514540521e+01 4.908615310967886813e+01 -4.844354952918424146e+02 -1.226517865732863129e+03 -9.873243904118528008e+03 1.418732782369146054e-03 4.269972451790633359e-04 6.515614905383509381e+01 4.209000150582559718e-01
9.689438675511605936e+01 6.135236543953101318e+01 1.882153788817374718e+01 -4.800832417641628354e+02 -6.244987554161414209e+02 -1.076279598345453815e+04 7.713498622589532068e-04 1.561065197428833742e-04 5.395967784780896181e+01 6.337762609625389176e-01
7.375518113293456679e+01 2.585477825519037509e+01 1.067013936172757660e+01 -4.239095643751762168e+02 -4.576267808193275641e+02 -2.443036552399033098e+03 2.249770431588613429e-04 1.698806244260789788e-04 6.140206123904061997e+01 8.991968843759052810e-01
1.168816961950761737e+02 7.012718500232931262e+01 4.095729889901554088e+01 -5.134531958320584408e+02 -1.112331623639294548e+03 -9.378010893141017732e+03 2.387511478420569204e-04 7.254361799816345067e-04 6.424543307540234593e+01 4.628338441374543755e-01
4.258947042954737583e+01 2.760162449830777476e+01 1.411438030420870859e+01 -4.365339482482850713e+02 -4.951773698824960661e+02 -1.501283195704312902e+03 2.520661157024793337e-03 1.735537190082644607e-03 6.540700239377956393e+01 1.464178893594743902e-01
1.260078076935220679e+02 5.905284852429387144e+01 4.197522138489036081e+01 -4.833103333436635012e+02 -9.901616806265082005e+02 -8.962811030727127218e+03 2.387511478420569204e-04 5.096418732782369634e-04 5.276410367851830330e+01 5.107894782591165805e-01
5.850488033812393240e+01 2.376427082404388358e+01 1.291575896228609999e+01 -4.469147361904144873e+02 -5.309651508324770930e+02 -4.112153566019551363e+03 1.561065197428833742e-04 2.066115702479338792e-04 6.375494032853652016e+01 9.365443434213599483e-01
1.351916085210171730e+02 8.805744407728246870e+01 5.636461370838573259e+01 -5.165703510196487969e+02 -1.798339361403817520e+03 -1.028400904768007604e+04 6.978879706152433518e-04 1.097337006427915587e-03 6.613049826574879830e+01 6.003251771558729688e-01
1.429154422634334942e+01 8.429827654731024467e+00 2.754360648792157917e+00 -3.973961736938734930e+02 -4.008008454926921331e+02 -6.587500245367117486e+02 2.354453627180900024e-02 1.098714416896235009e-02 6.637001897129530903e+01 4.606827900347542082e-01
1.994901231686171741e+02 6.264031157086428436e+01 5.211844885110639325e+01 -5.491309488988744079e+02 -1.131826843569996527e+03 -2.044169989158363387e+04 9.779614325068871402e-04 3.305785123966942392e-04 5.664020541638570450e+01 2.642829564894906280e-01
1.926071039237149591e+02 7.556251458105111851e+01 5.659369724074348085e+01 -6.840101985473660307e+02 -2.199648532265735412e+03 -1.159027755007957421e+04 4.132231404958677990e-05 3.213957759412304802e-05 6.366354131850140874e+01 8.737706448900071088e-01
8.763416045003702948e+01 3.969808110064403905e+01 2.066823428488768855e+01 -4.143707255254894903e+02 -5.133749450754975214e+02 -2.007203760413276541e+03 1.212121212121212120e-03 1.074380165289256237e-03 5.282329293777138446e+01 4.668979375457021352e-01
4.612260765360943537e+01 3.320985609917070747e+01 1.172251087931303992e+01 -4.356228937293776653e+02 -4.940775561609237911e+02 -3.438559184996260683e+03 9.458218549127639634e-04 3.581267217630853942e-04 5.055130557666409885e+01 2.576692830440781012e-01
1.418626224232409960e+01 6.801018869711739967e+00 2.803721337854922613e+00 -4.205384734491042877e+02 -4.258168090831596828e+02 -5.938555132525198132e+02 3.201101928374655570e-02 2.033516988062442771e-02 6.651027076816008332e+01 2.153831025657677589e-01
2.155762980790852339e+02 1.510560093574192706e+02 6.878476335378792328e+01 -7.085522966128864937e+02 -3.720740721802899770e+03 -1.904534568869606301e+04 1.056014692378328692e-04 1.285583103764921921e-04 5.605335781079028834e+01 8.173517352299632943e-01
1.608058481434227929e+02 4.505987394859504036e+01 5.921777817551676293e+01 -3.881521726193802238e+02 -1.335341325816913695e+03 -1.301197563042927322e+04 7.254361799816345067e-04 2.525252525252525250e-04 6.686522959254585885e+01 3.517349186632774960e-01
1.079664173762378567e+02 3.198064235500990549e+01 3.412056772094754820e+01 -4.223175946207123843e+02 -8.433449420844589213e+02 -1.069588753417876433e+04 5.004591368227731367e-04 5.509641873278237095e-05 5.689717373653154198e+01 2.011525682521471681e-01
6.975319120114484406e+01 4.335787262909347817e+01 1.920095397557103567e+01 -5.367687964083470433e+02 -8.427986319970013938e+02 -1.384131305234838692e+03 6.611570247933884785e-04 1.561065197428833742e-04 6.286213796547980337e+01 8.780669469639539315e-01
2.328479986863219438e+02 9.819118975910741653e+01 8.287394918916390907e+01 -7.285835821368169718e+02 -2.469235935153405535e+03 -3.506071677100126544e+04 2.754820936639118547e-05 9.182736455463728491e-06 5.967472923472814017e+01 9.244109045672905811e-01
7.682943706591686350e+01 5.047837378330000746e+01 1.474270136080136417e+01 -4.446050131305859736e+02 -5.635347982393258235e+02 -6.014718098669773099e+03 1.551882460973370024e-03 2.708907254361799617e-04 6.191433010131157744e+01 5.764191307780667239e-01
1.722599976760042182e+02 9.315695115244285773e+01 4.671725884098659520e+01 -5.498155805452139475e+02 -1.872166009167069888e+03 -1.892654258953573662e+04 6.978879706152433518e-04 2.892561983471074526e-04 6.516663127860755367e+01 6.253058199801733164e-01
7.322255156883053928e+01 3.604084362491398963e+01 1.605392254267853147e+01 -4.444942523823137890e+02 -5.272370383602665243e+02 -2.476646111173622558e+03 3.282828282828282717e-03 1.460055096418732840e-03 5.226712145905592877e+01 2.087556607563150271e-02
1.141543954238983929e+02 7.461537875092787431e+01 2.710215358588494183e+01 -5.024014974005798422e+02 -6.915072414019124381e+02 -6.880524361684030737e+03 7.529843893480256617e-04 9.458218549127639634e-04 6.193466196901523091e+01 4.579912653480687768e-01
1.819953765693988998e+02 6.790364708768828450e+01 4.451367268149127199e+01 -6.054389285102519125e+02 -9.472076844658059827e+02 -1.754463443857854509e+04 8.585858585858585851e-04 3.627180899908172534e-04 6.079753477234486070e+01 4.111914017226761531e-01
1.114491132988931241e+02 3.908768796541302493e+01 2.352057698556070875e+01 -4.772499041540167468e+02 -8.014571760292051295e+02 -3.811053164762520282e+03 1.372819100091827354e-03 4.178145087235996175e-04 5.874901111337750592e+01 4.670121788301740406e-01
6.810011134565468183e+01 3.250601090482073374e+01 1.269426128128788456e+01 -4.422534389061458455e+02 -4.564723768330391636e+02 -1.739073060298372866e+03 6.519742883379246517e-04 5.647382920110192734e-04 5.861891097906105585e+01 7.535777274058443886e-01
1.102019206380234806e+02 5.297421914052083736e+01 3.467665427109655951e+01 -4.798287752011962084e+02 -6.171104334794260922e+02 -3.931487092411854519e+03 8.218549127640037118e-04 1.455463728191000927e-03 6.654658843451957750e+01 4.206925994145519487e-01
3.289400430505457251e+01 1.728317577502946278e+01 7.642452560133861539e+00 -3.990014362296122385e+02 -4.070429913511314339e+02 -9.914728460930006122e+02 2.624426078971533668e-02 1.099632690541781435e-02 6.990106379336947384e+01 5.042595074656008869e-01
1.550095481690121062e+02 6.434425761171144131e+01 4.925169582391716716e+01 -4.918287353296537390e+02 -7.642568125098875953e+02 -2.245537556777110876e+04 7.162534435261707884e-04 2.892561983471074526e-04 6.725776651993183464e+01 6.394567590040703964e-01
3.024942058086826080e+01 1.164059937190685368e+01 1.018877688771089396e+01 -4.065381467160495390e+02 -4.336661056722178387e+02 -1.027533729274823600e+03 8.705234159779614081e-03 6.019283746556474031e-03 6.100246190487053610e+01 4.255546482274127906e-01
1.239174642437241829e+02 7.063742239656987465e+01 3.526951046857871575e+01 -4.923636727690924317e+02 -9.240587207427948897e+02 -9.538858041555289674e+03 1.460055096418732840e-03 7.346189164370982793e-05 6.432501823406217056e+01 1.154709721835189135e-01
1.502728723093078997e+02 5.114280388910041353e+01 4.075249836552900717e+01 -4.113013605346401391e+02 -7.658815811931061717e+02 -2.120340639450441086e+04 6.427915518824609334e-04 3.673094582185491396e-05 6.019415093290296426e+01 5.484828123804893485e-01
5.163635558244464363e+01 3.066517015646907041e+01 1.741868639894988391e+01 -4.301048557246882638e+02 -4.492377254813940795e+02 -1.846625495198362159e+03 1.230027548209366474e-02 1.703397612488521647e-03 5.106528809316030504e+01 5.826888344006470044e-02
1.012129479008094819e+02 5.689781527434240616e+01 2.087070907020468269e+01 -5.319612915452053130e+02 -7.537253178503050322e+02 -3.218772154671727549e+03 9.228650137741047218e-04 2.112029384756657384e-04 5.886858305743344033e+01 8.003343698173256415e-01
1.392289166584716611e+02 4.454150640637806191e+01 3.267091355186077806e+01 -4.842414775553612571e+02 -1.080230060101567005e+03 -1.717358207131236850e+04 1.010101010101010100e-04 2.754820936639118547e-05 5.153137829447945961e+01 3.735132534587019132e-02
1.912024220487423634e+02 4.949426695363120388e+01 4.164905673939362885e+01 -4.963268430621914717e+02 -1.304614506455303399e+03 -1.863562356228558201e+04 4.086317722681358992e-04 2.203856749311294838e-04 6.067709584716356375e+01 4.412520246876748264e-01
6.709953365231682199e+01 1.948522365376021526e+01 2.067871305392773706e+01 -4.039158844743122927e+02 -5.002527353776794712e+02 -3.943180289899659329e+03 4.908172635445362704e-03 4.820936639118457543e-04 5.584996140087516636e+01 3.782031141068396551e-01
9.497643617621658052e+01 7.351005450685227061e+01 3.460602946986469419e+01 -5.604043242567679499e+02 -7.944648029323321907e+02 -1.108757821851986955e+04 6.427915518824609334e-04 6.795224977043159151e-04 6.371500425732144635e+01 7.582745360723477379e-01
1.257807279454957836e+02 6.788365766805328860e+01 2.209715606965588108e+01 -4.830676765070501801e+02 -8.276297228219953013e+02 -1.074764434299498134e+04 8.631772268135904985e-04 5.968778696051423011e-05 5.216631278812026551e+01 1.155562994220536988e-01
2.315055769472543830e+02 5.798192700268496935e+01 7.259798515262268381e+01 -4.159809860323570092e+02 -1.712168224601746260e+03 -4.546348317223566846e+04 4.683195592286501226e-04 2.295684113865931953e-05 6.886227125058906040e+01 3.553778174132464773e-01
7.797806469938227281e+01 4.037944326091956526e+01 2.085479396167313482e+01 -4.833486382182504713e+02 -7.463209293567198301e+02 -5.690150773341382774e+03 2.571166207529843842e-04 2.249770431588613429e-04 6.580254775886919560e+01 2.910576163217911544e-02
1.890475999501794320e+02 1.194574028718352281e+02 5.255523436976601914e+01 -4.665714447497941251e+02 -6.042719487383841397e+02 -2.974389313019158362e+04 2.112029384756657384e-04 5.142332415059687684e-04 6.746387705641338073e+01 1.263614057097756649e-01
3.038443955496161308e+01 8.862829242366276006e+00 5.654389677155938543e+00 -4.133518248127163588e+02 -4.145476821617959331e+02 -8.343567873214817610e+02 2.806244260789715270e-02 1.636822773186409619e-02 6.607720682826047209e+01 9.704131114420785909e-02
7.052719605104142886e+01 2.703255016897547591e+01 2.605560751505159089e+01 -4.482076165581004830e+02 -6.349643696062543086e+02 -5.706061611511335286e+03 2.162534435261707997e-03 1.882460973370064154e-04 5.579177167046172769e+01 1.894629622170252992e-01
1.867700476370991396e+02 7.760918027459719326e+01 4.283143128740008621e+01 -5.450860865786933118e+02 -7.635310283698307785e+02 -6.694445438919825392e+03 7.759412304866850118e-04 3.397612488521579576e-04 6.836326230645241253e+01 1.558538801492951875e-01
2.591065399815241932e+01 1.385937318418278785e+01 8.431216708433206364e+00 -3.971558475105363755e+02 -4.268753286109088094e+02 -6.866704020322573570e+02 7.272727272727272721e-03 5.977961432506887461e-03 5.275830427777106735e+01 7.596477370817215080e-01
1.257502454049900535e+02 5.189402813993145713e+01 2.711706893920634442e+01 -4.812644684467418301e+02 -5.868161011121610500e+02 -7.296288524660936673e+03 1.184573002754820857e-03 4.269972451790633359e-04 6.628861423907014228e+01 6.787151336969203808e-01
1.601731731768977909e+02 5.859700377798068871e+01 7.086846680005871235e+01 -5.426158096465048857e+02 -1.403130789052649106e+03 -1.354642081712662366e+04 8.126721763085399935e-04 4.178145087235996175e-04 5.827810682051314473e+01 2.783448215275634019e-01
2.462467352710541491e+01 1.214330837669541374e+01 6.903621103003796833e+00 -4.659327079199751438e+02 -4.968645527814751972e+02 -6.850176850647358151e+02 4.710743801652892380e-03 2.635445362718090087e-03 5.378263655734931348e+01 8.495407278848894350e-01
1.316439153123684775e+02 7.708817915256072695e+01 3.705322717070642113e+01 -4.371489859627657779e+02 -1.346052749648672943e+03 -1.820759485052388845e+04 2.479338842975206659e-04 5.050505050505050501e-05 6.844376055138276627e+01 5.541088898906674221e-01
1.905421340671965424e+02 7.377168023204610847e+01 3.670741950617759386e+01 -5.143270454013844528e+02 -5.781456956292391851e+02 -1.034157367049288769e+04 4.361799816345271084e-04 5.142332415059687684e-04 6.179785401501207787e+01 3.514009293972270576e-01
1.306553093814476085e+02 8.375145279389774089e+01 3.893907712585824044e+01 -4.757883517217350118e+02 -9.131334962683222329e+02 -1.577284798916098407e+04 2.112029384756657384e-04 4.132231404958677584e-04 5.762800524343832365e+01 7.737852916974378159e-01
1.259683932010334360e+02 4.423298399476587406e+01 2.810609694758629828e+01 -4.584087569473879853e+02 -7.963123349199113363e+02 -7.198546943980727519e+03 1.143250688705234070e-03 1.359044995408631830e-03 5.918785340853317223e+01 4.064012863684072219e-01
1.561255996940809041e+02 7.815974215161213579e+01 4.736691240310957340e+01 -4.961711483506733771e+02 -1.500193975623065626e+03 -1.951196008553712454e+04 4.361799816345271084e-04 3.673094582185491396e-05 6.108009633121485393e+01 4.390706568077703542e-01
8.955096498890416967e+01 2.183889996994829374e+01 2.194199505229380875e+01 -4.146419313190561411e+02 -5.918788277817427570e+02 -7.172299903042454389e+03 1.524334251606978977e-03 4.178145087235996175e-04 6.362469018393680642e+01 5.169083972801042925e-01
1.698922529319534931e+02 8.889750271323239872e+01 4.911300653685700723e+01 -6.017775596207762874e+02 -2.134460936424104602e+03 -1.393436455309624944e+04 3.902662993572084626e-04 1.193755739210284602e-04 5.573137765489860840e+01 7.187931138557676070e-01
7.455844988443722343e+01 2.454632226252692462e+01 3.000206928355427749e+01 -4.470599304324234140e+02 -6.530796968779862937e+02 -6.668003160368321915e+03 1.120293847566574937e-03 4.040404040404040401e-04 5.347853309874548700e+01 6.731479152847851255e-01
1.572121116397283735e+01 5.671940092862895355e+00 4.429040577000566081e+00 -4.274027924625311243e+02 -4.328834357290583625e+02 -6.228353020636574229e+02 1.165289256198347168e-02 6.974288337924701604e-03 6.076303823683355176e+01 9.225617473835896476e-01
1.814539032332653221e+02 1.186480952436881324e+02 2.777319965375732735e+01 -6.207306758608798418e+02 -6.866943880362010759e+02 -4.401716368302038609e+04 4.132231404958677990e-05 2.295684113865931953e-05 5.822798458198553817e+01 3.568261283532461192e-01
1.636804066906936725e+02 7.050517528691625557e+01 5.485005277547288927e+01 -4.931622702256036064e+02 -1.144588933720154500e+03 -1.931520992729590944e+04 8.264462809917355981e-05 1.469237832874196559e-04 5.959912847233394473e+01 1.851636938112319053e-01
1.517413983255659389e+02 8.552206454144696579e+01 4.351059652563276359e+01 -7.502049511946768234e+02 -1.185868751641145764e+03 -5.205426366069246797e+03 1.836547291092745698e-05 1.836547291092745698e-05 6.794831637499126487e+01 9.410530854901419939e-01
6.526984764120258831e+01 2.668331884542234533e+01 2.075283546818493363e+01 -4.242107879203044263e+02 -5.701163003194011480e+02 -5.765448442541806799e+03 9.550045913682276818e-04 2.387511478420569204e-04 6.983103198210211815e+01 2.854417432224782281e-01
1.262321448720867778e+02 8.211078201630026285e+01 5.362129317661243988e+01 -4.655710871047947421e+02 -9.463700536483820542e+02 -6.022836250327393827e+03 8.861340679522497401e-04 1.818181818181818180e-03 6.504461531667104168e+01 1.083635952915928957e-01
1.311736293802652220e+01 7.310953079461603110e+00 3.486944670548305591e+00 -3.784718101885337092e+02 -3.883300090019055801e+02 -4.797878912580683277e+02 1.041322314049586834e-01 3.981175390266299130e-02 6.239938936571645201e+01 2.130629483096306009e-01
1.969953352251856415e+02 8.890404078996432702e+01 3.982073100504568686e+01 -5.122473479848900979e+02 -9.552992674931174406e+02 -4.543916562351488392e+04 1.101928374655647419e-04 2.295684113865931953e-05 6.762496134335279407e+01 3.677334240323655856e-01
1.574574806289627134e+02 8.695929834466579678e+01 3.483502657006296488e+01 -5.183022684394040880e+02 -7.231606319233011391e+02 -1.581557641066541692e+04 8.631772268135904985e-04 4.866850321395776134e-04 6.211368765698056649e+01 4.836996272188938684e-01
1.031871522985768053e+02 4.461967676223643053e+01 2.088470983479540166e+01 -4.695141006683186902e+02 -6.713403798368914295e+02 -3.483955424869987382e+03 2.038567493112947854e-03 1.648301193755739120e-03 6.123518468778058121e+01 2.732722321014068312e-01
5.022237689222128409e+01 1.615171655059042166e+01 1.297188879353453750e+01 -4.046727665233406697e+02 -4.495041845889070942e+02 -1.733305351829183792e+03 3.471074380165289214e-03 9.366391184573002668e-03 5.843765535492597962e+01 2.528450091902700314e-01
1.511906104432541724e+02 5.345851658532532724e+01 2.684687231930062978e+01 -4.747042452301656112e+02 -9.113862182441285995e+02 -1.534525673331434155e+04 1.193755739210284602e-04 1.010101010101010100e-04 5.708375587538797191e+01 2.107963868166873866e-01
3.660351708223102918e+01 2.037599883145612623e+01 9.567212571988264358e+00 -4.168661919450501614e+02 -4.533991008470569568e+02 -1.497950558496049553e+03 5.238751147842056997e-03 3.250688705234159974e-03 5.998661130398824071e+01 5.745600331339114630e-01
1.160263595569220314e+02 4.095883973460757943e+01 3.750484307054642130e+01 -4.838950077428403915e+02 -8.050585579048846512e+02 -6.342818213102536902e+03 8.861340679522497401e-04 4.132231404958677584e-04 5.542577498733493258e+01 5.947246227149257658e-01
6.287656814632612168e+01 2.344056669283390448e+01 2.397872574739374940e+01 -4.146693117707877150e+02 -4.930052026922190862e+02 -2.837499192437815964e+03 1.487603305785123887e-03 5.202020202020201690e-03 6.569015523846155702e+01 1.712361073268076628e-01
1.583000451975796068e+02 7.875719364273594181e+01 4.598760886324554775e+01 -4.536729586873216249e+02 -1.387988140166194398e+03 -3.175864787305516074e+04 4.591368227731863907e-05 9.641873278236915085e-05 5.735517070413715146e+01 8.932850200666373475e-01
5.321581691781121037e+01 2.434552972305560914e+01 8.890955194275449003e+00 -3.966031015428264936e+02 -4.313667750916468435e+02 -2.913782776190179447e+03 1.717171717171717170e-03 1.616161616161616160e-03 6.409584773662309942e+01 8.088106948925740669e-01
1.246204640920964550e+02 5.194325748812548937e+01 4.020601524305204322e+01 -5.386203844272025663e+02 -1.052117525031383593e+03 -6.914559005287325817e+03 1.074380165289256237e-03 1.005509641873278187e-03 6.382808134612072593e+01 3.565301831598419180e-01
9.079752523659097108e+01 4.290836408191139384e+01 3.202932805549617257e+01 -3.862107386607019066e+02 -8.576220117532865288e+02 -5.685707306748206065e+03 1.505968778696051323e-03 4.086317722681358992e-04 6.517535168741717655e+01 5.749099664952834754e-01
1.279346794133621898e+02 7.281203347272450799e+01 4.321927093504840656e+01 -4.979207347694666055e+02 -7.840360797861230822e+02 -2.332284059824854921e+04 3.994490358126721809e-04 5.647382920110192734e-04 6.239784806164352204e+01 5.742365336309467327e-01
1.918396120798021229e+02 9.373714967267926568e+01 3.814727539096175235e+01 -7.745717585792503996e+02 -2.266409110876415980e+03 -1.073725776468949698e+04 1.561065197428833742e-04 5.968778696051423011e-05 6.922786415925784809e+01 8.053568675391269416e-01
8.668235530842815706e+01 3.168062993391995974e+01 3.479610865750457549e+01 -4.058102248472575297e+02 -8.101252931288486252e+02 -9.022746601906266733e+03 1.285583103764921921e-04 2.662993572084481025e-04 5.355907467913077369e+01 8.943468876623908992e-01
1.171614891536062544e+02 4.888251503364323014e+01 2.462608883735452991e+01 -4.415847573460156923e+02 -7.104011195408739923e+02 -3.791585630355808462e+03 3.089990817263544524e-03 2.033976124885215724e-03 6.386457678536115168e+01 1.492948925407519278e-01
1.919508419751981307e+02 1.099370750991682684e+02 3.448381556880292464e+01 -7.256952123687722178e+02 -1.503501880861621430e+03 -6.516021689298341698e+03 4.269972451790633359e-04 2.525252525252525250e-04 6.570384461322699110e+01 3.830579009578245486e-01
8.457467682332446657e+01 3.706799045678922511e+01 2.091649037168069469e+01 -4.275556406171079971e+02 -4.743709013471390676e+02 -3.182102602674765421e+03 9.917355371900826635e-04 9.871441689623507501e-04 6.146143403393573834e+01 5.719256573914133224e-01
2.043385989009583454e+02 1.242161251699772180e+02 6.435187993668071726e+01 -6.654919236799565851e+02 -1.100022902541088570e+03 -1.410065441568567439e+04 1.285583103764921921e-04 1.010101010101010100e-04 6.875375329394249491e+01 6.317013735634627869e-01
1.688929663913883772e+01 7.760393228560858780e+00 3.705717004092317080e+00 -3.772975694744541215e+02 -3.766094775285554306e+02 -4.530618226902013816e+02 1.514233241505968663e-01 4.821395775941230560e-02 6.230754439667430233e+01 2.291766994329061391e-01
1.373974547227740572e+02 7.735402670492396737e+01 4.550152304246928026e+01 -5.293818462612108533e+02 -1.055414375703635869e+03 -2.017111124144663336e+04 8.264462809917355981e-05 3.213957759412304802e-05 5.011884451391763662e+01 5.055726213298728650e-02
1.088804689399036931e+02 6.308645408229657647e+01 3.922061764844249865e+01 -4.484991476568338271e+02 -7.748130733013891813e+02 -4.864147440449871283e+03 1.101928374655647419e-04 1.147842056932966011e-04 5.814521437167353923e+01 8.313738533500689698e-01
5.893869193502989390e+01 1.608944684810783343e+01 2.071561480892140139e+01 -4.097659732920787405e+02 -5.437661300640954778e+02 -3.147071616179035118e+03 3.448117539026629864e-03 4.132231404958677584e-04 6.270982425080345024e+01 5.363238530983279739e-01
2.368074840380680541e+02 1.156850518740728262e+02 4.154060820423476486e+01 -9.731003177737500209e+02 -2.338955351221361980e+03 -1.878546721960560535e+04 2.295684113865931953e-05 1.836547291092745698e-05 6.236432996597415723e+01 9.144917604373832276e-01
8.727883938768691507e+00 4.635360724281785139e+00 1.413357220241062251e+00 -4.030289585999603901e+02 -4.032520892477077723e+02 -4.885563996726923506e+02 9.815886134067952629e-02 3.775941230486685313e-02 5.034741970271163325e+01 2.172076260502347755e-01
1.451221550821359472e+02 4.316550414914142664e+01 3.142931266834043669e+01 -4.471015596946162418e+02 -6.160960242905973701e+02 -7.511046583066422500e+03 2.754820936639118209e-04 4.269972451790633359e-04 5.873819370481977131e+01 5.803676972894035169e-01
1.098077546185015620e+02 7.151328192971989495e+01 3.020638923979530688e+01 -5.396227024161295276e+02 -6.661208531301418816e+02 -2.809754168152157490e+03 8.723599632690541897e-05 9.641873278236915085e-05 5.324251984335448640e+01 8.388911137930460393e-01
5.210610892426150542e+01 2.520895192843704891e+01 1.647280414040871577e+01 -4.141966512371153044e+02 -6.118537363783829051e+02 -1.339943334056724098e+03 9.481175390266299852e-03 1.896235078053259840e-03 6.701517287907269349e+01 5.690828967812684436e-01
3.861919074463595081e+01 1.548100781395392822e+01 1.302406092521570713e+01 -4.453769363460840509e+02 -4.608938345259113589e+02 -1.818030774051064782e+03 5.247933884297520390e-03 3.264462809917355497e-03 5.194506847959247864e+01 3.179849849445795518e-01
1.506083559962878553e+02 1.076338457294429816e+02 3.487192034480005276e+01 -7.805562124819255132e+02 -8.647442292352527602e+02 -9.606948654517091200e+03 1.056014692378328692e-04 8.264462809917355981e-05 5.416742501132463161e+01 8.712686536525681147e-01
4.108866796192877757e+01 2.478922431981343877e+01 1.261643444053321161e+01 -4.212729558052978405e+02 -4.633517142915300155e+02 -1.658482551172192871e+03 2.424242424242424240e-03 6.772268135904499151e-03 5.468627834711663382e+01 4.164226856408053679e-01
1.261080029730346297e+02 8.784529150286110166e+01 2.478871932255815125e+01 -5.638822566188969176e+02 -6.054204118573796904e+02 -1.288601192291096231e+04 5.096418732782369634e-04 1.744719926538108379e-04 5.221427841923796365e+01 7.384438008369291762e-01
4.438201571449098992e+01 2.453358316765026359e+01 1.203930295685506913e+01 -4.428691817856316675e+02 -4.570921422204230566e+02 -8.966995279787900017e+02 6.074380165289256124e-03 8.549127640036730327e-03 6.699723937821337927e+01 3.142874694911378386e-01
2.060871503032712440e+02 4.644884296407229129e+01 4.181198958439859581e+01 -4.123052168959949881e+02 -5.064725929979838384e+02 -1.880493630494100216e+04 8.769513314967860218e-04 3.719008264462809717e-04 6.080892991959204608e+01 1.903004374274657462e-01
1.810380630781596167e+01 1.004594192990769663e+01 6.565247871417034808e+00 -4.085546876773645977e+02 -4.112438904015633057e+02 -7.503244578886225327e+02 2.536271808999081626e-02 1.681359044995408766e-02 6.050754543903804716e+01 6.014023153543407441e-01
2.002563507453277794e+02 9.368788597000310858e+01 6.970778110196279442e+01 -9.569556386164503010e+02 -3.584061393610341383e+03 -9.521636983766562480e+03 7.346189164370982793e-05 2.295684113865931953e-05 6.433567029328361286e+01 8.592622166758697722e-01
2.940131148322984700e+01 1.769163309513107407e+01 5.543069861809849286e+00 -4.153362117873280113e+02 -4.200832432706947657e+02 -5.403415143737887547e+02 7.338842975206610886e-02 2.592745638200183791e-02 5.278826259927610209e+01 1.361435095758626035e-01
1.350793715315817280e+02 4.597577393951235081e+01 3.259960339526272577e+01 -4.498266662279178831e+02 -9.444990752242428016e+02 -1.107813137887924677e+04 1.331496786042240513e-04 8.723599632690541897e-05 5.795773763211615659e+01 3.243832932673937353e-01
1.820930970338104089e+02 1.059649302548720442e+02 3.452039085287017883e+01 -5.474151487089891361e+02 -7.524184418874444873e+02 -3.680594282459872193e+04 7.805325987144168709e-05 5.050505050505050501e-05 6.453047079614562165e+01 8.839712875457702568e-01
1.937237042127577524e+02 8.172734711251165152e+01 6.614407943190022365e+01 -7.882222777338469086e+02 -3.790308262965209451e+03 -4.441211609195086203e+04 2.754820936639118547e-05 2.295684113865931953e-05 6.988803700599760305e+01 4.856096475830789551e-03
3.851673466437556215e+01 1.694198274704979923e+01 8.983476322199399178e+00 -4.022956605341891532e+02 -4.030596461143557576e+02 -7.346565885236863096e+02 3.157024793388429895e-02 2.390266299357208385e-02 5.706494030724154953e+01 9.198901500064109171e-02
1.337591236479255770e+02 8.209675416349958255e+01 5.402053573826921706e+01 -4.981226392427423662e+02 -1.066193107465507865e+03 -1.403303586795909177e+04 3.673094582185491125e-04 3.168044077134986075e-04 5.814258915625543978e+01 6.318433739546333028e-01
7.054258833051859767e+01 1.915736664949568535e+01 1.141652540865826460e+01 -4.071433315240172419e+02 -4.662536426690867870e+02 -2.484653856637904028e+03 5.918273645546373238e-03 4.605142332415059457e-03 6.412106974438518137e+01 2.763029407381697444e-01
9.609653556640398619e+01 5.176091710824046999e+01 2.090629412438545032e+01 -5.092288302602386239e+02 -5.827852083762436450e+02 -2.460181353548465722e+03 3.719008264462809934e-03 1.528925619834710673e-03 6.215369509251269164e+01 5.846675827856734342e-02
1.678951434894140959e+02 1.077357433277534966e+02 5.714854476876273282e+01 -5.904737309845548907e+02 -1.269424896340948408e+03 -3.540850372778366000e+04 8.264462809917355981e-05 4.591368227731863907e-05 5.315428557180973002e+01 8.815795972865466679e-01
1.822762160470035724e+02 7.384010509076583162e+01 6.199976592725485602e+01 -4.453311487577066146e+02 -1.634911128985451114e+03 -1.990821223238488528e+04 1.056014692378328692e-04 5.968778696051423011e-05 6.500405561740709004e+01 3.538667249585585872e-01
4.246953991357666780e+01 2.760575751213348283e+01 1.014300145988504376e+01 -4.131221278462381292e+02 -4.272611106803201437e+02 -2.455145549136564568e+03 2.157943067033976300e-03 2.589531680440771387e-03 5.704693099899246533e+01 3.621512134476884692e-01
6.412825991661931369e+01 3.166535306293047114e+01 1.613337202206632881e+01 -4.548471042884522717e+02 -6.266428893074884172e+02 -1.613225776563782574e+03 2.796143250688705104e-03 1.143250688705234070e-03 6.705115729379355116e+01 5.752488571719103216e-01
9.460133269764504860e+01 4.616038864791900664e+01 1.754262467184012664e+01 -4.765924015913207086e+02 -5.067933467561524026e+02 -4.066223936469621549e+03 2.433425160697888067e-04 2.066115702479338792e-04 5.159840926374461390e+01 8.068284138353659651e-01
1.532814637313547053e+02 8.197367888959608706e+01 4.248014338729609563e+01 -5.082062342983745680e+02 -1.507796570932145869e+03 -3.303975107297438808e+04 4.591368227731863907e-05 2.295684113865931953e-05 5.136771914989562760e+01 3.473703311647458047e-01
2.093759008635794032e+02 1.241960363987327440e+02 6.074198143535552674e+01 -5.512706945861672239e+02 -2.232992468106258912e+03 -1.267137848486175790e+04 2.249770431588613429e-04 3.810835629017447442e-04 6.289122558614756286e+01 6.638963662135112243e-01
7.217877025294200166e+01 2.499976661715167126e+01 2.455566008516629495e+01 -4.286611038065287858e+02 -7.002244001717654101e+02 -5.413250911981473109e+03 1.988062442607897023e-03 1.790633608815426971e-04 6.194005913623882265e+01 4.664370070262479073e-01
1.899803472999564633e+02 1.011978333335815847e+02 5.495422454440797821e+01 -4.681870241271381587e+02 -1.754517911398898150e+03 -3.763869486753657839e+04 2.617079889807162434e-04 5.050505050505050501e-05 6.005510260613857554e+01 6.483172025611256828e-01
9.648413014573523583e+01 3.858395488517638228e+01 3.314160807370801365e+01 -5.020422523833723289e+02 -8.733785991666799191e+02 -5.658641450988510769e+03 3.213957759412304802e-05 5.509641873278237095e-05 5.736758351683502610e+01 9.437133382456914799e-01
2.124959416987321674e+02 7.842375717240520316e+01 7.533663476999457487e+01 -6.651804197964144123e+02 -2.367162964638474932e+03 -4.273705203810814419e+04 3.213957759412304802e-05 1.836547291092745698e-05 5.653997207246742107e+01 9.028146848123891344e-01
1.246395836138994326e+02 5.723709506302346028e+01 1.860316180138578090e+01 -4.821030556248870198e+02 -4.963230635546544249e+02 -1.436658783126190065e+04 1.138659320477502374e-03 5.968778696051423418e-04 5.376970681591124190e+01 5.467838526593009618e-01
2.132523561681238533e+01 1.285962619342938673e+01 5.527453469180358070e+00 -4.044852712061628495e+02 -4.064993359125572852e+02 -8.273523689234632457e+02 3.444903581267217546e-02 1.155647382920110128e-02 6.537756932735416626e+01 5.441226912424225182e-01
1.145118489633719747e+02 4.374684189609676821e+01 4.106836241240446839e+01 -4.616987488878804129e+02 -6.092646278436515104e+02 -1.303384508890178768e+04 2.708907254361799617e-04 9.641873278236915085e-04 5.707876489592892710e+01 1.969542412865429026e-01
2.810841696598697936e+01 1.415506881199826239e+01 1.103142854095073844e+01 -4.371768483807687744e+02 -4.734169832330219378e+02 -1.236982074125404324e+03 1.264462809917355456e-02 5.321395775941230137e-03 6.699733621124127581e+01 7.123363427180972041e-01
1.188794704098834529e+02 3.409801547906801034e+01 4.103675681248324025e+01 -4.233510897623239089e+02 -1.139622100042444345e+03 -4.483684344332357796e+03 1.271808999081726343e-03 1.189164370982552770e-03 6.289405510874016159e+01 5.432146599000271525e-01
7.996745870463418271e+01 3.076603150515854779e+01 2.049717969017934749e+01 -4.173936835151461082e+02 -5.089142764479282732e+02 -3.790265211952267691e+03 1.786042240587695220e-03 2.819100091827364454e-03 5.348278895058054161e+01 4.845952203591585850e-01
1.405709840677337752e+02 3.119315360420076289e+01 2.525896435024068509e+01 -4.117133998741494452e+02 -4.805476218557342349e+02 -1.192184298937688982e+04 1.198347107438016597e-03 1.189164370982552770e-03 5.990091748402952021e+01 3.680532902215544189e-01
4.212294507183120373e+01 1.989678197218828259e+01 1.216569224944546512e+01 -4.274390082494537637e+02 -4.888841957977564334e+02 -1.713370472460019300e+03 1.753902662993572044e-03 8.861340679522497401e-04 5.754739735029848191e+01 8.618468776923331465e-01
2.042574222735081264e+02 1.072745326534997616e+02 4.310149119312548294e+01 -5.217071576041498702e+02 -1.506052262519878241e+03 -1.451200815631092701e+04 5.647382920110192734e-04 3.397612488521579576e-04 5.763090273939638308e+01 5.629960286565296457e-01
1.735221452334002379e+01 7.243779479176288838e+00 2.918022754605821056e+00 -4.146145684904963105e+02 -4.148007727310368296e+02 -5.195845061147639399e+02 5.220385674931129344e-02 2.877410468319559211e-02 5.177789752575330340e+01 4.842108247336235904e-01
1.813695129554158996e+02 4.826040550157485853e+01 4.550969389662206765e+01 -4.932268901476778638e+02 -8.788345748051154942e+02 -1.765547177314660803e+04 7.346189164370982251e-04 5.142332415059687684e-04 6.143634984615864880e+01 3.981235339361613446e-01
1.285706431335422906e+02 8.716450027573701220e+01 2.411975845056751311e+01 -6.106706481657002996e+02 -6.902153188064722826e+02 -5.308296419894777500e+03 2.479338842975206659e-04 7.116620752984389835e-04 5.438396586224065032e+01 2.252237425236284507e-01
5.445029466113238925e+01 2.609853887401602535e+01 1.378689925818776807e+01 -4.290834311554135638e+02 -5.213837749838671698e+02 -2.069578653273350028e+03 6.519742883379246517e-04 5.142332415059687684e-04 5.432346261034777513e+01 8.840624982771638773e-01
2.289936741253101218e+02 7.669110858772745587e+01 4.747101119299977512e+01 -6.571264438391361864e+02 -1.151139602585008561e+03 -2.239130721756447747e+04 1.790633608815426971e-04 9.641873278236915085e-05 6.931136134366312263e+01 6.849726865634172546e-01
9.788893661764157983e+00 4.248106858723216028e+00 3.036389255205165671e+00 -4.322867145385558842e+02 -4.339420741379181550e+02 -5.011472552958376241e+02 1.718778696051423416e-01 4.355371900826446319e-02 6.592460950225340355e+01 6.943710292598319622e-01
1.550044812840388317e+02 6.938981285567129476e+01 6.044919013720093659e+01 -4.287537188996235500e+02 -1.343807095878264363e+03 -1.839778796990500632e+04 1.377410468319559104e-04 4.820936639118457543e-04 6.804292079597141196e+01 4.877991282011223118e-01
9.645699418567761541e+01 3.019228917916071353e+01 2.109794382179754280e+01 -4.326219390194362973e+02 -5.021323282146455540e+02 -6.982425226347940225e+03 9.733700642791552268e-04 1.074380165289256237e-03 5.428329499812540604e+01 3.829877739752445276e-01
5.918909372428489490e+01 1.354013612498146024e+01 1.213333641842311472e+01 -3.851408493175998728e+02 -4.338737844010532285e+02 -2.858980189705091107e+03 2.828282828282828280e-03 8.126721763085399935e-04 6.732872336551498904e+01 4.754722604559546983e-02
4.722146186566551762e+01 1.403293676317552041e+01 1.684760575986031128e+01 -4.076002645837720593e+02 -4.566040795405185690e+02 -1.257155036704186841e+03 1.189164370982552857e-02 3.549127640036731091e-03 5.571031825372961066e+01 4.081543583902934036e-01
1.639703353160859365e+02 8.441875020755148284e+01 4.375871747653690846e+01 -5.350796242945646100e+02 -6.714002111848878940e+02 -2.090825088275523012e+04 6.657483930211202834e-04 4.820936639118457543e-04 6.227290345322018084e+01 3.195090563835206038e-02
1.712692444622140542e+01 4.690413326980307218e+00 4.017170457103292236e+00 -3.973782714237491405e+02 -3.982075672917623592e+02 -6.218593189364380578e+02 5.057851239669421822e-02 2.504591368227731749e-02 5.860903352836246683e+01 1.927896061356798585e-01
1.723522428205045856e+02 5.552249677064175160e+01 6.254468633188048443e+01 -5.019710260451675481e+02 -1.598392209969381611e+03 -1.610243003629916529e+04 5.050505050505050501e-05 1.193755739210284602e-04 5.162658626899899872e+01 8.135429916936556261e-01
9.921524978713637211e+01 3.772583337137219672e+01 4.226917711903689678e+01 -3.851116257130219083e+02 -6.481656296849274668e+02 -4.994111748880040977e+03 1.179981634527089160e-03 1.808999081726354353e-03 5.698162550039711505e+01 3.412212048476760407e-01
5.135960153658793104e+01 3.068606470205354952e+01 1.270740658133782475e+01 -4.448494010469867135e+02 -4.678245795841453969e+02 -4.191328599271126222e+03 1.414141414141414140e-03 5.142332415059687684e-04 5.908139282288258443e+01 2.304089521712525401e-01
1.565830822401215414e+02 6.008640757063687232e+01 4.337646202131618622e+01 -5.828541272368374848e+02 -8.270156185731289042e+02 -2.827893599569776779e+04 7.346189164370982793e-05 2.295684113865931953e-05 5.084304980162609411e+01 7.123116830796739907e-02
1.003713518295643468e+02 5.549581356469853688e+01 3.475816375928334878e+01 -4.999820435037883044e+02 -6.335547620752273588e+02 -2.309304967365364519e+03 8.080808080808080801e-04 8.585858585858585851e-04 6.781606893053326246e+01 5.761192407880648680e-01
1.726008954276586564e+02 8.038172824956485840e+01 6.071929889414096948e+01 -5.325032611508577247e+02 -1.800748453715666301e+03 -3.858429363974557054e+04 5.968778696051423011e-05 2.295684113865931953e-05 5.418724414568970360e+01 1.462716984533034004e-01
8.231265994714830470e+01 2.338264940266120817e+01 1.895410381198843908e+01 -4.187435808730738813e+02 -4.419133133061608305e+02 -2.644236969069358565e+03 5.601469237832874468e-03 2.116620752984389297e-03 5.572255680980995862e+01 1.361763887671098849e-01
1.444105352505153519e+02 5.806198730227098537e+01 3.731436337898918509e+01 -5.414489678609103294e+02 -1.156251300491216398e+03 -9.745000325306002196e+03 1.225895316804407643e-03 1.046831955922864973e-03 6.776674791842131640e+01 3.602203094263538019e-01
1.413409464139438114e+02 6.289480972640669876e+01 2.511066059855514254e+01 -5.107622107700507286e+02 -5.774588408404747497e+02 -1.718590157033060677e+04 2.433425160697888067e-04 1.469237832874196559e-04 5.579015590437801109e+01 7.941048880697592072e-01
1.374731175790412863e+02 6.659688341302674530e+01 2.635268276644961105e+01 -5.053800164902468737e+02 -6.284480970285771946e+02 -2.323723878330055595e+04 5.509641873278236417e-04 4.269972451790633359e-04 6.891195150669720704e+01 6.991948549227284815e-01
1.126906102261603166e+02 3.951093478284399652e+01 1.673309406723373272e+01 -4.485826341064885696e+02 -5.129454984418134700e+02 -5.820876148085423665e+03 1.285583103764921921e-04 1.606978879706152333e-04 6.158475307668460630e+01 8.796894646198901713e-01
2.380340356418137659e+01 1.344240526649438472e+01 7.516482135867102343e+00 -3.928599427603467689e+02 -4.005550039954734984e+02 -9.922333371914735380e+02 1.249311294765840206e-02 5.955004591368227677e-03 5.218294579987254878e+01 7.024433387152503316e-01
1.188487641010815423e+02 4.098835448429871064e+01 2.414220850889383030e+01 -4.324054352414826212e+02 -5.046977622448026750e+02 -1.139377552235827898e+04 1.019283746556473927e-03 8.999081726354453718e-04 5.915377509509055187e+01 6.128068530266317371e-01
8.109742758135510599e+01 3.684294228488979428e+01 2.354757616103931284e+01 -4.401697093186776328e+02 -5.470798747462378060e+02 -2.633444753932270032e+03 9.733700642791552268e-04 9.458218549127639634e-04 5.868670740846465606e+01 6.435622957126129196e-01
2.448309433430468474e+01 1.528232329266659484e+01 5.832429774727962091e+00 -4.129889632231884775e+02 -4.658222881484804248e+02 -5.051201062862092499e+02 4.117539026629935678e-02 1.794765840220385530e-02 6.079167131666562796e+01 6.922332802974808796e-01
1.201643418409922077e+02 6.753575976630015987e+01 4.574377411390486969e+01 -4.580825858199194158e+02 -1.189688247048130052e+03 -1.923321367080208438e+04 5.693296602387511868e-04 3.673094582185491396e-05 6.991980616441080087e+01 5.070400464473021618e-01
7.797668654071603100e+01 4.421941086103461771e+01 1.897070635500892166e+01 -4.576861897664796288e+02 -5.444963126779977074e+02 -1.926110504232395897e+03 3.443526170798898167e-04 4.269972451790633359e-04 6.771108064013935746e+01 7.756009686556502025e-01
1.919742679287519422e+02 5.166230325097715337e+01 7.093396145387409035e+01 -4.783125107809307224e+02 -1.792226092384027879e+03 -2.917303136922374324e+04 6.703397612488521968e-04 4.132231404958677584e-04 6.866094561269196106e+01 3.772619440308738192e-01
1.123951037270837503e+02 3.630276518087861604e+01 4.675381125988156583e+01 -4.708232143979711850e+02 -9.568083759896655920e+02 -6.253442066303495267e+03 1.919191919191919190e-03 9.136822773186410035e-04 6.989902411516754910e+01 2.128526741300931779e-01
8.149660454601686865e+01 4.050568447293665031e+01 3.175784533074648408e+01 -4.301778731510543707e+02 -8.432092029673051456e+02 -5.768406455278483918e+03 2.341597796143250613e-04 8.402203856749311485e-04 6.704209685826739928e+01 8.640830001183203990e-01
1.586633182008173151e+02 4.046175669899788829e+01 5.107169763958564346e+01 -5.022717754640899557e+02 -9.357912784484385611e+02 -1.792910803647568173e+04 1.239669421487603329e-04 4.912764003673094184e-04 6.062123647623542411e+01 7.233361067993542004e-02
8.444545477386202492e+01 4.176508246226897114e+01 3.039744698445711535e+01 -4.870880621351772675e+02 -1.035729281219428231e+03 -2.961637253574719125e+03 1.239669421487603329e-04 2.433425160697888067e-04 6.851306957323163260e+01 8.937345684493980258e-01
8.446435353170774363e+01 3.515679152406553953e+01 3.026729975725643484e+01 -4.134951711889331136e+02 -5.486229066810707309e+02 -8.189216140342768085e+03 1.101928374655647283e-03 1.974288337924701609e-04 5.308849112819554961e+01 6.575086436387443944e-01
1.816878174472346075e+02 7.223163511450104579e+01 5.481699934301622790e+01 -6.709995228995106800e+02 -1.186122012174884958e+03 -1.889036389918676650e+04 2.938475665748393117e-04 1.652892561983471196e-04 6.870286310433027666e+01 7.102237073775374832e-01
1.916579426288271009e+02 1.067193196399293669e+02 5.904344732277542107e+01 -8.656062159269308722e+02 -2.901910933213838689e+03 -1.140903819811626636e+04 3.719008264462809717e-04 2.249770431588613429e-04 6.547402476825372730e+01 2.975381780972593537e-01
7.203037497571102676e+01 2.957977330897607260e+01 2.199128460853358291e+01 -4.642025589025186036e+02 -5.536023490289360325e+02 -3.833025215119598670e+03 5.325987144168962050e-04 2.938475665748393117e-04 6.069704087888100474e+01 8.659856281007076717e-01
1.202814862159756615e+02 6.178585101201971241e+01 3.264599663633683946e+01 -4.685248502193018680e+02 -6.441058335848169918e+02 -5.259346952856197277e+03 7.346189164370982793e-05 6.427915518824609605e-05 5.735098101626109468e+01 8.844172756813079017e-01
1.720502965190402165e+02 1.154367836859085372e+02 5.031721013925992736e+01 -7.048106598988895257e+02 -1.648244076025723189e+03 -3.065863879852520404e+04 3.213957759412304802e-05 3.213957759412304802e-05 6.891916581119721741e+01 2.246382990605977070e-01
2.155123394880532999e+02 9.654542813718255445e+01 7.638372149981927350e+01 -8.489274345525755052e+02 -2.583424052279789066e+03 -1.516314669244805555e+04 2.754820936639118547e-05 3.673094582185491396e-05 5.656331901015217056e+01 8.246103656428827033e-01
3.897566652290693412e+01 1.387779874251627454e+01 1.215464088101287210e+01 -4.135732231918116213e+02 -4.401929367914077034e+02 -1.835752920182394519e+03 7.736455463728190984e-03 1.822773186409550094e-03 5.885356142035085725e+01 2.744941651499568924e-01
3.780850205607948311e+01 1.642685167350658659e+01 8.738623835842806997e+00 -3.843128858186294110e+02 -3.965036937438657105e+02 -1.540514563591689466e+03 5.165289256198347251e-03 5.179063360881542774e-03 5.771384906528975733e+01 2.245457323239707370e-01
1.606119276391384005e+02 5.370148721113942969e+01 4.355427211890233963e+01 -5.214584963444040113e+02 -1.635880319496610582e+03 -2.656362361978567787e+04 8.723599632690541897e-05 3.673094582185491396e-05 6.830271426567340143e+01 3.419598116155211920e-02
2.852108725776390585e+01 1.215643611891777276e+01 4.858714335533556472e+00 -4.007399164339196886e+02 -4.474307630243355334e+02 -1.292038811331477746e+03 4.292929292929292817e-03 1.437098255280073490e-03 5.185966588275048395e+01 1.759851979748294770e-01
1.248282010046352326e+02 4.624557279357505735e+01 2.947200500717464067e+01 -4.553457725032021699e+02 -5.655002635406644913e+02 -5.821230643631711246e+03 7.208448117539027018e-04 9.136822773186410035e-04 5.166428022222467575e+01 3.255716402632692907e-01
1.403529917810562893e+02 6.736381885925008817e+01 2.617814138932057233e+01 -5.627855590400648680e+02 -6.852994101847287993e+02 -7.174528993743760111e+03 1.023875114784205623e-03 3.902662993572084626e-04 5.453001356840138669e+01 4.668464504795325487e-01
1.859725421444962592e+02 6.537028094236995912e+01 6.904879809523831113e+01 -4.410020694074395919e+02 -1.165721484050223125e+03 -2.053002664026825732e+04 5.601469237832874684e-04 2.295684113865932021e-04 5.956138984634949907e+01 3.355171493300826424e-01
