# format=SNRtot_MF, SNR220, SNR440, evidence_inj, evidence_filt, nofilter,                 occams_inj,occams_filt, mass_in_solar, chi_inject]
1.723599099615437922e+02 1.528857933526195154e+02 2.609883178528022540e+01 -3.969674803901643827e+02 -4.138462093392888050e+02 -1.507147651210546792e+04 4.020979020979020650e-03 6.487956487956487951e-04 7.368728418138003633e+01 3.063705872442908928e-01
1.210868781085546431e+02 -6.788151903766214446e+01 2.573158859167780932e+01 -3.939671228017847966e+02 -4.129805576318726139e+02 -7.910498423248264771e+03 7.187257187257187251e-04 1.709401709401709400e-04 5.911785172695265800e+01 6.956987899363774597e-01
1.411403826265250530e+02 6.091207202309330171e+01 2.292607542645285079e+01 -3.950295657119394832e+02 -4.073636243926907241e+02 -1.049821084541356140e+04 2.991452991452991667e-03 6.526806526806526801e-04 7.594211985982238389e+01 4.350217651122877394e-01
1.359361647189544158e+02 6.297236038233333488e+01 2.006911183788130515e+01 -4.103099844721187992e+02 -4.237742186489035703e+02 -9.747379017623612526e+03 2.218337218337218444e-03 5.633255633255633251e-04 5.757254478716534152e+01 4.356723004930627141e-01
1.605634132685477198e+02 -3.841186017908776051e+01 1.584956166799988964e+01 -4.311340230569753089e+02 -4.442433087899313477e+02 -1.327396720993271083e+04 3.496503496503496500e-03 7.498057498057498051e-04 7.278445641078245387e+01 2.778867176896073765e-01
1.392833151741022846e+02 -5.617210354683489726e+00 1.501491216533540474e+01 -3.864400167233745833e+02 -3.889331136535609517e+02 -9.998369564987831836e+03 1.219891219891219890e-03 2.719502719502719500e-04 6.369364835177687212e+01 6.579948157419127641e-01
1.237556030242491403e+02 -6.596133078859750754e+01 4.470862396873024380e+01 -4.434921887919182382e+02 -4.796463185733615546e+02 -8.202773458974170353e+03 4.149184149184149614e-03 1.188811188811188810e-03 6.834967077679785064e+01 1.436747134311070206e-01
2.057965852557522624e+02 1.737823288343043373e+02 3.575641257050257593e+01 -3.937328349785698265e+02 -4.204912519322071489e+02 -2.190071736722448622e+04 2.051282051282051280e-03 4.933954933954933951e-04 8.760114312527848313e+01 5.556510454462522119e-01
1.626018698888509846e+02 1.499328201482446445e+02 2.118851139803732764e+01 -4.175008574869250424e+02 -4.286688284608306958e+02 -1.374283873928793582e+04 3.411033411033411247e-03 7.303807303807303801e-04 7.740494531504447195e+01 4.376712115401131808e-01
2.429121217977393883e+02 1.502990940967907534e+02 3.473322052554711092e+01 -3.871239012718438630e+02 -4.227727925347126643e+02 -3.010149612159066965e+04 1.165501165501165500e-04 3.108003108003108000e-05 8.963688080053017870e+01 9.031578837364383494e-01
1.395152335877251915e+02 -5.773402759337713519e+01 2.980380416607924232e+01 -4.163847556435115962e+02 -4.455327000198948895e+02 -1.046531948497416488e+04 3.317793317793318007e-03 9.013209013209013201e-04 6.788608823226725519e+01 2.291644691848472859e-01
1.252410956768471948e+02 -7.689195916614706050e+01 5.386652341045067516e+01 -3.606043048899924770e+02 -5.162539771027559254e+02 -8.138940828467562824e+03 3.613053613053613050e-04 9.712509712509712501e-05 8.379111073281977440e+01 7.799181105091828048e-01
1.431112083981947194e+02 -6.518621619098418307e+01 2.604859959617881771e+01 -4.142799149820870639e+02 -4.462749886353178681e+02 -1.083814812013556548e+04 3.337218337218337324e-03 7.031857031857031851e-04 8.613260755223512888e+01 3.411085181506376962e-01
1.115922658765258433e+02 -5.332631014330524977e+01 5.104304200896174848e+01 -3.906372980050028900e+02 -4.801299962726299668e+02 -6.736098275707811808e+03 1.153846153846153954e-03 2.641802641802641800e-04 5.689284595665854027e+01 5.391151433201754051e-01
1.495956358312525651e+02 1.267087801374082972e+02 1.911280123978351497e+01 -3.829702795799325941e+02 -4.062233747658731318e+02 -1.170258969003069797e+04 5.450660450660450330e-03 2.097902097902097900e-04 6.960830715177948491e+01 1.994199048038370892e-01
1.281851025621693054e+02 -8.260539084298162038e+01 1.910351095120547171e+01 -4.344260300100734753e+02 -4.421344165597557776e+02 -8.582232823852313231e+03 3.069153069153069150e-04 7.770007770007770001e-05 5.041759882430590523e+01 8.199422769784207032e-01
1.499096481293724423e+02 7.571643166229824828e+01 2.926182378902061743e+01 -3.835320484016510250e+02 -4.128864530023936368e+02 -1.176304091902159234e+04 6.456876456876457088e-03 3.185703185703185700e-04 8.055843687192331970e+01 2.911173880936882355e-02
1.334479014310926175e+02 -4.209710341588468019e+00 3.719250735980425304e+01 -4.021149598891146297e+02 -4.397771795646224291e+02 -9.108186649929044506e+03 2.466977466977467084e-03 5.439005439005439001e-04 7.538786269865315148e+01 4.599536563086144558e-01
1.424694279107318948e+02 -8.144970516915803671e+01 1.804474992354089480e+01 -4.332418225954849049e+02 -4.438738673794111378e+02 -1.070681595693983036e+04 5.555555555555555551e-04 1.515151515151515150e-04 5.642037307158003046e+01 7.397701796875346680e-01
1.981064345899177113e+02 9.724325090688567741e+01 4.865925389438165638e+01 -4.065095406496254213e+02 -4.432121737875856979e+02 -1.997239711617872672e+04 5.710955710955710951e-04 1.398601398601398600e-04 8.085710726373649493e+01 7.490240667742890102e-01
1.590691672174726534e+02 8.145022647117065162e+01 4.305473675410065937e+01 -4.120051846780966684e+02 -4.543732449969509162e+02 -1.314708876886423786e+04 2.793317793317793424e-03 8.624708624708624701e-04 6.707828024991135862e+01 3.537061767176370441e-01
1.351172847629511011e+02 -1.105535721266646334e+02 2.213210574665514585e+01 -4.160617735211537251e+02 -4.347872395828302388e+02 -9.505650018650070706e+03 2.292152292152292150e-04 5.827505827505827501e-05 5.291512397534727086e+01 8.532488229241115274e-01
1.340522343624183748e+02 4.435802346918028150e+01 2.702611396053704951e+01 -4.328588529861663687e+02 -4.528043302340890932e+02 -9.378187836915016305e+03 3.480963480963480960e-03 8.080808080808080801e-04 5.758286201824866879e+01 2.365014640684212355e-01
1.710006636728334968e+02 7.327660764364706836e+01 2.453522805835558884e+01 -4.009018910080427531e+02 -4.219425224171478703e+02 -1.514203626753876597e+04 2.859362859362859360e-03 7.575757575757575751e-04 7.883497579886513051e+01 4.379719226365230145e-01
2.062109141887688395e+02 4.973094536683884570e+01 4.387252262924860702e+01 -4.191276435176308723e+02 -4.724466066718973138e+02 -2.178120574349124945e+04 6.216006216006216001e-05 2.331002331002331000e-05 7.217913307711478410e+01 9.249656061993394296e-01
2.060444476595789354e+02 1.561690322031842015e+02 3.582250681560145011e+01 -4.353072369651019926e+02 -4.738193868599284428e+02 -2.163337862772295193e+04 1.480186480186480294e-03 3.885003885003885001e-04 8.383049717225870268e+01 6.303938250519753872e-01
1.443088715653137797e+02 -7.020128162744713052e+01 2.034242923170533857e+01 -4.346954711625987784e+02 -4.473431817577422862e+02 -1.075333625825143645e+04 2.486402486402486400e-03 6.449106449106449101e-04 6.450050547927139633e+01 4.117496614965049928e-01
1.793722408229990322e+02 1.522464024833226972e+02 3.249915299285884629e+01 -4.253844637604146897e+02 -4.487275349452670525e+02 -1.653746076381415332e+04 1.907536907536907644e-03 4.584304584304584301e-04 6.373979801569015535e+01 5.700375807061626166e-01
1.345172685925566611e+02 -8.115266907573641220e+01 3.495549629345042320e+01 -3.814524251026558659e+02 -4.181710928247375136e+02 -9.391328503108037694e+03 1.025641025641025640e-03 2.719502719502719500e-04 7.832851602725951068e+01 6.201585096379456097e-01
1.405676405655790973e+02 -1.186135784054508235e+02 1.405803752450730393e+01 -3.775537426572758477e+02 -3.826754356993937449e+02 -1.053424460746561635e+04 1.822066822066822174e-03 4.312354312354312351e-04 7.948475861963626699e+01 4.711156992801232013e-01
1.929765113945963151e+02 1.521180471602386888e+02 3.814269548478012695e+01 -4.171239568317926683e+02 -4.529249658962693843e+02 -1.901483040110531874e+04 4.312354312354312351e-04 1.010101010101010100e-04 8.190681041512442562e+01 8.174320832360141287e-01
1.259424721254665371e+02 -7.888425307231803174e+01 2.438664451825077251e+01 -3.797957878161902272e+02 -4.105908244087474372e+02 -8.334065072040455561e+03 1.849261849261849260e-03 3.923853923853923851e-04 5.589430605818914444e+01 5.122363008572295984e-01
1.954998166215069091e+02 1.790944510395966915e+02 4.568381381986796441e+01 -4.008873193367382441e+02 -6.046532834831566561e+02 -1.963359144466304133e+04 5.916860916860916531e-03 5.439005439005439001e-05 8.306566828946938585e+01 4.088073431043544315e-02
1.186872284570507077e+02 -5.867735358829746417e+01 2.050979587712915020e+01 -4.168040812328580955e+02 -4.444280692088624960e+02 -7.480201344218427039e+03 1.173271173271173270e-03 2.641802641802641800e-04 5.443890685639943428e+01 6.185463537608384410e-01
1.518776016898271735e+02 -1.153539024603975776e+02 4.099040930587120357e+01 -3.958263506822914906e+02 -4.628065752155093264e+02 -1.201245768238810160e+04 3.923853923853923851e-04 9.712509712509712501e-05 8.482512312133746946e+01 7.815914994670278837e-01
1.835831477706583996e+02 -6.241044179154964411e+01 2.010020681809877630e+01 -4.133290984963320511e+02 -4.302973707861310118e+02 -1.722680661812535618e+04 1.320901320901320900e-04 3.496503496503496500e-05 7.278803552336498228e+01 8.856208726104954909e-01
1.270963411318517160e+02 2.754060186940730759e+01 2.796124416700493143e+01 -3.942670420839547205e+02 -4.053972683050054684e+02 -8.562133323577101692e+03 3.115773115773115987e-03 7.070707070707070701e-04 5.894441693076681332e+01 3.750158360826852388e-01
1.784337455524023142e+02 1.466896024192043058e+02 3.575745237299597079e+01 -4.011713497494254739e+02 -4.252164215052873146e+02 -1.620775718853384933e+04 2.797202797202797200e-04 6.604506604506604501e-05 6.358942161627496148e+01 8.701137529870802689e-01
1.311496542811075017e+02 -6.799485837948630262e+01 2.147363411865158156e+01 -3.982299002090688873e+02 -4.210768402947866207e+02 -8.848677462996431132e+03 2.381507381507381397e-03 5.244755244755244751e-04 7.712298062624660133e+01 4.376162100067928495e-01
1.135907670671034992e+02 -8.651682522457510061e+01 3.161464295468951846e+01 -3.984053306955547100e+02 -4.472982113697118507e+02 -6.851137046023649418e+03 2.397047397047396937e-03 5.749805749805749801e-04 6.737232698024541833e+01 3.654867413866588199e-01
1.370828369586574240e+02 -6.701771761772799607e+01 2.424646714956564963e+01 -4.360839550590426938e+02 -4.581174123360270301e+02 -9.987061755209484545e+03 8.857808857808857801e-04 2.292152292152292150e-04 6.984688837210759971e+01 6.377076431988819571e-01
1.377559826622561161e+02 3.934093579599310431e+01 1.647203986985189772e+01 -4.276777576541927033e+02 -4.285537149195553184e+02 -9.679316874080535854e+03 4.339549339549339871e-03 4.817404817404817401e-04 7.739415822404838252e+01 4.947252032511795239e-02
1.274240896636131168e+02 -9.912375123746306826e+01 2.731207963188301591e+01 -4.061107665813430572e+02 -4.316251721687642657e+02 -8.545706585381094555e+03 8.275058275058275051e-04 2.097902097902097900e-04 6.282955273686044961e+01 6.746963010764279733e-01
1.233615466024933056e+02 -7.122748699665335437e+01 3.553537351228030161e+01 -4.017197738782290344e+02 -4.475032056762050274e+02 -8.038590831169489320e+03 3.609168609168609057e-03 8.935508935508935501e-04 5.587997118581883171e+01 9.658810141569448837e-02
1.171963378381292955e+02 -1.034046742606903102e+01 4.254128373537175634e+01 -4.019287905547585069e+02 -4.646000710426633304e+02 -7.248198520054352230e+03 1.511266511266511374e-03 4.778554778554778551e-04 5.681413932037294501e+01 5.198332896100983369e-01
1.622659417408537763e+02 4.315913963303931666e+01 1.737964069347173890e+01 -4.169041449535238826e+02 -4.274039790680589022e+02 -1.339996801385605795e+04 5.944055944055944051e-04 1.282051282051282050e-04 6.263911397497565048e+01 7.803788740559599590e-01
1.257189675327656317e+02 -1.014405576280798442e+02 2.527068315322198089e+01 -4.298149969649714421e+02 -4.476381522409103013e+02 -8.365617889274268236e+03 4.351204351204351201e-04 1.048951048951048950e-04 5.317725528166191395e+01 7.666307096195187354e-01
1.495632020782721838e+02 1.122613647195872346e+02 4.082322190122282279e+01 -4.125464278392123560e+02 -4.832941918682165579e+02 -1.167383023587079333e+04 4.895104895104895534e-03 9.324009324009324001e-05 5.307611870764222317e+01 9.623386950730151990e-02
2.122945834476780931e+02 1.928195830011515568e+02 5.627454819316054824e+01 -4.182155377621726302e+02 -6.468966650178423379e+02 -2.273876685084787459e+04 7.975912975912975364e-03 4.662004662004662001e-05 8.433302243331479531e+01 9.157975200621668033e-02
1.804719370180135058e+02 1.563140398968231466e+02 5.179464641138250869e+01 -3.906719667212121294e+02 -5.443954079669481416e+02 -1.680219721352733541e+04 8.756798756798757008e-03 5.827505827505827501e-05 7.072106188625117795e+01 7.582226010860250442e-02
1.899643825043964682e+02 7.457841159055995206e+01 2.667124050436075677e+01 -4.117148565572920234e+02 -4.453164763932645087e+02 -1.840453781806899860e+04 5.400155400155400151e-04 1.515151515151515150e-04 8.635564977230578165e+01 7.690893739689450559e-01
2.200072143240296043e+02 2.002481889652390237e+02 5.055378452423314428e+01 -4.019838151284835703e+02 -4.631297739106872200e+02 -2.460520154389223899e+04 6.604506604506604501e-04 1.554001554001554000e-04 7.551612862921574276e+01 7.757774420881773381e-01
1.376077110299235358e+02 4.865578883994530202e+01 4.860245564971270227e+01 -3.929645778342321591e+02 -4.449791697812826783e+02 -9.972406429889495485e+03 4.110334110334110114e-03 1.219891219891219890e-03 7.622803601775849813e+01 1.939296451250260289e-01
1.094427053836404724e+02 -3.570666281226183969e+01 1.437916283983260612e+01 -4.292961976737930740e+02 -4.380568815476681266e+02 -6.492375635691383650e+03 3.480963480963480960e-03 7.459207459207459201e-04 5.278326548373383531e+01 3.087775031091550271e-01
1.439687989690159782e+02 8.675155165545602642e+01 1.511848302251746468e+01 -3.840226100962918849e+02 -3.921747632560170018e+02 -1.069520657714620756e+04 3.923853923853923851e-04 4.001554001554001551e-04 5.120727282378783229e+01 5.764246375870685224e-01
1.582396215877058694e+02 1.446713693239348117e+02 2.515382617717856562e+01 -4.415386838317098750e+02 -4.488554403676859010e+02 -1.275464344856625212e+04 3.667443667443667440e-03 6.837606837606837601e-04 5.811877147693388679e+01 4.600991412888449927e-01
1.371191488649449468e+02 2.644053128731219715e+01 2.924305558335601773e+01 -4.394161601872143024e+02 -4.727776562512731857e+02 -9.897003689748313263e+03 9.634809634809634801e-04 2.175602175602175600e-04 6.482940863719173308e+01 6.833558768966301322e-01
1.941144470101878028e+02 1.484541545981689978e+02 4.074563778952563098e+01 -3.814827890650003042e+02 -4.277463917811268175e+02 -1.975546606959510973e+04 5.827505827505827501e-04 1.554001554001554000e-04 7.374302546116383894e+01 7.767736656326164058e-01
1.854017133187869604e+02 -1.261094877867207487e+02 3.532006233660639793e+01 -4.037188479062417628e+02 -4.367810750736615546e+02 -1.764886910445049580e+04 9.712509712509712501e-05 2.331002331002331000e-05 8.254305240998375837e+01 9.026596008935071636e-01
1.425513302512092935e+02 1.164173939983288051e+02 2.266312400042766129e+01 -4.055768625459647296e+02 -4.266564593005803090e+02 -1.068629677248237749e+04 4.984459984459984130e-03 1.748251748251748250e-04 6.280820687716976636e+01 2.307690391118641660e-01
1.341019120117180705e+02 -1.069662081842996599e+02 2.503336014682370703e+01 -3.942221296419002670e+02 -4.157512875397505923e+02 -9.427247874414471880e+03 3.745143745143745140e-03 9.479409479409479401e-04 7.150796162470379613e+01 6.686435839625008704e-02
1.532297488803269800e+02 -1.006488479035530332e+02 1.486307232699351388e+01 -4.139728693121649030e+02 -4.205450814324786393e+02 -1.236542075455913618e+04 2.078477078477078584e-03 4.700854700854700851e-04 7.388079386601047815e+01 4.430069348961100939e-01
1.366922409533842142e+02 -1.006776236991940294e+02 3.428514980441113380e+01 -3.844927448205551173e+02 -4.228290068939305115e+02 -9.707391033794827308e+03 2.035742035742035740e-03 4.856254856254856251e-04 8.092365931552627956e+01 5.056936115157274481e-01
1.486463378873131660e+02 -1.930277935133548395e+00 1.859004376316175566e+01 -4.024543099423096351e+02 -4.206414463022089762e+02 -1.137058475720691058e+04 3.690753690753690750e-04 9.324009324009324001e-05 6.297860570990482643e+01 8.039093737368908643e-01
1.405473853031372471e+02 -4.701852724008913498e+01 2.829207170032999485e+01 -4.011257399241125086e+02 -4.304087321022462902e+02 -1.022374891339383430e+04 3.232323232323232320e-03 9.479409479409479401e-04 6.676603657654965218e+01 2.607846949353533894e-01
1.184336970788204013e+02 -9.841073540599879266e+00 3.501683527597852219e+01 -3.792547512168152934e+02 -4.087019856725129898e+02 -7.325385010793016590e+03 1.969696969696969804e-03 4.506604506604506601e-04 6.164013437584385713e+01 5.289780267056087837e-01
1.378296196416483212e+02 2.292610416398597195e+00 3.578521735715320773e+01 -3.973192438232808854e+02 -4.243243862751589290e+02 -9.935551342576873139e+03 1.860916860916861024e-03 5.011655011655011651e-04 7.608482335834629851e+01 5.212746636842251480e-01
1.297015929963418159e+02 3.216823557072648754e+01 4.318126911355331288e+01 -4.015564297820519641e+02 -4.325642318181298833e+02 -8.924920901181967565e+03 3.807303807303807301e-03 8.236208236208236201e-04 6.384142795057949371e+01 2.982913850669708378e-01
1.816312134329108119e+02 1.033028130463152365e+02 3.946696250084323054e+01 -4.286756408344537022e+02 -4.764478840563474478e+02 -1.688936895468196963e+04 4.778554778554778551e-04 1.126651126651126650e-04 6.896108818643449467e+01 8.024104235197967450e-01
1.730905583565281916e+02 1.315503153464957506e+02 3.331741873691439082e+01 -3.906684015447909246e+02 -4.482183560194873166e+02 -1.560085505168008240e+04 4.961149961149961471e-03 1.282051282051282050e-04 7.685463577288835779e+01 5.852753273650069393e-02
1.257533956058495619e+02 -9.983397194420342657e+01 3.907747823168589463e+01 -4.145525805989672108e+02 -4.642415787986104192e+02 -8.206470127453016175e+03 7.536907536907536901e-04 1.748251748251748250e-04 8.069595530826123309e+01 6.910300971522572722e-01
1.077965168696729563e+02 -8.852536786157243398e+01 1.922494604658519890e+01 -3.851649236326123855e+02 -4.035614110568691899e+02 -6.210972206001010818e+03 2.972027972027971917e-03 7.148407148407148401e-04 6.368981115586015562e+01 2.603628275512268053e-01
1.558961915461092929e+02 1.033912063014020219e+02 5.168056863002290413e+01 -4.325481798925431463e+02 -5.246070576595980128e+02 -1.285471506543224859e+04 4.739704739704740134e-03 1.165501165501165500e-04 7.933186620566955582e+01 8.674655984355582328e-02
1.743107369045439157e+02 1.509520069260783828e+02 2.064484626246079557e+01 -4.031923624187268160e+02 -4.161706117780530576e+02 -1.588630053513113489e+04 5.248640248640248744e-03 2.641802641802641800e-04 7.992534191361392004e+01 1.049644639146798814e-01
1.751215736439522175e+02 1.192253079583200304e+02 2.274278752581356500e+01 -4.704604251458015369e+02 -4.801561565301149699e+02 -1.593766865408274498e+04 5.477855477855477634e-03 7.303807303807303801e-04 7.247172630168256546e+01 2.436192579408238135e-01
1.504967890358526574e+02 1.655722608097294568e+01 4.212370375197070160e+01 -4.238736062071581614e+02 -4.635893757123025125e+02 -1.149656881487358442e+04 5.982905982905982901e-04 1.748251748251748250e-04 7.169927486402606576e+01 7.440192057891812372e-01
1.910494675158656719e+02 1.719981767898958083e+02 3.852178613111072991e+01 -3.944897985308522834e+02 -4.461696651827643336e+02 -1.842429656997980783e+04 4.766899766899766570e-03 1.476301476301476300e-04 8.271786996398914482e+01 3.413654000966355184e-01
1.676635636307351547e+02 1.126346356080004369e+02 4.560324755455092571e+01 -3.907054153548827458e+02 -4.494762097142748871e+02 -1.406226822541375623e+04 5.920745920745921174e-03 1.437451437451437450e-04 8.404869209160821697e+01 1.576234423357244785e-01
1.331457069152859560e+02 -8.377602081099279019e+01 3.254269384732005932e+01 -4.008137029515779659e+02 -4.191642423174137093e+02 -9.235859886637652380e+03 4.273504273504273934e-03 1.258741258741258740e-03 7.375920385543894042e+01 6.598414641840687211e-02
1.651908857707329616e+02 -8.288033342289703853e+01 4.807715215781909990e+01 -4.023255874836025328e+02 -5.020929275868953710e+02 -1.402845680772805463e+04 7.381507381507381501e-05 2.331002331002331000e-05 7.627227930348929874e+01 9.099469058878187910e-01
2.024976489239739976e+02 1.729624765795469159e+02 4.490887999831388555e+01 -3.988315053742451823e+02 -5.648996024965188099e+02 -2.103236281924510695e+04 7.412587412587413015e-03 6.604506604506604501e-05 8.420952791284922512e+01 1.103118714138639767e-01
1.217503605267536386e+02 2.364994118110286792e+01 4.856737540395458552e+01 -3.904956276306479026e+02 -4.563791948009959469e+02 -7.707771876049301682e+03 2.132867132867132757e-03 5.011655011655011651e-04 5.502317930466053753e+01 4.774183570483027661e-01
2.033385197805084772e+02 1.864525179846989715e+02 3.805466732798327456e+01 -4.029946694148575830e+02 -4.148621427984386401e+02 -2.080243001801531500e+04 1.888111888111888110e-03 4.273504273504273501e-04 7.975559811804338040e+01 5.908488195032841617e-01
1.593635400095268437e+02 1.467230133672345573e+02 2.538624752409836205e+01 -4.105015467191972789e+02 -4.393174355812588487e+02 -1.331007074852168080e+04 4.098679098679098784e-03 1.204351204351204350e-04 5.864204214560456307e+01 1.833380072782814785e-01
1.688885185941436760e+02 8.211628208050285593e+01 2.883901679411536989e+01 -3.843285416475977172e+02 -4.232688326090623718e+02 -1.451292039884802944e+04 4.646464646464646894e-03 2.136752136752136750e-04 6.992295276270995430e+01 2.412490824549592683e-01
1.051064805637839328e+02 -6.849734331705023749e+01 4.263982542615018900e+01 -3.995927429151889214e+02 -4.607180509798374715e+02 -5.968677017199232978e+03 2.735042735042735040e-03 7.109557109557109551e-04 5.487076950368726358e+01 2.044102305020506494e-01
1.650397385560544308e+02 8.697824346840285159e+01 2.654886031771189536e+01 -4.256365274138939867e+02 -4.398906928172931998e+02 -1.370651944282647855e+04 3.267288267288267177e-03 7.303807303807303801e-04 8.237788918586150544e+01 4.135296734748746261e-01
2.136492486799227493e+02 1.859039040195665393e+02 4.765527326999033875e+01 -4.230038840635390898e+02 -4.604764456895318858e+02 -2.320222538129648456e+04 2.214452214452214450e-04 5.439005439005439001e-05 6.003161703720499531e+01 8.759667448995824834e-01
1.852209545342162187e+02 1.655924843150082211e+02 3.999990463578982514e+01 -4.059178096267775686e+02 -5.399450808290114310e+02 -1.787470835195770633e+04 5.932400932400932504e-03 6.216006216006216001e-05 7.005190765665437880e+01 2.223502260820172105e-01
1.698591187671316334e+02 1.557830815798749882e+02 3.537131529218834203e+01 -4.192485539430263657e+02 -5.026024389912881816e+02 -1.511985003915892958e+04 5.753690753690753577e-03 7.770007770007770001e-05 6.169271552086235744e+01 1.718207140689091972e-01
1.410526136898945708e+02 -1.057265011232278624e+02 5.539498908971432201e+01 -3.964534665634568000e+02 -5.204805613897190142e+02 -1.046501158042928546e+04 5.905205905205905201e-04 1.243201243201243200e-04 8.914013597318381699e+01 7.136499667714885087e-01
1.246751501521518861e+02 -1.604643022163220678e+01 4.948153526440505345e+01 -4.166069907376632386e+02 -4.625657425861803063e+02 -8.048109977178561167e+03 2.952602952602952600e-03 1.013986013986014094e-03 7.248695255798769210e+01 7.578391119098319695e-02
1.237819990598361102e+02 -1.028081496815144646e+02 2.812367225768328183e+01 -4.338438683568521128e+02 -4.613379854741949657e+02 -7.970630258719037556e+03 3.717948717948717837e-03 1.006216006216006324e-03 6.597410085689567438e+01 1.833076683971785192e-01
1.483896713695893652e+02 -5.854041148557168839e+00 2.289402181795050240e+01 -4.178038982366474556e+02 -4.319684322735118940e+02 -1.164585281188509543e+04 2.556332556332556547e-03 5.672105672105672101e-04 7.399661689603760806e+01 3.718944133893509751e-01
1.723825920190017484e+02 2.126438603222791812e+01 2.473090379332937516e+01 -3.722016487205046928e+02 -3.909794073488752133e+02 -1.543189773616998355e+04 2.229992229992230207e-03 5.827505827505827501e-04 8.737076865313571261e+01 4.805549727575770813e-01
1.230196983421655545e+02 -6.507921860755675425e+01 4.678812975509635663e+01 -4.028557365163376289e+02 -4.658746825720298261e+02 -7.879389457003910138e+03 2.420357420357420464e-03 6.177156177156177151e-04 7.019079024208801343e+01 4.136508716880518688e-01
1.382108260002237046e+02 -6.305212881903244693e+01 3.257973497369791005e+01 -4.285898363366461581e+02 -4.542129903449134076e+02 -1.025444402705789253e+04 2.680652680652680650e-04 6.604506604506604501e-05 6.810710751353647652e+01 8.293003376089799206e-01
2.086861041112255464e+02 1.792741485231125012e+02 5.472873361276196391e+01 -4.080699528594200274e+02 -4.670812583476447344e+02 -2.221427862839226509e+04 2.719502719502719500e-04 6.993006993006993001e-05 6.741796234532628773e+01 8.695874183424694426e-01
1.425882580709585170e+02 -9.855439200061722715e+01 2.230235385096167633e+01 -4.343084482505375377e+02 -4.512787822177067483e+02 -1.074714528575459008e+04 5.439005439005439001e-04 1.282051282051282050e-04 7.516589519645526707e+01 7.741436131703058887e-01
1.520405535031322302e+02 9.961923543656475033e+01 1.705167770989745435e+01 -4.072581028228331093e+02 -4.258767615092123719e+02 -1.191616592515186858e+04 6.293706293706294135e-03 2.486402486402486400e-04 7.531166835575841390e+01 8.435158832085686009e-02
1.235919936244330586e+02 3.397321929366345472e+01 2.431416344555714559e+01 -3.931460853547299052e+02 -4.021863951466797857e+02 -8.062020428207059012e+03 3.492618492618492724e-03 1.076146076146076254e-03 5.648973796720080287e+01 2.046658032684009754e-01
1.169225883616072394e+02 -1.025909690523661624e+02 1.762812707622715536e+01 -3.611427134828431349e+02 -3.750808082433026698e+02 -7.325171297393104396e+03 2.439782439782439780e-03 1.157731157731157730e-03 6.191828357931835569e+01 7.225118193284951751e-02
1.170526666874121275e+02 -9.266277759323232033e+01 3.786251831047383121e+01 -4.190565113803722284e+02 -4.754831919050658939e+02 -7.532773771397143719e+03 2.533022533022533020e-03 5.244755244755244751e-04 6.213674459604311551e+01 3.451769188340392258e-01
1.178028624883829707e+02 -5.407626667992005309e+01 1.289594351801006589e+01 -3.793319386676908493e+02 -3.860228978684253889e+02 -7.374645193651453155e+03 1.884226884226884334e-03 4.856254856254856251e-04 5.005379001171625220e+01 5.191544460348761492e-01
1.406333396779255054e+02 -1.117119995930284233e+02 2.935259875181720446e+01 -3.913341182796780231e+02 -4.162404408931835178e+02 -1.019815264993374512e+04 2.727272727272727487e-03 1.274281274281274280e-03 8.175500627380802143e+01 7.887225844811482367e-02
1.842357467412198275e+02 1.684533359205239265e+02 3.604885390126355560e+01 -4.126468191953668452e+02 -4.448239497367831632e+02 -1.739832611424402785e+04 3.065268065268065157e-03 5.944055944055944051e-04 8.675915956038974741e+01 4.928718615945223980e-01
1.576249461716680571e+02 7.363061277373179792e+01 2.841743139894532533e+01 -4.333191416796253179e+02 -4.490936725773177045e+02 -1.265256386485474650e+04 1.682206682206682314e-03 4.156954156954156951e-04 8.145626071795645373e+01 5.944987404012179733e-01
2.048314713938241880e+02 1.420676210107147881e+02 4.823769033415904062e+01 -4.066413279002098307e+02 -4.830062056963043915e+02 -2.128737077744369526e+04 1.592851592851592850e-04 3.496503496503496500e-05 5.772527126583162982e+01 8.878691680158473654e-01
1.397082192856846348e+02 -7.879599100422264257e+01 4.646524475900863393e+01 -4.350553320496273955e+02 -5.262188074563503051e+02 -1.007908233053304502e+04 2.505827505827505717e-03 5.205905205905205901e-04 7.726904697477885975e+01 3.622270720493211971e-01
1.600667010803418009e+02 8.733753926529432476e+01 1.631957417128312215e+01 -4.268708921544953796e+02 -4.347634353232247122e+02 -1.329130772792512289e+04 5.446775446775446554e-03 9.479409479409479401e-04 7.844179224289777608e+01 1.314669600791303905e-01
1.752464016542826926e+02 1.538205435447795537e+02 2.738011573878611671e+01 -4.422761408270942525e+02 -4.551466581443226573e+02 -1.582655805567005700e+04 2.602952602952603167e-03 5.827505827505827501e-04 7.839291861971310027e+01 4.788497546301478391e-01
1.526096156044416148e+02 1.255736165229939019e+02 2.140812731789776180e+01 -3.914898745180601622e+02 -4.145964635987096472e+02 -1.207750168099576149e+04 4.677544677544677974e-03 1.631701631701631700e-04 8.113573196823153921e+01 1.572323692017948693e-01
1.337488833586697581e+02 -1.462397054770810279e+01 2.112938805763079841e+01 -4.090095779477564406e+02 -4.203895632223073449e+02 -9.363931949926492962e+03 3.434343434343434340e-03 1.223776223776223884e-03 6.482268729646037286e+01 3.499010455802487735e-02
1.142081117291501045e+02 -6.081783911326997583e+01 1.973667005136297803e+01 -3.967957500295195814e+02 -4.075735747484875446e+02 -6.791407153450966689e+03 2.579642579642579640e-03 6.371406371406371401e-04 5.520491786624192088e+01 3.512453047723205768e-01
1.471554876423710994e+02 -1.194048563640999703e+02 2.729183237881697721e+01 -4.276928906776325334e+02 -4.577267899394005326e+02 -1.106349776227322582e+04 7.770007770007770001e-05 2.331002331002331000e-05 5.966463647919795221e+01 9.104898566414959538e-01
1.941136590084352065e+02 1.539258860872382115e+02 5.063473544132067161e+01 -3.753141504385085909e+02 -5.638558220760863833e+02 -1.907091378015106602e+04 3.811188811188811077e-03 6.216006216006216001e-05 7.932958752788201195e+01 9.017402815176181474e-02
1.311799555241859991e+02 -1.030262910764061601e+01 2.976267168891124015e+01 -4.090988746890787979e+02 -4.422151389661398184e+02 -8.978137985916722755e+03 2.770007770007769897e-03 8.313908313908313901e-04 7.471471041173381877e+01 3.774553783833948795e-01
1.817558768529871145e+02 6.133466256801104066e+01 4.610263505825436425e+01 -3.924950098371021454e+02 -4.658124132455216113e+02 -1.709049954645426624e+04 3.302253302253302250e-04 1.087801087801087800e-04 7.362096831828355903e+01 8.194032497466041676e-01
2.025813741739542024e+02 7.790867610772397711e+01 4.223501080915648487e+01 -4.216833521088274779e+02 -4.770909746460965266e+02 -2.048556852993526991e+04 6.099456099456099451e-04 1.864801864801864800e-04 8.753107038022130837e+01 7.490998302707270184e-01
1.439541961434195514e+02 1.156181421972727748e+02 2.458291725936202710e+01 -4.083148568095363089e+02 -4.223725478810057439e+02 -1.095624319588424260e+04 1.433566433566433674e-03 2.913752913752913750e-04 5.454322902113985094e+01 6.407118363992846399e-01
1.341744122155963055e+02 -1.014219029123566287e+02 4.465101285620635707e+01 -3.924971395018220051e+02 -4.595248003313263894e+02 -9.397891465694356157e+03 1.860916860916861024e-03 4.312354312354312351e-04 8.509134382388722884e+01 4.740365921122032811e-01
1.209058087404496575e+02 -4.251972447710834757e+01 3.093651775494328859e+01 -4.260253949267024041e+02 -4.628769840434886191e+02 -7.666417239393498676e+03 3.585858585858585964e-03 7.498057498057498051e-04 6.283552844854406771e+01 2.960864303464953440e-01
1.417864643546629964e+02 1.479925785848720032e+00 5.886416640151694679e+01 -4.123112468254751661e+02 -5.077561977119384551e+02 -1.043353262341370100e+04 5.186480186480186584e-03 1.146076146076146184e-03 8.759630854052059590e+01 8.404607924193503721e-02
9.666850234421998778e+01 -6.222999328220009829e+01 5.040377725254614205e+01 -3.888940643864815456e+02 -5.026668277706201593e+02 -5.187389251956421504e+03 1.181041181041181040e-03 2.797202797202797200e-04 5.242392232630788840e+01 5.382340091933972559e-01
1.911447456712888595e+02 5.972848627043474323e+01 3.910516887599406033e+01 -4.132195639125845332e+02 -4.486318204454319130e+02 -1.868382318344326268e+04 1.130536130536130644e-03 2.602952602952602950e-04 8.770451549703574301e+01 6.685701613045482716e-01
1.844486995874797230e+02 9.866575353416689609e+01 1.963042086911602269e+01 -4.067981469547355573e+02 -4.181970431097508367e+02 -1.731871048388130657e+04 1.903651903651903650e-03 4.195804195804195801e-04 8.546606654764195810e+01 5.366564687893695673e-01
1.662243992809566748e+02 -2.718054664216077398e+01 5.161639673941230910e+01 -4.105762075629494348e+02 -5.208725415184445637e+02 -1.446940178274093159e+04 3.108003108003108000e-05 7.770007770007770001e-06 5.072943938843074818e+01 9.421318131780089811e-01
1.722356761334115447e+02 9.586223183380741375e+01 3.444678986372090179e+01 -4.060491233768212851e+02 -4.346245904043926771e+02 -1.515730628929872728e+04 1.880341880341880340e-03 4.195804195804195801e-04 8.275914993538745534e+01 5.469315182797863661e-01
1.469941783229434691e+02 -1.002428527310170523e+02 2.525339445127029592e+01 -4.076876511914146022e+02 -4.160364296736386791e+02 -1.104022529423925880e+04 1.709401709401709400e-04 4.273504273504273501e-05 7.633454628087736182e+01 8.804352160902025881e-01
1.164971603095821422e+02 -5.404154052743147929e+01 5.203497298578498231e+01 -3.855574366709775518e+02 -4.585352611044629612e+02 -7.187304413020561697e+03 2.851592851592851807e-03 9.712509712509712501e-04 6.857368797526257254e+01 5.438838730763825152e-02
1.722759242111685580e+02 5.260680023271624606e+01 6.515635612811671251e+01 -4.390566537521884811e+02 -5.523099563325556574e+02 -1.518363884600700112e+04 7.031857031857031851e-04 1.748251748251748250e-04 8.369407080956379730e+01 7.182292610094684893e-01
1.480392231491000530e+02 7.831925236521719569e+01 4.343315164756406688e+01 -3.987901646757618437e+02 -4.365218993662679168e+02 -1.113434600588598369e+04 2.404817404817404924e-03 5.439005439005439001e-04 6.280374983113911469e+01 4.860138117422907467e-01
1.426198960352286349e+02 3.370250656629862362e+01 4.133104103456702205e+01 -4.431455751976944839e+02 -4.840078525826540954e+02 -1.083528224091401898e+04 2.983682983682983680e-03 6.682206682206682201e-04 8.131543119248831886e+01 3.763898054993279896e-01
1.171137758222341603e+02 -6.042444019968468183e+01 2.136560232692631800e+01 -3.876091823093041171e+02 -4.007760322848702117e+02 -7.213276655886474146e+03 3.325563325563325560e-03 7.381507381507381501e-04 6.539192574176706785e+01 2.846728722246082421e-01
1.189022825928618801e+02 -6.576541733897201425e+01 2.761685633660031058e+01 -4.043616359609738424e+02 -4.202264217514677398e+02 -7.440351279436906225e+03 2.684537684537684644e-03 1.386946386946387054e-03 5.664637189056923461e+01 7.890375500839286529e-03
1.824152297074499245e+02 -3.781391848283721657e+01 6.038690731355680441e+01 -3.944770302784460796e+02 -5.307970726758088631e+02 -1.658752651929147396e+04 8.158508158508158501e-05 2.331002331002331000e-05 7.220253851855053995e+01 9.034208580382439013e-01
1.220057620705400012e+02 -2.973612655018702711e+01 5.176920003184204688e+01 -3.650651429161585497e+02 -4.432787583853494766e+02 -7.748438398037093975e+03 2.117327117327117217e-03 6.177156177156177151e-04 8.581756812903103082e+01 4.377443263086879810e-01
1.471693901629978996e+02 1.147857024949990112e+01 2.217524738196401657e+01 -3.835437504661146022e+02 -3.981046026395990793e+02 -1.126689597842237890e+04 4.114219114219113890e-03 9.168609168609168601e-04 7.106147922408015916e+01 1.973645642356972041e-01
1.055508595388833584e+02 -8.203958515307046184e+01 4.109570906092461939e+01 -4.395140354459488208e+02 -4.834994443533345816e+02 -6.109405248660335019e+03 9.090909090909090901e-04 2.097902097902097900e-04 5.381013717272655583e+01 6.050070678250401013e-01
1.312863138520801272e+02 -1.089163591164596880e+02 1.468011199295172453e+01 -4.347104454131635407e+02 -4.406368271705505322e+02 -8.964294237889769647e+03 3.951048951048950937e-03 8.741258741258741251e-04 5.450706288486399131e+01 2.663115645267823406e-01
1.236247921369622134e+02 -7.011371246418802627e+01 1.698906441615237384e+01 -4.171404870333391273e+02 -4.279453745090621055e+02 -7.993934255432025566e+03 3.512043512043512040e-03 8.780108780108780101e-04 5.025536566083102485e+01 2.774556455817188128e-01
1.680108373377811972e+02 1.128412284656976396e+02 3.473050360363385636e+01 -4.064817250091652454e+02 -4.234922458764150974e+02 -1.446356731180722272e+04 4.425019425019424690e-03 2.913752913752913750e-04 8.768998204790210593e+01 2.912792502802476480e-01
1.215764817953916861e+02 -4.525022557484767560e+01 2.365682500807011479e+01 -4.081732080364553212e+02 -4.236523686247808200e+02 -7.810857172335176074e+03 2.105672105672105887e-03 4.700854700854700851e-04 6.862039838738624553e+01 4.551566465368055980e-01
1.503201602074927621e+02 1.117672638491644221e+02 3.671267580208703407e+01 -4.087390076984285656e+02 -4.625281178741166741e+02 -1.160625212060040940e+04 2.816627816627816517e-03 8.547008547008547001e-05 5.741172633646846180e+01 1.878939320564039506e-01
2.212655923637956903e+02 2.034720289790262200e+02 5.363249257571500550e+01 -3.861552117183477435e+02 -4.277446171607235215e+02 -2.488317782344865918e+04 1.344211344211344210e-03 2.991452991452991450e-04 7.246600910730172984e+01 6.539741482443764964e-01
1.304813793666001800e+02 -7.562409337705564560e+00 5.786583852602960576e+01 -3.755822275567342103e+02 -4.857905526988463407e+02 -8.801968714972386806e+03 1.825951825951825950e-03 6.332556332556332551e-04 8.378979588451903737e+01 4.691873587424960079e-01
2.043716924957738570e+02 1.546560422228764651e+02 2.420443802850714121e+01 -3.922183679239853973e+02 -4.197334499690613825e+02 -2.107726225959371368e+04 2.797202797202797200e-04 6.604506604506604501e-05 7.856691329787122413e+01 8.522862353133586755e-01
1.673480722078327290e+02 -3.939335837099527993e+01 1.757804630381060562e+01 -4.508530228257760086e+02 -4.600236369763727566e+02 -1.432906930678157005e+04 4.261849261849261737e-03 1.107226107226107334e-03 8.715374301947448998e+01 1.312430460186818082e-01
1.616345379090587926e+02 -1.568537827722429689e+01 5.468746845971946158e+01 -4.314163657855043539e+02 -5.150625323041666661e+02 -1.334735071699854234e+04 1.981351981351981350e-04 6.604506604506604501e-05 7.239214375401319046e+01 8.576108648967464276e-01
1.824538940071652178e+02 1.520653382747492515e+02 3.089233035601241184e+01 -4.200118453076032665e+02 -4.568026338203192154e+02 -1.684127855059843569e+04 5.687645687645687641e-03 1.476301476301476300e-04 8.315472161729755385e+01 7.381158292992091863e-02
1.429284084946828841e+02 -3.978317196869173955e+01 3.061011577984638166e+01 -3.940168699689747882e+02 -4.388292335019507959e+02 -1.080487971261848179e+04 3.768453768453768667e-03 7.886557886557886551e-04 6.813044557025003201e+01 2.315133139008755114e-01
1.623273867545286180e+02 -7.481214418295830626e+01 2.423306747259994509e+01 -3.923073471161494012e+02 -4.294121406249475399e+02 -1.339505223327952081e+04 1.227661227661227660e-03 2.797202797202797200e-04 8.503798130352143403e+01 6.239107839821469437e-01
1.325386798894485025e+02 -9.623052711399049031e+01 2.586744000499257012e+01 -3.875452061866591293e+02 -3.994212612312664987e+02 -8.994819186861908747e+03 1.965811965811966027e-03 4.856254856254856251e-04 6.831143017768650338e+01 4.646812912242653248e-01
1.516009136566467248e+02 -3.189872329953151109e+01 2.385290864066898209e+01 -4.370677911710818080e+02 -4.558324103968256509e+02 -1.216067263625134365e+04 2.991452991452991450e-04 7.770007770007770001e-05 7.001680359071612259e+01 8.275181766938727312e-01
1.401216183459796980e+02 1.268966865979936358e+02 1.465220240424095977e+01 -3.888345781403284604e+02 -3.930329498850434788e+02 -1.028172332178801298e+04 2.214452214452214667e-03 4.312354312354312351e-04 6.347065258779515773e+01 5.919823537485873199e-01
1.226395335964153617e+02 -8.657041053708204004e+01 3.062537558565452400e+01 -4.024447304859302790e+02 -4.395865840676840435e+02 -7.993033461476586126e+03 2.451437451437451544e-03 5.244755244755244751e-04 6.346975543722648183e+01 4.237076247216077785e-01
1.744218938903185858e+02 -2.272405842883597060e+01 2.936361504390560029e+01 -3.781462878211247016e+02 -4.211932042534751304e+02 -1.582482167144459163e+04 4.933954933954933951e-04 1.165501165501165500e-04 8.227499235091406149e+01 7.506197142561610303e-01
1.182848878633281231e+02 -2.149690866351088658e+01 4.345379616741910667e+01 -4.200311226012550492e+02 -4.719443968471903190e+02 -7.260966471538303267e+03 3.465423465423465420e-03 7.575757575757575751e-04 6.838647872109484638e+01 2.898313799355223264e-01
1.067879366165904145e+02 -7.630532479549665936e+01 2.484678591532660263e+01 -4.263285210059523820e+02 -4.664922870237692223e+02 -6.267509717026346152e+03 3.271173271173271387e-03 8.236208236208236201e-04 5.914383074794523765e+01 2.723459895637294070e-01
1.672923580488171069e+02 -1.161685148161661232e+02 3.981144956013887537e+01 -3.972525546853722744e+02 -4.489751644664233368e+02 -1.436794614728497072e+04 6.993006993006993001e-05 2.331002331002331000e-05 7.302640355442738951e+01 9.144619849263566635e-01
2.689722560103247133e+02 2.379156917782269431e+02 4.350913455192774393e+01 -4.146219424401867286e+02 -4.633139761317718808e+02 -3.661871738730936340e+04 5.439005439005439001e-05 1.165501165501165500e-05 8.895841496270247717e+01 9.393143983799868701e-01
1.380815247181089944e+02 2.156666892358011367e+01 2.485279546360962399e+01 -3.889742878113691518e+02 -4.030782404322291654e+02 -9.885497930271330915e+03 3.997668997668997991e-03 8.624708624708624701e-04 8.168470361027767979e+01 3.005867158972211906e-01
2.161231027504202586e+02 1.947008305475412726e+02 5.279426472200846376e+01 -3.919574906156456109e+02 -4.576240791307481004e+02 -2.317698768219208068e+04 1.320901320901320900e-04 2.719502719502719500e-05 6.148084869004105713e+01 9.192219085553366975e-01
1.783600169191328746e+02 6.496205239585627567e+01 1.532559182710492607e+01 -3.956970414417594384e+02 -4.045375691295716933e+02 -1.624620073812644841e+04 2.463092463092463307e-03 6.371406371406371401e-04 8.563709948724599030e+01 4.548790755810331876e-01
1.262491072329889619e+02 3.019667808885863280e+01 4.544002744695931284e+01 -3.558287368832162088e+02 -4.132231696182973906e+02 -8.248593170363617901e+03 2.505827505827505717e-03 8.003108003108003101e-04 5.589142658553107168e+01 3.838025514805030736e-01
1.222832337344693627e+02 1.080144056392945373e+02 1.044114997865083083e+01 -4.424488302996034008e+02 -4.496655818606461708e+02 -7.964244794441749036e+03 4.588189588189588511e-03 3.690753690753690750e-04 5.792344127770897444e+01 1.472286997150226429e-01
2.046785440020425995e+02 1.106357502043872785e+02 5.726027530360942563e+01 -4.054789440409454642e+02 -5.046446689276460802e+02 -2.138838929935431224e+04 2.292152292152292150e-04 7.381507381507381501e-05 8.271561408612514299e+01 8.548007838227679178e-01
2.214391914272547126e+02 5.633159433456608411e+01 3.341300295477059734e+01 -4.401638446873549810e+02 -4.621014102804783761e+02 -2.520543932449232670e+04 3.885003885003885001e-05 1.165501165501165500e-05 7.323275269183048408e+01 9.403860068631911817e-01
1.412436935366247610e+02 -3.440892562054822523e+00 4.187429529647689463e+01 -3.981254147289569119e+02 -4.257874710581620548e+02 -1.047362908365843032e+04 1.662781662781662780e-03 3.768453768453768450e-04 7.355488118651803120e+01 4.988311314159736831e-01
1.636289726810763625e+02 1.436970613688305320e+02 1.728898686870494217e+01 -4.069289893651212537e+02 -4.146952867947680943e+02 -1.387866341601205750e+04 5.163170163170163057e-03 4.623154623154623151e-04 6.485981676519215000e+01 2.075423244315552640e-01
2.045108409775702114e+02 1.758383129221971330e+02 4.221747199915782289e+01 -4.428089862598627064e+02 -4.811109764345171698e+02 -2.098608727455657208e+04 7.226107226107226101e-04 1.631701631701631700e-04 7.227436199835145203e+01 7.622255466234924004e-01
9.919333738293093461e+01 -7.026832741730814291e+01 3.834625776452926260e+01 -4.003797977940883470e+02 -4.725723763414023324e+02 -5.154780492987935759e+03 3.069153069153069367e-03 6.954156954156954151e-04 6.067718594403050503e+01 3.118719261732305625e-01
1.583995959579073940e+02 1.301446480764348905e+02 2.240267373036851950e+01 -4.174742310002808381e+02 -4.888707179440546611e+02 -1.294059358282411995e+04 5.878010878010877897e-03 8.547008547008547001e-05 5.336168134749160430e+01 1.484352353870966312e-01
1.853474496634411253e+02 1.339373232797735227e+02 2.716511688722857087e+01 -4.048834069737363279e+02 -4.224737248599324175e+02 -1.743758703827732461e+04 3.135198135198135304e-03 7.459207459207459201e-04 7.083648734568031102e+01 3.891889827216761244e-01
1.780925330742104222e+02 6.836389217369857363e+01 5.690811426038520437e+01 -3.738279080106826200e+02 -4.592864157213023191e+02 -1.643732940247774968e+04 3.457653457653457650e-04 8.547008547008547001e-05 8.024200694869995232e+01 8.271531244356337131e-01
1.749241626716187739e+02 6.159229279928796075e+01 2.491868203349474697e+01 -3.921028627822520320e+02 -4.126677142004343750e+02 -1.549963521005377152e+04 3.302253302253302250e-04 7.770007770007770001e-05 6.170671460941564135e+01 8.246488967910371448e-01
2.070004737165627375e+02 8.270809931271944038e+01 5.503647055138564070e+01 -4.379140854005846109e+02 -5.300307347539535385e+02 -2.190040581262153864e+04 7.381507381507381501e-05 1.942501942501942500e-05 7.521610607568439377e+01 9.324997462875561638e-01
1.569578945513889039e+02 1.300882939623585912e+02 1.550824602867841762e+01 -4.017812606269806111e+02 -4.089903580965039964e+02 -1.235133973989088190e+04 3.648018648018648124e-03 7.886557886557886551e-04 5.504883080257168615e+01 3.469896954510012232e-01
2.174946804702200325e+02 1.113487238877278145e+02 8.031636179339886894e+01 -4.362575700233791167e+02 -5.703548661997810996e+02 -2.447599226905113755e+04 3.885003885003885001e-05 1.554001554001554000e-05 6.510946202495374280e+01 9.446005335464711106e-01
1.294439701150012922e+02 -6.355351080779058748e+01 1.673981095956426657e+01 -3.666980190034710745e+02 -3.777358917924773323e+02 -8.673938961745463530e+03 2.245532245532245747e-03 5.594405594405594401e-04 7.647194915227721879e+01 4.195771294478299329e-01
1.513827204809246325e+02 3.049386886717107714e+01 4.838156800062162688e+01 -4.060496637497777783e+02 -4.659912409994796008e+02 -1.184194062353265690e+04 1.903651903651903650e-04 4.662004662004662001e-05 5.488904707861066612e+01 8.689266582368608827e-01
1.130732075553912068e+02 -6.985766247677483420e+01 1.663172730061367943e+01 -4.220772719132811517e+02 -4.453922776408468849e+02 -6.858685863820322993e+03 3.325563325563325560e-03 7.498057498057498051e-04 5.957230634144099923e+01 3.356417173752301308e-01
1.129369072547029020e+02 -4.756145187211122760e+01 3.610700611552782391e+01 -3.461604879368360912e+02 -3.995654629358594434e+02 -6.732201902128910660e+03 2.327117327117327224e-03 6.682206682206682201e-04 7.957366445128099031e+01 4.366378088896725740e-01
1.407571678060508020e+02 -7.661788770577392427e+01 2.712594232135258210e+01 -3.960568750220435845e+02 -4.187328848064861972e+02 -1.024567745473776085e+04 9.129759129759129751e-04 2.136752136752136750e-04 8.580796056876984323e+01 6.717047632500773302e-01
1.679261398674127577e+02 1.250052136455188645e+02 1.944769744925915944e+01 -4.257048535928866499e+02 -4.459197425235531114e+02 -1.452376137630055564e+04 6.410256410256410034e-03 1.942501942501942500e-04 6.838295490631742268e+01 5.421793830668433095e-02
1.164110817961497588e+02 -8.860009394246125680e+01 2.925360303941161533e+01 -3.906859703739416432e+02 -4.271221083543597956e+02 -7.169972462568580340e+03 1.728826728826728934e-03 4.506604506604506601e-04 7.172959811939642805e+01 4.538559550025032530e-01
1.961044801033668250e+02 1.752932626158585379e+02 3.686780635347397350e+01 -4.164404176324576952e+02 -4.471195640785666683e+02 -1.958709003024662525e+04 1.033411033411033410e-03 2.175602175602175600e-04 8.569217729742825895e+01 7.186697423907646431e-01
1.530157616208880427e+02 4.744779506580982797e+01 1.926351618058350468e+01 -4.102719748043983827e+02 -4.204503542499958257e+02 -1.193477419848767931e+04 1.107226107226107334e-03 2.564102564102564100e-04 5.490437875433086390e+01 6.331630765414330009e-01
1.594717333661846794e+02 1.424683033650709945e+02 2.037296225620598733e+01 -4.132491079362347932e+02 -4.285715722557486629e+02 -1.316243605949374614e+04 6.041181041181040851e-03 4.390054390054390051e-04 5.932945880861433352e+01 2.564273189704162625e-01
1.494764530175380628e+02 -1.257986047901851023e+01 2.617185429913092065e+01 -4.207047587742630981e+02 -4.329633646776580918e+02 -1.174332604864173481e+04 4.335664335664336094e-03 1.091686091686091794e-03 8.760740698653259528e+01 2.268064128850895700e-01
1.387269331047826313e+02 -1.113155537337572127e+02 3.670078167837103678e+01 -4.174049180005180233e+02 -4.662197858516182123e+02 -1.003612991547172714e+04 6.565656565656565651e-04 1.515151515151515150e-04 7.895970393032743573e+01 7.185398812266333701e-01
1.297272616532741836e+02 1.149657082132022481e+02 1.877560037190006170e+01 -3.990659225574454467e+02 -4.265001842479691163e+02 -8.574387960616715645e+03 7.039627039627040055e-03 1.864801864801864800e-04 5.974555940440534840e+01 1.626454722702994349e-01
1.543709017407048805e+02 -5.266858856817003698e+01 2.822010794868911532e+01 -4.077498885992057467e+02 -4.374469106402630700e+02 -1.211673472179014789e+04 1.709401709401709400e-04 4.662004662004662001e-05 7.233640804243773914e+01 8.733489315806244324e-01
1.364770357426256169e+02 -1.107709382616447868e+02 3.799144904767879183e+01 -4.229709530619675206e+02 -4.513932071592676607e+02 -9.780154278818516104e+03 4.778554778554778551e-04 1.204351204351204350e-04 7.475842835057058267e+01 7.486585434585902865e-01
1.267962961764064715e+02 3.239592150629124756e+00 3.449567023307494651e+01 -4.119556248107537044e+02 -4.265522085891055895e+02 -8.501413895586798390e+03 2.801087801087800977e-03 5.827505827505827501e-04 6.327415723553267668e+01 4.404395856814741772e-01
1.207730873086914158e+02 -4.223798500495720987e+01 3.341295194678741609e+01 -3.940151317413663605e+02 -4.418619211916940799e+02 -7.729470059915464844e+03 9.052059052059052051e-04 2.136752136752136750e-04 5.780180891435702506e+01 6.180012900651388197e-01
1.964663262172038571e+02 1.000641557025429620e+02 4.469134489145109512e+01 -4.014785122947976674e+02 -4.527883340871917426e+02 -1.949296846004747567e+04 1.010101010101010100e-04 3.108003108003108000e-05 6.233968613997480901e+01 9.070331384233463190e-01
1.223156987927126096e+02 8.368199494331832966e+00 4.470263265042173373e+01 -4.505819260604590681e+02 -5.049654750503148648e+02 -7.836821562269849892e+03 8.275058275058275051e-04 2.020202020202020200e-04 5.084125688276638044e+01 7.181686826161153281e-01
1.113322342587813978e+02 -8.559360763480573553e+01 2.441163371809867755e+01 -4.481778350481757798e+02 -4.585165366320409248e+02 -6.679103392941357924e+03 3.651903651903651900e-03 1.169386169386169494e-03 6.439368621444143059e+01 1.173982112581976461e-01
1.673750714591360236e+02 1.159454346219566929e+02 3.963036133975955266e+01 -3.860330493767967255e+02 -4.411345504907620807e+02 -1.437250727972134518e+04 8.469308469308469301e-04 1.787101787101787100e-04 6.753882031282243759e+01 7.458568262483936673e-01
