# format=SNRtot_MF, SNR220, SNR440, evidence_inj, evidence_filt, nofilter,                 occams_inj,occams_filt, mass_in_solar, chi_inject]
9.575894070122372170e+01 9.259933345470319921e+01 3.833386522116857265e+00 5.903780777592930740e+00 4.035603186297584521e+00 -4.572428975536096004e+03 4.425019425019424690e-03 9.129759129759129751e-04 8.602428544000828481e+01 6.748683747547911116e-01
1.517224351293793916e+01 1.432114440211048034e+01 1.373533782840606454e+00 9.186913743146808642e+00 7.677342105851320930e+00 -1.026401000337995413e+02 8.878010878010877960e-02 2.917249417249417193e-02 8.665910283617064636e+01 7.309259838076453963e-01
1.884490374225078142e+02 1.886672528293782989e+02 1.720454008590796491e+01 5.210462977154326047e+00 -4.539357356967228085e+00 -1.774406146616072874e+04 1.926961926961926960e-03 3.885003885003885001e-04 8.186194148731006237e+01 1.546302413594075054e-02
1.999954259820151208e+02 1.890142820244238351e+02 1.642131531601359740e+01 5.659579690305523769e+00 -3.008025629559218039e+00 -1.998662682028970085e+04 3.430458430458430564e-03 8.313908313908313901e-04 8.355367744145220854e+01 2.335150887072150183e-01
2.086112070214065000e+02 2.083577107066769827e+02 1.642430348089874315e+01 4.222871546853681046e+00 -6.158548416231043987e+00 -2.174685946088991841e+04 8.003108003108003101e-04 1.825951825951825950e-04 7.550084932318807773e+01 6.028382324773704504e-01
1.872169016972894440e+02 2.072418557918430508e+02 2.565541830923230648e+01 4.823705810856451670e+00 -1.590139680960716539e+01 -1.751262575399212437e+04 1.460761460761460760e-03 3.263403263403263400e-04 8.982479647006539381e+01 4.875323323530366126e-01
6.523982288536785745e+01 6.984304292835801675e+01 5.541954760225768162e+00 6.938338990107989268e+00 4.802456097377646671e+00 -2.115658858482939195e+03 1.221445221445221531e-02 2.777777777777777884e-03 8.518206706507919534e+01 4.197224937809874157e-01
1.526216145662206536e+01 1.447241330813233695e+01 1.839395277054603151e+00 1.011151085048973286e+01 8.107886154847189886e+00 -1.040083995898559124e+02 1.757226107226107226e-01 3.620046620046619978e-02 7.541242270734974795e+01 7.344845110024883494e-02
3.205492330930770795e+00 3.255339726989150861e+00 1.410991841977449202e-01 1.165418122356532038e+01 1.097404887751562086e+01 7.320796032316170709e+00 6.248873348873348332e-01 5.059362859362859233e-01 7.459327312175066993e+01 2.606981187747449691e-01
1.483093119704383582e+02 1.387786703193749815e+02 1.151127116205913659e+01 4.352139504000066772e+00 -7.988090140233747860e-01 -1.098536762199826262e+04 1.099456099456099564e-03 2.408702408702408700e-04 6.424664527808479875e+01 7.069304205058019042e-01
7.689300189116579531e+01 7.518220144001929839e+01 4.218987603461979319e+00 7.161116289375205390e+00 5.231140658306386193e+00 -2.943808483343268563e+03 1.398989898989898978e-02 3.197358197358197464e-03 7.680771420323061704e+01 2.449481301590659410e-01
1.094198473284247797e+01 1.123370124133214532e+01 3.866005177219694056e-01 1.039613669632835524e+01 9.132641111318489990e+00 -4.740512837273477231e+01 2.185819735819735932e-01 7.651515151515150825e-02 6.696304262534613372e+01 1.416623164559091264e-01
1.584069727754211669e+02 1.479744142448163871e+02 1.264540774831200487e+01 4.884565873020696891e+00 -3.536487539065515939e-01 -1.253392612536236629e+04 1.713286713286713394e-03 3.729603729603729600e-04 7.460736652841089267e+01 6.352844367508952983e-01
1.976682157765657877e+01 1.970618220380018215e+01 1.014192837557882143e+00 9.489669238605941359e+00 8.081009997160037983e+00 -1.829052310673107229e+02 1.106410256410256393e-01 3.086635586635586709e-02 8.848610752252298539e+01 3.511565592863049590e-01
1.641691973186195526e+02 1.731048517365919963e+02 1.514958223372596358e+01 4.321551541139410091e+00 -5.651494624855056159e+00 -1.346330428754577588e+04 9.013209013209013201e-04 2.175602175602175600e-04 5.918714299810635993e+01 5.239462136166415096e-01
1.789578251251728318e+02 1.892168910634542272e+02 1.233014253577333008e+01 3.181496124764365163e+00 -3.615297838043692202e+00 -1.600049320019182414e+04 2.952602952602952600e-04 7.381507381507381501e-05 7.751576066965112943e+01 8.001205376240114742e-01
1.219760919962138388e+02 1.304336449017227437e+02 1.177119025104276240e+01 6.290621501612899458e+00 8.409894304154779121e-01 -7.426625122760266095e+03 5.357420357420357090e-03 1.573426573426573534e-03 7.055592443247368806e+01 1.051614149518698971e-01
2.866916409227366813e+01 2.776736194840155392e+01 1.136601110603645548e+00 9.253089526351809369e+00 7.700980751306173211e+00 -3.985020983007127029e+02 9.405982905982905595e-02 2.088189588189588025e-02 7.879953500676168687e+01 3.061737510835505494e-01
3.038886329362075500e+01 3.273964646664530420e+01 2.808137270352256465e+00 8.524221393831211913e+00 6.947176751559157815e+00 -4.492831195650412042e+02 5.245143745143745345e-02 1.489898989898989952e-02 5.679687803900826282e+01 2.777070444355282386e-01
1.211029676760724669e+02 1.228288694318983119e+02 7.137685400782074474e+00 5.866157997446391548e+00 2.684446328122800374e+00 -7.320506003401781527e+03 5.077700077700077370e-03 1.103341103341103340e-03 5.027527558351421533e+01 1.983355322270491383e-01
3.308721398061216945e+01 3.359642079364704159e+01 2.864248697567660873e+00 8.519984562556906837e+00 6.878011790598810293e+00 -5.349234779252644785e+02 6.691142191142190887e-02 1.264180264180264114e-02 8.649497411736845720e+01 5.196613072773913948e-04
1.690852839809864747e+02 1.756269928953867634e+02 1.431380862251291042e+01 4.444074461527375952e+00 -3.178077005760764351e+00 -1.428245824289127449e+04 1.013986013986014094e-03 2.447552447552447550e-04 7.484266266534942247e+01 5.726554385183814100e-01
5.842881772144200170e+01 6.264203365216839359e+01 5.080158921351002554e+00 6.721305701139702826e+00 4.241059203247604437e+00 -1.694504983588603409e+03 1.012432012432012453e-02 2.206682206682206680e-03 7.337158969295397526e+01 5.141528548564937573e-01
6.970144294413171338e+01 7.470492743017119608e+01 9.053316622571891514e+00 6.398588350068234121e+00 3.004479666913063340e+00 -2.416687187672880100e+03 7.101787101787102215e-03 2.711732711732711947e-03 5.395407064671879738e+01 9.972216305722808941e-03
1.467595084772963219e+02 1.555971440490572490e+02 1.052529810146475242e+01 5.180801859159773315e+00 1.077362965524972793e-01 -1.075671827767466311e+04 2.109557109557109664e-03 4.817404817404817401e-04 8.487981736030093316e+01 5.538558860358684388e-01
5.063951778656402780e+01 4.917695052762378793e+01 4.728496929883426958e+00 7.626888435241864883e+00 5.575764177152314538e+00 -1.269721994253722869e+03 2.229992229992229860e-02 4.199689199689199577e-03 5.648859170201337321e+01 1.916643932480664170e-01
7.679054908342891395e+01 7.961984935467683044e+01 3.372741755419220056e+00 6.710830943886297639e+00 4.771921272299899819e+00 -2.935935827693107967e+03 8.686868686868687295e-03 2.198912198912199127e-03 5.508011508487601304e+01 2.030079644834204555e-01
1.684111046289960143e+02 1.751944716149536418e+02 1.299844745014306824e+01 5.067876537086997146e+00 -2.700585740936554124e-01 -1.416869169460517514e+04 1.864801864801864800e-03 4.312354312354312351e-04 8.844441938498130185e+01 4.058731836104478297e-01
1.122524750133208755e+02 1.181556382509960343e+02 6.906945462573090389e+00 6.257054110164615324e+00 3.228258190701105868e+00 -6.287850686733969269e+03 6.142191142191142511e-03 1.390831390831390830e-03 8.185873526523408827e+01 3.571566170653935890e-01
5.526779926534145915e+01 5.433305609250174939e+01 4.575350457596460529e+00 6.386467363353411031e+00 4.369414989109112746e+00 -1.514806431242894632e+03 7.385392385392385711e-03 1.522921522921522920e-03 7.974752566406714038e+01 7.355826435978765065e-01
1.963220009358044535e+02 1.830654359006468042e+02 1.578437866570549097e+01 5.084628068063022255e+00 -2.582253387312033688e+00 -1.925870563914485683e+04 2.960372960372960587e-03 3.379953379953379950e-04 5.303169698507768715e+01 1.835241400863119876e-01
1.547493315150389606e+02 1.593475942434094179e+02 9.043157057207771743e+00 5.170846042986292801e+00 2.204171201645250378e+00 -1.196121941560157211e+04 2.062937062937063044e-03 7.770007770007770001e-04 6.189140678407134288e+01 1.256587557250033425e-02
6.097142104085683201e+01 6.058888316725544598e+01 4.975222776681300196e+00 4.071867187665494825e+00 1.901203156395257388e+00 -1.846298705296575235e+03 7.031857031857031851e-04 1.787101787101787100e-04 8.132682232390327215e+01 9.305210088013272651e-01
9.626332292383685285e+01 1.024226841767062410e+02 9.850794895053315514e+00 6.097511548324588304e+00 1.436239959995500026e+00 -4.620855283595303263e+03 5.415695415695415474e-03 1.239316239316239424e-03 6.114474424702638800e+01 2.742636130407804518e-01
9.959443511800368753e+01 1.009413200159785617e+02 5.942908476108968330e+00 6.507704508453669767e+00 3.994123041218054837e+00 -4.947067366662979111e+03 7.432012432012431898e-03 1.845376845376845484e-03 6.062672867261073861e+01 5.374031085496467491e-02
5.608648909066712918e+01 5.528508101058564961e+01 1.681231672838034097e+00 7.909252674761003021e+00 6.308910660837102391e+00 -1.560388742684617227e+03 2.849261849261849194e-02 6.864801864801864904e-03 6.879351182990819780e+01 2.945276402891530698e-01
6.660355409731099030e+01 6.568212115189827216e+01 3.328518610534908273e+00 3.795865950348049633e+00 2.071305410224575372e+00 -2.205558322622571723e+03 5.322455322455322451e-04 1.320901320901320900e-04 8.559180045675540782e+01 9.417842558471420933e-01
1.299029629786798523e+02 1.372050783785979888e+02 9.237190841611129244e+00 5.888834705693153815e+00 2.025406906440786692e+00 -8.424931508745990868e+03 4.242424242424242854e-03 9.518259518259518251e-04 8.358939779032235151e+01 3.968930287780784716e-01
1.032145383463330433e+02 1.079618729405219710e+02 7.012705184932348068e+00 5.779489743870146690e+00 3.244148090933727691e+00 -5.314162076449183587e+03 4.052059052059051730e-03 8.935508935508935501e-04 6.134939917071942261e+01 4.884169753425365856e-01
5.014228723506660401e+01 4.696946992268286891e+01 3.760135555412834840e+00 6.165365683354723458e+00 4.200139813025391078e+00 -1.244666098007817254e+03 6.262626262626263055e-03 1.161616161616161724e-03 7.819823604432293962e+01 8.323280257447572827e-01
1.351467679086739508e+02 1.308598842830738533e+02 9.875983779234688953e+00 6.038597516439502932e+00 2.934494804347479224e+00 -9.119866051506345684e+03 4.747474747474747687e-03 1.006216006216006324e-03 7.116418371346188110e+01 1.660389724098665920e-01
7.712828113209387482e+01 8.238967049840407242e+01 6.134810797620246170e+00 6.578999631781620394e+00 3.852599249910523049e+00 -2.961927488621509838e+03 8.896658896658896434e-03 1.911421911421911420e-03 6.008936595427613270e+01 3.737376624831766359e-01
2.022648025732791552e+02 1.923329455083663788e+02 1.155425485053598678e+01 6.912781767330924421e-01 -4.674549515067170091e+00 -2.044306679342965435e+04 3.108003108003108000e-05 1.165501165501165500e-05 5.023260338993966911e+01 9.492306440879006990e-01
2.330408702227109927e+02 2.180358781775929913e+02 1.779560308463323892e+01 3.661610599229570440e+00 -7.489824096625929961e+00 -2.714156521050507217e+04 6.410256410256410251e-04 1.515151515151515150e-04 6.027894696009033737e+01 6.151322212701060277e-01
1.534932473102560664e+02 1.504306292393845013e+02 4.533793375770938994e+00 6.063844029651537682e+00 3.477246723712049015e+00 -1.176763009834957302e+04 4.506604506604506601e-03 7.031857031857031851e-04 6.529556233197936876e+01 8.846608318930844483e-02
1.404105640170722324e+02 1.417497476078248155e+02 9.303303929834672914e+00 4.344320163665954304e+00 4.280595339028794299e-01 -9.845104857222024293e+03 9.518259518259518251e-04 2.097902097902097900e-04 6.410251058506216282e+01 6.852582562639090158e-01
2.234903871342499997e+02 2.183125880677311557e+02 7.117986487414391661e+00 5.294710768912268328e+00 2.227689394281902491e+00 -2.496151818413432193e+04 2.735042735042735040e-03 5.866355866355866351e-04 6.665520704378964467e+01 1.596987742101560748e-01
7.209572305832878669e+01 7.794804906041078141e+01 6.665548878338726446e+00 6.933461022166504506e+00 4.611572937725998855e+00 -2.586438255077476697e+03 1.056721056721056720e-02 2.902097902097902204e-03 5.630820307419193682e+01 1.900851300941709954e-01
9.954566260199150918e+01 9.718173781309742765e+01 4.058910728044133442e+00 6.798387718362456589e+00 4.565794513038398783e+00 -4.942211084860620758e+03 9.716394716394715844e-03 1.759906759906760014e-03 8.191920851320159613e+01 1.463687950057701581e-02
1.711252508049343248e+02 1.676490430237350324e+02 6.358389792001513996e+00 4.929117495278625860e+00 2.067145644840008956e+00 -1.462946734495169221e+04 1.713286713286713394e-03 3.535353535353535350e-04 7.130018988355499232e+01 5.047808134116500423e-01
2.595348940642251705e+02 2.476487784137870847e+02 2.190780052319355420e+01 4.114098709211533311e+00 -1.226433183929874993e+01 -3.366672223189014767e+04 7.420357420357420351e-04 1.864801864801864800e-04 8.471924592442212543e+01 6.014532363616066357e-01
5.847160155471119225e+01 5.636665679524863748e+01 3.738860803896905782e+00 7.429274897722366156e+00 5.506191775706037461e+00 -1.697005707612308015e+03 2.040015540015540155e-02 4.156954156954157167e-03 6.652568152245996203e+01 3.859409034067611266e-01
9.265840514575027953e+01 1.021631963226560629e+02 1.119428588813327075e+01 5.454079994321783253e+00 -6.064003811249456533e-01 -4.280331635502856443e+03 2.785547785547785437e-03 6.410256410256410251e-04 8.142924228696847422e+01 6.558800014059275041e-01
2.215740277767745852e+02 2.237971310819820587e+02 1.297412932805380237e+01 2.554368532356489307e+00 -3.951285959348258103e+00 -2.453506650603729213e+04 1.554001554001554000e-04 3.885003885003885001e-05 8.978291706181818199e+01 8.601544969847516597e-01
3.824901497342810330e+01 4.078588630946487825e+01 3.868807806135019955e+00 8.510423568114157789e+00 6.971941969248189430e+00 -7.190351866446195572e+02 5.181818181818181879e-02 1.766122766122766100e-02 8.826598333282474584e+01 6.014363733632546727e-02
1.843230904543485451e+02 1.776506346652765558e+02 1.726493708933191229e+01 5.127522537918302703e+00 -5.047951462262409983e+00 -1.697504245074683422e+04 2.055167055167055057e-03 5.089355089355089351e-04 6.449114159090572684e+01 3.222774544814790976e-01
6.536878245630268225e+01 6.819858249208613188e+01 3.293818542220861900e+00 4.595248201192295490e+00 2.878807966728469836e+00 -2.124080473335568513e+03 1.231546231546231654e-03 2.836052836052836050e-04 5.321426704078221093e+01 8.539155859007357963e-01
1.000606183061830876e+02 9.270643982398294725e+01 9.250475515156965756e+00 6.402376934815859677e+00 2.367236764960884088e+00 -4.993605281333687344e+03 7.731157731157731368e-03 1.530691530691530690e-03 6.810086380856625965e+01 3.889408373872964009e-01
1.604320916511267683e+02 1.542996850002548115e+02 6.904634307091843226e+00 5.588303014925398493e+00 3.165814886687772223e+00 -1.285676962920362712e+04 3.166278166278166384e-03 7.342657342657342651e-04 8.711813671095754330e+01 4.671816960230544269e-01
2.635707014117027569e+01 2.836436070636203866e+01 2.371632456292612989e+00 8.105248634000899344e+00 6.358751502862271643e+00 -3.348891866391406325e+02 4.210178710178710121e-02 8.686868686868687295e-03 6.508114156571686237e+01 5.606275024603399881e-01
1.444256021837573201e+02 1.367842259662498066e+02 1.768145386488461668e+01 4.573151535443676252e+00 -5.542460458491824227e+00 -1.041691889649631958e+04 1.153846153846153954e-03 2.952602952602952600e-04 7.151622563110343833e+01 6.961157333440368689e-01
1.299053071918806666e+02 1.252322405251485122e+02 1.227736647065458797e+01 6.335642179726048262e+00 8.743060829560977965e-01 -8.425236031734295466e+03 6.410256410256410034e-03 1.627816627816627924e-03 8.764606759925021606e+01 2.146371223718170629e-01
2.590749771392699330e+01 2.573733293800371058e+01 1.752297989646246057e+00 8.850714410789622733e+00 7.149537864579360580e+00 -3.231408323244220355e+02 6.632867132867133197e-02 1.611499611499611628e-02 6.658534174445905762e+01 4.452329038602008682e-01
6.998861086562627065e+01 6.574477894078250984e+01 5.659824080504355592e+00 6.527534845200477776e+00 3.914576236189412306e+00 -2.436744438875885407e+03 8.853923853923853157e-03 1.662781662781662780e-03 5.996311150183339578e+01 5.307254199985576015e-01
1.073249427217261243e+01 1.096684165132503885e+01 5.341483813420383475e-01 1.017228161866136382e+01 9.001114442492159640e+00 -4.513483007696479632e+01 1.741608391608391593e-01 7.670940170940171443e-02 7.724898218521225601e+01 5.185064501492669953e-01
1.437443138003528986e+02 1.380147458184197546e+02 7.814466627470955551e+00 5.405658812997411466e+00 2.761212574790453900e+00 -1.031875548839301700e+04 2.735042735042735040e-03 5.710955710955710951e-04 7.356574872441680668e+01 4.725538532864028141e-01
1.604822816137840036e+01 1.589083445002081696e+01 7.275847977723960414e-01 9.418665746172939279e+00 8.001142494242433401e+00 -1.163144269856852304e+02 9.510489510489510134e-02 2.990287490287490274e-02 5.878518973667691228e+01 4.809914536302259958e-01
1.883496744124796294e+02 1.892460368739813816e+02 1.325041529138790075e+01 5.194794677623022494e+00 -3.055941348473264263e+00 -1.772534153906939537e+04 2.264957264957265064e-03 5.594405594405594401e-04 6.156377778995413053e+01 2.294849356827334541e-01
1.659674986209290068e+02 1.756358134538217826e+02 1.140407620863935279e+01 5.526940210407257581e+00 1.494405452633113640e+00 -1.376014691266989394e+04 3.088578088578088684e-03 6.643356643356643351e-04 7.070607286763032562e+01 2.070805059493942835e-01
2.112201583633451563e+01 2.224091854192854001e+01 1.403270334714797007e+00 6.270236926262799493e+00 4.766951848957252658e+00 -2.106113899210388638e+02 6.367521367521367624e-03 1.550116550116550224e-03 6.514196554240700721e+01 9.164355193018365320e-01
5.028210692446658747e+00 5.340895214098612342e+00 4.870808767131223904e-01 1.034996687430010986e+01 9.472834422358314299e+00 -1.830648096732918617e-01 2.624786324786324565e-01 1.473892773892774011e-01 7.006380381929197654e+01 7.908307204870005380e-01
1.342997563662523532e+02 1.300592838996524847e+02 1.110098614425609576e+01 5.485526080915395397e+00 1.287500394951090144e+00 -9.005753893443226843e+03 2.987567987567987457e-03 6.682206682206682201e-04 7.224489346294751613e+01 4.504180850742542930e-01
1.674910599185302260e+02 1.696324282358639266e+02 1.761328908365872081e+01 3.671602697744665189e+00 -4.896501931829780219e+00 -1.401416918974219880e+04 5.749805749805749801e-04 1.359751359751359750e-04 5.980890086862070376e+01 6.788196929935508273e-01
2.705132012434943931e+02 2.756203445688923352e+02 1.034449442922715257e+01 8.618078539767632940e-01 -4.639501754552737722e+00 -3.657623763692750799e+04 3.108003108003108000e-05 7.770007770007770001e-06 8.698163944071856690e+01 9.438588108424992296e-01
7.537528651733323670e+01 7.632560324799274554e+01 3.132116083192650446e+00 7.250288922208103060e+00 5.333843591882562407e+00 -2.828258522210894625e+03 1.623931623931624060e-02 3.477078477078477184e-03 7.138643015266610803e+01 3.057523547995127378e-01
7.593077058094488052e+01 7.998640125379270671e+01 5.129808859721819658e+00 4.063881874987339771e+00 1.791297846870582688e+00 -2.870282573933897766e+03 7.031857031857031851e-04 1.709401709401709400e-04 5.784276436402463872e+01 8.641628821756581758e-01
9.500238052390059806e+00 9.794806498233107561e+00 3.505747218467659132e-01 1.005053406518557502e+01 8.775037306084003674e+00 -3.266887495189587298e+01 1.622960372960373099e-01 5.384226884226884363e-02 5.914713768161570329e+01 4.121939072342509225e-01
1.906430558769089316e+02 1.811410552644544794e+02 1.292592493860983005e+01 4.732777928716241256e+00 -2.098557384601472897e+00 -1.815992899046896491e+04 1.429681429681429680e-03 3.108003108003108000e-04 6.539621561647065562e+01 4.378970808920777946e-01
2.148595070253271331e+02 2.089599994578051962e+02 1.394775165834047748e+01 5.680832347242128044e+00 -2.907993562915966557e+00 -2.306984549300915387e+04 3.469308469308469197e-03 8.391608391608391601e-04 8.764194011788100624e+01 1.788347383534610036e-01
7.200740873625525751e+01 7.856893202969223466e+01 9.135703579416322384e+00 6.588392316877189181e+00 3.675958577750420453e+00 -2.580075069880921092e+03 8.807303807303807838e-03 3.243978243978244084e-03 5.295133439245130091e+01 1.512083406572011131e-02
1.623192593611445034e+02 1.720375865411313896e+02 1.137287507956197707e+01 4.247255769388236679e+00 -5.461913339548050139e-01 -1.316131259320110621e+04 8.547008547008547001e-04 1.942501942501942500e-04 8.407545828416417066e+01 6.703351215276528441e-01
2.859015303473090057e+02 2.669521014108485701e+02 2.156077063327314036e+01 3.797149581278046249e+00 -6.954450786146557206e+00 -4.085738414089247817e+04 5.477855477855477851e-04 1.282051282051282050e-04 8.347533991740399983e+01 6.519067651415849651e-01
1.493353973774590600e+02 1.392992128791352684e+02 1.375948385365635573e+01 5.782184460232814516e+00 -4.427597550884438959e+00 -1.113807206836765909e+04 3.733488733488733377e-03 2.525252525252525250e-04 6.230977932947063636e+01 4.852953965738467795e-02
1.849864140946536395e+02 1.899136399970802813e+02 2.559859232864226897e+01 4.751292281118289829e+00 -1.340502432432753821e+01 -1.709752831322519341e+04 1.355866355866355974e-03 3.030303030303030300e-04 6.858459891453890123e+01 4.026773202495860238e-01
7.473929568349350916e+01 7.219345676504566711e+01 3.184245612851005713e+00 7.271433491667734117e+00 5.418130189892946369e+00 -2.780522773058191433e+03 1.506604506604506538e-02 3.181818181818181924e-03 7.905197384367841096e+01 2.086793094196296994e-01
1.382593183614147279e+02 1.332362479161693614e+02 7.419017060353622739e+00 5.526683613063894995e+00 2.347526818655356173e+00 -9.545361170307372959e+03 3.504273504273504487e-03 7.381507381507381501e-04 5.443404713023414843e+01 3.630722280898374121e-01
1.475442407871195201e+02 1.395880095520132613e+02 1.038378721512595426e+01 5.171335266056735769e+00 2.089907566657194238e-01 -1.087219310814960772e+04 2.369852369852370067e-03 5.128205128205128201e-04 6.279210241574183016e+01 5.127658616054258101e-01
7.342595917696364438e+01 7.430873887843586090e+01 8.547204678596477478e+00 6.662986272918050901e+00 3.128277800041650458e+00 -2.683227353954421233e+03 8.927738927738928382e-03 2.257187257187257077e-03 5.613016739700267266e+01 2.607952196053940352e-01
1.509257194008237661e+02 1.488964327025314560e+02 1.429759949260574992e+01 5.738326800836385466e+00 -5.564764144560818693e-01 -1.137682800175395096e+04 3.605283605283605280e-03 8.741258741258741251e-04 7.656376774617328351e+01 2.011294334596555045e-01
2.329302727483251090e+02 2.340810188411259389e+02 6.887298182449351103e+00 2.593812883481599663e+00 -3.087286121123711258e-01 -2.711579759473041850e+04 1.864801864801864800e-04 3.885003885003885001e-05 6.000444973902497736e+01 8.275590379961175191e-01
1.173005169879060077e+02 1.163347929662078570e+02 2.743148828526585259e+00 6.439197076469593384e+00 4.683864487915385233e+00 -6.867247256240869319e+03 6.884226884226884655e-03 1.697746697746697854e-03 5.887743593670829512e+01 1.779776088311936233e-01
3.640875320508983037e+01 3.676267586424483369e+01 1.353293844619987585e+00 8.429936986713224556e+00 6.945358720338588476e+00 -6.503402684004253160e+02 5.151126651126650829e-02 1.309634809634809688e-02 8.977755319740100504e+01 3.685185263542570810e-01
5.188159372536595981e+01 5.047976317252846457e+01 2.267509799290840178e+00 6.684973507470991727e+00 4.932201863325658131e+00 -1.333391497167821854e+03 1.026418026418026395e-02 1.923076923076923184e-03 8.988898257720362039e+01 7.361319407203219534e-01
1.108865860630543096e+02 1.135212948166237084e+02 7.124243143715221827e+00 6.179663504060197710e+00 3.673810811314075497e+00 -6.135459097785431368e+03 6.239316239316239528e-03 1.418026418026418134e-03 5.157648463240267489e+01 2.369525358286505845e-01
1.800396699382895349e+02 1.727738473253592133e+02 1.235255208274036498e+01 4.953262936702247821e+00 -4.849501667143751860e-02 -1.619468298916997446e+04 2.163947163947163837e-03 4.817404817404817401e-04 5.465913859427170252e+01 3.100441232776209310e-01
3.977556414974744570e+01 3.769019641601125414e+01 2.393900294697222986e+00 7.551558146330513921e+00 5.729159205370261354e+00 -7.785893651411929568e+02 2.531468531468531596e-02 4.370629370629370951e-03 5.787236795267533296e+01 5.776933586145717170e-01
1.183693252131566283e+02 1.219174841584423916e+02 5.538886616035485488e+00 5.906008050182386171e+00 3.579112901607086172e+00 -6.993190189134874345e+03 4.409479409479409584e-03 9.246309246309246301e-04 7.808879395858792805e+01 4.365282877942656126e-01
9.648814114493120542e+01 9.958569298495730493e+01 4.745452027221120694e+00 6.557024376934779575e+00 4.808457019757383932e+00 -4.642522304227939458e+03 7.179487179487179481e-03 2.109557109557109664e-03 5.268847326921390106e+01 1.293050405091902000e-01
4.877192270398412433e+01 5.100194696394961369e+01 2.547238937133452730e+00 7.894039626795611220e+00 6.378020498812015049e+00 -1.176891835547556866e+03 2.583916083916083795e-02 8.045843045843045077e-03 5.930075733049158515e+01 1.883583777475109633e-01
1.416957890395022730e+02 1.318425897317474664e+02 1.127905215704929986e+01 2.271796241474415723e+00 -2.511233030000878053e+00 -1.002638992918942131e+04 1.320901320901320900e-04 3.496503496503496500e-05 5.771083167539163128e+01 9.269000899984325414e-01
4.547825782150480478e+01 4.387026730643879802e+01 2.489333860179292479e+00 8.067130145490068571e+00 5.873387956223250050e+00 -1.021677580665487426e+03 4.097125097125096926e-02 5.306915306915307128e-03 8.234250576972678459e+01 5.099904162461060125e-02
1.929261460355346287e+02 1.855656754722808444e+02 1.090931901149803629e+01 4.851438865629432051e+00 1.733587860234285571e+00 -1.859779052548807522e+04 2.509712509712509927e-03 5.167055167055167051e-04 5.292517369215937606e+01 2.397342413539402528e-01
1.365811669641404933e+02 1.267588240615999666e+02 1.181335991200306523e+01 5.407576268155191102e+00 -5.786072525992627114e-01 -9.314749198069068370e+03 2.793317793317793424e-03 5.749805749805749801e-04 5.370025712698543430e+01 4.031258485839315231e-01
2.073573028188463923e+02 1.964667886460716772e+02 1.196172702675335131e+01 4.891215013757517660e+00 -7.086194025254147100e+00 -2.148606712957923446e+04 1.969696969696969804e-03 1.048951048951048950e-04 5.758623305411613558e+01 2.681853601165280765e-02
8.675179212319469002e+01 9.060755963665182833e+01 4.453944126856932861e+00 6.834746292864371853e+00 4.793589428606573222e+00 -3.750478331718847585e+03 1.117327117327117370e-02 2.358197358197358304e-03 6.979655613713157436e+01 3.135992688154617403e-01
1.426141823298717100e+02 1.497452233609960501e+02 9.151026158458748228e+00 4.686524240893039206e+00 2.822463756004318647e-01 -1.015694411423480051e+04 1.355866355866355974e-03 3.069153069153069150e-04 6.919714040652408471e+01 5.785336269748210247e-01
7.991299012832027415e+01 8.104184315480624434e+01 2.836314397906682050e+00 6.021380575715998162e+00 4.214556385380206827e+00 -3.180584609050362815e+03 4.957264957264957694e-03 1.033411033411033410e-03 5.960874390136916645e+01 6.052761836583818722e-01
1.654551184172680394e+02 1.773029272243797152e+02 1.380093972825822846e+01 2.817711481032792342e+00 -4.914715237374480239e+00 -1.367523971866194915e+04 2.020202020202020200e-04 5.050505050505050501e-05 7.143861613359780449e+01 8.428158600762574171e-01
2.534548147579888564e+02 2.565905633892082278e+02 2.033683556635880052e+01 4.426594038635742745e-01 -1.458648378786646127e+01 -3.210721317542907855e+04 2.331002331002331000e-05 3.885003885003885001e-06 5.327587700091980594e+01 9.370927716684529507e-01
1.591220468064226736e+02 1.472353498061358721e+02 1.397411486515859735e+01 6.020534090716627595e+00 -9.312387188552690986e+00 -1.264745450335853820e+04 4.475524475524475521e-03 2.214452214452214450e-04 6.083025978543052759e+01 9.633149488936285088e-02
1.619929845493628022e+02 1.580597080391726763e+02 7.565621736974767586e+00 2.365651987671300915e+00 -2.154628526324162685e-01 -1.310840513503090551e+04 1.748251748251748250e-04 4.662004662004662001e-05 5.399085071454019413e+01 8.768501684078705560e-01
2.500085503232006943e+02 2.412372066997487536e+02 1.738689239811628795e+01 4.325062144032419731e+00 -5.343386900420545871e+00 -3.123967923078004605e+04 9.052059052059052051e-04 2.020202020202020200e-04 8.804125851668683822e+01 5.772258337566199549e-01
4.423494833283658068e+01 4.626051791724275830e+01 5.368651050720143481e+00 5.735101225819914106e+00 3.365401455822973453e+00 -9.659069404302168778e+02 3.904428904428904317e-03 8.313908313908313901e-04 7.202167534203290700e+01 8.414592758472256850e-01
1.131078123776700011e+02 1.150099575273042518e+02 9.843916166880063656e+00 6.174975121311781834e+00 1.593890186305823242e+00 -6.384230223856955490e+03 5.112665112665113094e-03 1.398601398601398600e-03 5.729235586300774941e+01 1.128515834579465194e-01
8.802244257014122297e+01 8.657163563671305440e+01 4.723168946423430548e+00 6.643859335891275641e+00 4.752045811957241739e+00 -3.861516811432760733e+03 8.197358197358197568e-03 1.888111888111888110e-03 5.972900777112201354e+01 2.044172883632232873e-01
5.364646307186954743e+01 5.226541717705264745e+01 2.779412177572581744e+00 7.759256253711111384e+00 6.120228350113159799e+00 -1.426513113486587372e+03 2.454933954933954943e-02 5.233100233100232770e-03 5.077635199069846550e+01 1.837643362487443588e-01
1.085656024970011515e+02 1.060139900337474899e+02 4.134559376744187276e+00 4.939855658013688533e+00 3.046651458314414640e+00 -5.880786636194286984e+03 1.686091686091686090e-03 3.613053613053613050e-04 6.343840835722754434e+01 6.937637351109804396e-01
4.265637631751798864e+01 4.144219660014991291e+01 1.485719964115182590e+00 8.486200761619876687e+00 6.643506675043250986e+00 -8.973248336967105843e+02 6.162393162393162149e-02 8.275058275058274834e-03 8.687447745594100468e+01 9.208401334298946250e-02
7.729335007152521086e+01 8.107850656516369270e+01 5.275223236147568606e+00 6.471450337293386923e+00 4.464970052422687630e+00 -2.974672596065528523e+03 7.327117327117327328e-03 2.482517482517482624e-03 5.980932995598216451e+01 2.178029254047696844e-02
4.446438365006344640e+01 4.748483475184555402e+01 5.698094073703184215e+00 7.728826382278199958e+00 5.385218356846260157e+00 -9.760823201158705160e+02 2.574203574203574180e-02 6.452991452991453311e-03 7.747776668529243693e+01 3.678223688428944871e-01
2.687168033029450953e+02 2.441735405664900043e+02 2.826787939528336580e+01 3.016974534221152915e+00 -1.799811340716561858e+01 -3.609190180210270046e+04 2.486402486402486400e-04 6.216006216006216001e-05 8.582490179235171013e+01 8.192388302585479343e-01
1.990540429449842748e+02 1.988150363240979459e+02 1.225299604002428744e+01 3.767002114180655337e+00 -1.219567291944893217e+00 -1.979879761979767500e+04 7.070707070707070701e-04 1.631701631701631700e-04 5.702025086364434259e+01 6.331632951713681567e-01
1.333403860297496806e+02 1.316111253357376540e+02 8.989615304372716054e+00 5.176957772495502930e+00 9.793361127696691426e-01 -8.877370886707187310e+03 2.187257187257187364e-03 5.167055167055167051e-04 7.956388764602294827e+01 6.376322842238940636e-01
5.643988029720640753e+01 5.692886806295886259e+01 5.227333483148246529e+00 7.268306609954774622e+00 4.893768279526689469e+00 -1.580271657407349949e+03 1.794094794094793985e-02 3.620823620823620820e-03 8.740759402930007127e+01 5.031481862640881930e-01
1.863840163602391158e+02 1.786581172611415127e+02 9.015797076624506801e+00 5.636083056325868590e+00 2.797486661908135552e+00 -1.735704239071279517e+04 3.686868686868686757e-03 6.177156177156177151e-04 6.141464003296691487e+01 1.318615207639674269e-01
6.200086597046183812e+01 6.398857888288505080e+01 5.050200969692868469e+00 7.421077277289997554e+00 5.454121309971145415e+00 -1.909595303969442284e+03 1.608003108003108056e-02 4.902874902874903087e-03 8.364994112731656628e+01 1.900552874422982430e-01
9.527959122312388729e+01 9.048799280521400590e+01 9.367528497513250230e+00 6.636391432742009044e+00 3.549051296848878323e+00 -4.526641865248649083e+03 9.176379176379177022e-03 2.101787101787101677e-03 8.051164031011965960e+01 3.256359833917479296e-01
5.740490317059134640e+01 5.644123339102197434e+01 2.635638491962259522e+00 7.786621944096358661e+00 5.931666809215626834e+00 -1.635203067438339986e+03 2.379176379176379044e-02 4.285159285159285264e-03 6.379049066435682391e+01 1.577542079204561909e-01
7.510004389885980913e+01 7.812691427074528860e+01 4.764696642677539451e+00 6.496472448828276569e+00 4.249282525638504282e+00 -2.807549910231190552e+03 8.243978243978244622e-03 1.748251748251748250e-03 5.891378399896280627e+01 3.743340468587840197e-01
1.574280652269814311e+02 1.553161792863008941e+02 1.089288058853021468e+01 5.654727052100747997e+00 2.124595222801690220e+00 -1.237933947398121745e+04 2.940947940947940837e-03 7.614607614607614601e-04 6.744895118310523685e+01 7.116968296069509092e-02
1.085515334349323950e+02 1.112433941452246273e+02 4.920234606366876484e+00 6.263279785218094808e+00 4.633501956368115238e+00 -5.879259318963479018e+03 5.151515151515151728e-03 1.759906759906760014e-03 7.625192650384792614e+01 6.251526560417869360e-02
3.740113573958715421e+01 3.555551430435233584e+01 2.538861799841412026e+00 5.341326317126112500e+00 3.679489996809786945e+00 -6.869640907313676053e+02 2.785547785547785437e-03 5.594405594405594401e-04 7.414371259038230733e+01 9.252017438820450135e-01
2.910935788256310275e+01 2.977462346212456623e+01 2.640228212000741426e+00 8.727112428195789917e+00 7.236581048433444074e+00 -4.112189715934251808e+02 6.588578088578088410e-02 1.701631701631701674e-02 8.567072801036758278e+01 2.627911397756302336e-01
2.157790511490780432e+02 2.161566124899707404e+02 8.872846645670577459e+00 4.639734774387830996e+00 8.901264726099706870e-01 -2.326784107082407354e+04 1.363636363636363744e-03 3.030303030303030300e-04 7.387134055178222525e+01 4.878503165056848889e-01
7.392754415819841540e+01 6.697163364400608998e+01 8.843425430032917589e+00 7.526839852891962224e+00 2.439415177557898939e+00 -2.720182506057044520e+03 2.037296037296037338e-02 1.759906759906760014e-03 7.343480573520986354e+01 1.557009324829873032e-01
1.246180436414316830e+02 1.170569016867027301e+02 1.250575895294074869e+01 6.469271236769849942e+00 9.816245730999906272e-01 -7.752370013934742019e+03 7.618492618492618378e-03 1.868686868686868794e-03 8.871818787186313671e+01 3.084911101338597139e-01
1.144566150178036708e+02 1.106022654254914954e+02 1.408936201868766780e+01 4.552254685625121589e+00 -1.273216984294934573e+00 -6.537699974092716730e+03 1.418026418026418134e-03 3.146853146853146850e-04 5.293787894036790220e+01 6.703884279482940078e-01
1.515853007552072995e+01 1.582434199670772301e+01 1.046901577163729113e+00 1.005211456251335633e+01 8.863551776543102889e+00 -1.024321304510891082e+02 1.775796425796425659e-01 6.203574203574203916e-02 8.186833028581600047e+01 4.847252028273441038e-02
5.175449299579326201e+00 4.949623515751650160e+00 2.835936390484585790e-01 1.093249456391604291e+01 9.743307884475958858e+00 -9.342511521139051922e-01 3.514257964257964106e-01 1.402680652680652618e-01 6.459444337524446667e+01 4.312795509768364566e-01
1.114453764027752811e+02 1.127987139349813361e+02 1.220918019881049510e+01 5.722648267596500915e+00 1.205674525663811281e-01 -6.197577574203985932e+03 3.725718725718725824e-03 7.808857808857808851e-04 5.552389728068942532e+01 3.619742366491727203e-01
1.120390831229007311e+01 1.034727792362939880e+01 9.512976601197867810e-01 1.066403622460545542e+01 9.166641084391166316e+00 -5.030539416095714245e+01 2.563947163947163932e-01 8.932400932400932914e-02 8.401120121879000635e+01 2.061225173103001518e-01
1.096614156616148250e+02 1.132561487187708735e+02 5.011299427724293487e+00 5.967872999409398638e+00 4.039293575867823449e+00 -6.000354655880585597e+03 4.114219114219113890e-03 1.418026418026418134e-03 6.099372166588587874e+01 4.109878430121553100e-02
2.162730745884621086e+01 2.251178926127344582e+01 1.405152116588621380e+00 9.380268366487173992e+00 8.037552244068406182e+00 -2.214118273855882819e+02 1.019230769230769218e-01 2.961149961149961082e-02 6.402404770572333348e+01 2.687487640158964797e-01
7.876331628323603695e+01 8.189927457296134605e+01 4.586933234983913366e+00 4.339700729295421944e+00 2.216476821191663671e+00 -3.089371609392393566e+03 9.285159285159285151e-04 2.214452214452214450e-04 7.050901969804807834e+01 8.522040331355943410e-01
1.528850404216267975e+02 1.447602735864153942e+02 1.042287453535596953e+01 2.892949765838413789e+00 -1.182150566352017540e+00 -1.167445940578708723e+04 2.680652680652680650e-04 5.439005439005439001e-05 5.798247793707012221e+01 8.641986893007741477e-01
2.750929411630847810e+01 2.707645182596753486e+01 2.812381504351074923e+00 6.266383455743301134e+00 4.479213856239668168e+00 -3.659222448146379634e+02 6.410256410256410034e-03 1.355866355866355974e-03 7.437605619596673989e+01 8.995203613687984268e-01
2.138751699780706588e+02 2.019517698029848987e+02 1.387746594210965512e+01 3.898004733545548994e+00 -1.720449076122638310e+00 -2.285883578000016496e+04 6.487956487956487951e-04 1.437451437451437450e-04 6.111987359050263535e+01 6.672277282503714657e-01
1.939382672853600695e+02 1.902299215427628098e+02 4.955706595656828917e+00 5.754346309430188988e+00 3.816957694200861617e+00 -1.879356737224973767e+04 3.348873348873349087e-03 7.109557109557109551e-04 7.152117094572659539e+01 8.816920485543967845e-02
2.917963795830527260e+02 2.731573738474644983e+02 2.325972757610177766e+01 1.304259806490204454e+00 -1.589774370544504123e+01 -4.256010518231434980e+04 4.662004662004662001e-05 1.165501165501165500e-05 8.517199435142367747e+01 9.191586455592846150e-01
1.921544168138117357e+02 1.858085186830116697e+02 8.141876976438226166e+00 4.677378058109755266e+00 1.039941896605796057e+00 -1.844920156395390222e+04 1.394716394716394824e-03 2.991452991452991450e-04 8.035727091999689264e+01 5.730928577189320361e-01
7.653668429673808760e+01 7.034400779764496292e+01 7.131958675770328604e+00 7.442969610106886513e+00 -9.714600490678675371e-01 -2.916473634995133580e+03 2.057886557886557874e-02 1.239316239316239424e-03 7.429822821194827043e+01 3.235053128206227119e-02
1.891417112358215036e+02 1.920830634411871358e+02 6.574957252080111836e+00 4.543917824568301178e+00 1.692850984603491149e+00 -1.787483507803329849e+04 1.530691530691530690e-03 3.263403263403263400e-04 5.605405344434461057e+01 3.935670933208610389e-01
1.410970072166912530e+02 1.297539113898853032e+02 1.358028441485457272e+01 3.833316836404339512e+00 -3.001403513762050501e+00 -9.941724336179366219e+03 6.060606060606060601e-04 1.359751359751359750e-04 7.292351717165412595e+01 8.376707514799998089e-01
6.055637498960087584e+01 5.886062353633557365e+01 4.413110964879739306e+00 4.021315805187182235e+00 2.070731719015521222e+00 -1.821078889366435078e+03 6.876456876456876451e-04 1.631701631701631700e-04 5.241809313703768680e+01 9.128062524432287717e-01
9.787932224416731231e+01 9.298876915507121055e+01 6.477901405316584871e+00 6.121648159394852406e+00 3.851499342217005406e+00 -4.777722474914628947e+03 5.769230769230769551e-03 1.181041181041181040e-03 5.778700704349211748e+01 4.329009008701067973e-01
4.754216763443189819e+01 4.601794861396941627e+01 1.996214202665195669e+00 8.291520018007188852e+00 6.618476529256829721e+00 -1.117670465116067589e+03 4.056721056721056956e-02 7.354312354312354631e-03 7.525715814038328233e+01 1.455442886139979575e-01
1.747515659726819308e+02 1.810263996088421266e+02 1.312320533052267102e+01 4.959254774295684065e+00 3.073784253591074211e-01 -1.525659651837815909e+04 1.872571872571872570e-03 4.234654234654234651e-04 5.611743584218098135e+01 3.298932103353178213e-01
9.272743042082002773e+01 9.534129983328449498e+01 8.117131191222220821e+00 6.371272746378748408e+00 2.454758468491696544e+00 -4.286729789649865779e+03 5.889665889665890094e-03 1.895881895881895880e-03 5.986834406458831381e+01 1.279569858002378713e-01
5.361735025881356620e+01 5.573482323307172237e+01 3.984533662646742691e+00 4.027325918864229415e+00 2.103948324732617614e+00 -1.424951737814003536e+03 6.721056721056721051e-04 1.670551670551670550e-04 8.794815846143188764e+01 9.383256781984155026e-01
2.187845627126388877e+02 2.119000110027752157e+02 1.079267386371180848e+01 5.188181924107752252e+00 1.240241520524332230e-02 -2.392088405410616542e+04 2.117327117327117217e-03 4.623154623154623151e-04 8.991009954827853790e+01 3.198104638469403405e-01
4.691417448662856060e+01 4.557891669207086238e+01 2.930204133853813175e+00 5.114639772681349505e+00 3.372956811411636835e+00 -1.088011497306770707e+03 2.198912198912199127e-03 4.428904428904428901e-04 5.088138132785484657e+01 8.873951077097923523e-01
1.275061714440486611e+02 1.281312195974621204e+02 5.226216254712266363e+00 4.343433972396772091e+00 2.221239706879921449e+00 -8.116453491585420124e+03 9.324009324009324001e-04 2.097902097902097900e-04 7.717783465499847750e+01 7.739245209552803040e-01
1.361267193512096867e+02 1.352893781107586904e+02 7.745013606829488140e+00 4.993708852141498511e+00 1.746845440308876229e+00 -9.252783474087360446e+03 1.802641802641802640e-03 4.156954156954156951e-04 8.817730979679754455e+01 6.984805201915985640e-01
5.568398615278647412e+01 5.749809779343845406e+01 2.525475342974755844e+00 5.549759044231209693e+00 3.867817442348983725e+00 -1.537894770357713696e+03 3.088578088578088684e-03 6.682206682206682201e-04 6.432761989123781632e+01 7.919950490700330414e-01
1.831028944617023910e+02 1.746171366772994702e+02 1.268224551547874768e+01 3.000080269634588515e+00 -3.233982102451149032e+00 -1.675087659355251526e+04 2.680652680652680650e-04 5.827505827505827501e-05 7.629560534425863239e+01 8.562403985856997801e-01
1.340960767052040694e+02 1.480599867403208805e+02 1.601546010258326191e+01 5.861109929835809140e+00 -2.268767320831247325e+00 -8.978420507289843954e+03 3.951048951048950937e-03 9.518259518259518251e-04 5.847725725758207460e+01 1.553277901187649912e-01
1.551943750127110775e+02 1.605480821902510797e+02 1.094660956395865448e+01 6.050810741069807541e+00 2.526025673142382022e+00 -1.203018863121885443e+04 4.627039627039627144e-03 1.204351204351204350e-03 7.878467312180073634e+01 1.395172724175447465e-01
7.970683778620744420e+01 7.707641054571492134e+01 5.318369864698587968e+00 5.259209008271825248e+00 2.960673835594530345e+00 -3.164131608364248677e+03 2.498057498057498164e-03 5.050505050505050501e-04 5.225055791005566164e+01 7.127919430760804032e-01
1.870258272565705511e+02 1.716362568884476900e+02 1.712318490692848982e+01 5.947302850982886469e+00 -1.770916336302993344e+01 -1.747687164392813793e+04 3.838383838383838381e-03 1.592851592851592850e-04 7.895918167173408619e+01 5.017665665599345404e-02
2.989515171937358105e+02 2.812907783901516723e+02 2.590241777386739130e+01 2.471884626265905549e-01 -1.992355212220657990e+01 -4.467354642964412051e+04 1.942501942501942500e-05 7.770007770007770001e-06 6.387370596704138848e+01 9.453291608439301497e-01
1.389920481645718553e+02 1.462038216239598682e+02 8.129259819249799790e+00 5.660393057506830417e+00 3.166635389314746085e+00 -9.646936339917185251e+03 3.146853146853147067e-03 9.246309246309246301e-04 5.116933998330139843e+01 9.289463586329890776e-02
1.774893824652726551e+02 1.923060077709805853e+02 1.763398361175460138e+01 3.301594784727321041e+00 -7.192918747163371762e+00 -1.573878205737777171e+04 3.379953379953379950e-04 8.158508158508158501e-05 6.216012262657454812e+01 7.275242544273673451e-01
9.876738896525108657e+01 1.066694553464552371e+02 9.146759118716719428e+00 3.995641288768092547e+00 1.309002629272808527e-01 -4.865040174932456466e+03 6.371406371406371401e-04 1.554001554001554000e-04 7.586214208977473561e+01 8.525087914549744905e-01
1.769879400275700334e+02 1.828776506139250273e+02 8.428063521156303750e+00 5.146823671853740123e+00 1.521029355028352459e+00 -1.564990707102721717e+04 2.117327117327117217e-03 4.584304584304584301e-04 6.996070817245148987e+01 2.428360680536413019e-01
2.036015918503202045e+02 1.924731379069625632e+02 1.269810072253623723e+01 4.295040616105900710e+00 -1.139039161826093771e+00 -2.071434571541804326e+04 9.634809634809634801e-04 2.097902097902097900e-04 7.735204138192911216e+01 6.650836057399851509e-01
7.290505033095926990e+01 7.493091533625421619e+01 4.635253166468907615e+00 7.214171881852971424e+00 4.976389559212896607e+00 -2.645114795305707503e+03 1.481740481740481674e-02 3.407148407148407037e-03 6.893509419921990400e+01 2.654006111725367156e-01
7.710439252507399033e+01 7.523683956170422960e+01 3.412589128758772627e+00 7.319715980327382354e+00 4.912385366468678960e+00 -2.960085286756198457e+03 1.696581196581196591e-02 2.637917637917638024e-03 7.513916631664359613e+01 5.088626428220210940e-02
1.102311591224120377e+02 1.152173665529551698e+02 9.142053169203007812e+00 5.808173151245959787e+00 2.504173702080709774e+00 -6.062995834161117273e+03 4.059829059829060151e-03 8.780108780108780101e-04 5.507843116512231063e+01 2.283356645853370226e-01
2.377209623301912345e+01 2.560603181810955675e+01 2.082618691649993803e+00 9.322696413591389231e+00 8.120085761086633269e+00 -2.700978930818167782e+02 1.180186480186480175e-01 3.184149184149184103e-02 8.309419351848941915e+01 1.264004662783354410e-02
1.708112145900284133e+02 1.758759849621476690e+02 1.512610874307748432e+01 5.388028252605223223e+00 -2.866330951092459500e+00 -1.457577712828622316e+04 2.183372183372183587e-03 6.954156954156954151e-04 5.989204799936329948e+01 6.394406509613764777e-02
1.858180974831206527e+02 1.892823357076222237e+02 1.547696357567336811e+01 5.134557923163592719e+00 -8.402321014836062751e-01 -1.725172428954911811e+04 1.989121989121989120e-03 4.778554778554778551e-04 8.953696491226060061e+01 3.978205820653173963e-01
7.513215310629542287e+00 7.843737734136617235e+00 4.428666985188912664e-01 1.029100823019581235e+01 9.160031986096567991e+00 -1.576581557779491760e+01 2.059246309246309248e-01 8.395104895104894827e-02 7.058075991388025727e+01 5.637399364447845951e-01
1.532771432974031711e+02 1.508575835092358943e+02 9.269690448878192157e+00 5.793091754474605004e+00 1.412317588421980741e+00 -1.173448294213219015e+04 3.881118881118881224e-03 9.401709401709401701e-04 8.275776696147596567e+01 3.236286154985549834e-01
2.195840954539038847e+01 2.152942910197012694e+01 1.057255030086842185e+00 9.505838406864043577e+00 8.066512382418661531e+00 -2.286274883074017055e+02 1.089976689976689950e-01 3.208624708624708416e-02 8.059278672128473886e+01 3.833214715471259249e-01
1.537011811044136778e+01 1.440246921752222420e+01 1.484714038832433802e+00 1.005874473607314812e+01 8.294886145887884865e+00 -1.056618787903147165e+02 1.660489510489510379e-01 3.686480186480186466e-02 7.268661242236491660e+01 2.518005580850171676e-01
8.552730276254802533e+00 7.750671010417258699e+00 9.681677330149426330e-01 1.092829868677639382e+01 9.649126036054548550e+00 -2.411621101503860842e+01 3.234459984459984727e-01 1.419191919191919171e-01 8.982791119582056183e+01 2.563428133083343052e-01
1.693253602285572015e+02 1.785909989907176794e+02 1.924079083698791592e+01 3.547858021957987606e+00 -1.022667941853789308e+01 -1.432308042169118562e+04 4.079254079254079251e-04 9.712509712509712501e-05 8.999987434558296684e+01 8.144390920509358978e-01
3.399072263333493282e+01 3.394521395982493317e+01 1.594295888908839887e+00 7.594579326683119191e+00 5.967115684301493417e+00 -5.652262259940097238e+02 2.555944055944055909e-02 5.089355089355089568e-03 7.825638509648365471e+01 7.251873482232418233e-01
2.186669364250095953e+02 2.171597223041638358e+02 9.527269300573426136e+00 5.418629684387283874e+00 1.085367841387502086e+00 -2.389515615617544972e+04 2.723387723387723277e-03 5.982905982905982901e-04 8.288496841729013909e+01 2.272615098125213284e-01
5.928135556628487990e+01 6.197391657298154399e+01 4.472631644210296464e+00 7.093885600839286987e+00 5.070498816632387218e+00 -1.744681172314003334e+03 1.453379953379953411e-02 3.166278166278166384e-03 6.510220940645672272e+01 3.863066123932936136e-01
1.104156934533771164e+02 1.049368648525459520e+02 9.365402598377343679e+00 4.773260287314919026e+00 1.087102110211658701e+00 -6.083354293820928433e+03 1.507381507381507380e-03 3.341103341103341100e-04 6.876455066152919926e+01 7.593936969053644015e-01
1.025758779272772898e+02 1.074820367116788162e+02 8.859783618545822748e+00 5.126122232454417116e+00 7.418155257300935723e-01 -5.248446979701701821e+03 2.066822066822066820e-03 4.817404817404817401e-04 5.422369639785709694e+01 5.670989010121024743e-01
1.292945930874440990e+02 1.361966761817781162e+02 1.066044471487664502e+01 5.036672481046775118e+00 -6.895236814261163083e-01 -8.346087514249727974e+03 1.802641802641802640e-03 4.390054390054390051e-04 8.982479095342182518e+01 5.888259591591593622e-01
3.646454786874210896e+01 3.342621056240167121e+01 3.857962592859944362e+00 5.697117931494196874e+00 3.757652687663346480e+00 -6.523732390617482224e+02 3.686868686868686757e-03 7.264957264957264951e-04 6.447422143329350774e+01 9.083653489884782051e-01
5.659882554230107132e+01 5.687476550723528845e+01 2.712617391712055959e+00 7.531480849360524310e+00 5.760998394967769443e+00 -1.589255139809771663e+03 2.132478632478632466e-02 4.879564879564879561e-03 7.574034628833413763e+01 3.504798210576989259e-01
9.159899274343040076e+01 8.942817282108650545e+01 6.072119142972873362e+00 6.563223719048956184e+00 3.846066807885429206e+00 -4.182729349231363813e+03 9.199689199689199681e-03 1.814296814296814404e-03 5.740386578991320476e+01 3.394451311456063713e-01
2.046212015839533933e+02 1.945368803916227023e+02 1.413008346007771365e+01 5.544570618953193808e+00 6.614357413214650983e-01 -2.092245968225630349e+04 3.096348096348096237e-03 6.954156954156954151e-04 8.396843246726962207e+01 2.682896156147259736e-01
1.926711453027560879e+02 1.933576975513462628e+02 6.486914516949370046e+00 4.107089281027701766e+00 1.194108585445105675e+00 -1.854862672956372990e+04 7.808857808857808851e-04 1.748251748251748250e-04 6.774679138409503310e+01 6.493808526928371849e-01
6.905055711238485117e+01 7.119273011390023953e+01 3.163621287474403854e+00 6.328058845093231355e+00 4.567768592641082925e+00 -2.371531332191217189e+03 6.775446775446775441e-03 1.472416472416472524e-03 7.825617634872565986e+01 6.532869964303248400e-01
9.895498861534728974e+01 1.074574933245627335e+02 1.009521504870385478e+01 6.710803616551785034e+00 2.261006580963168311e+00 -4.883586499357611501e+03 9.254079254079254288e-03 2.136752136752136967e-03 7.901163828262883726e+01 2.291591966388422108e-01
