# format=SNRtot_MF, evidence_inj, evidence_filt, nofilter,         occams_inj,occams_filt, mass_in_solar, chi_inject]
4.278586323222312870e+01 -4.093549460688904560e+02 -4.633680768993566517e+02 -1.318898540716612615e+03 6.822066822066822495e-03 7.148407148407148401e-03 7.703464012126808313e+01 3.639040714788721043e-01
1.490982973181963800e+01 -4.133408713277398761e+02 -4.157546060527945428e+02 -5.219280264438741597e+02 2.962315462315462389e-02 2.874902874902874900e-03 5.574004443729326397e+01 8.466031570758816294e-01
5.065067008967493223e+01 -4.148429283180678340e+02 -4.320399260133901862e+02 -1.689822923793499058e+03 7.226107226107226101e-04 6.759906759906759901e-04 4.084316244409228602e+01 7.974896372853617077e-01
9.211829646879668587e+01 -4.054508625694472812e+02 -4.189242438121181067e+02 -4.638983273169234053e+03 5.788655788655788651e-04 6.449106449106449101e-04 4.225636138520324891e+01 6.542539913736098445e-01
1.504278681956833168e+02 -4.547024125619041683e+02 -1.001465981898648238e+03 -1.176456385601634065e+04 3.069153069153069150e-04 4.001554001554001551e-04 8.702397940613261085e+01 5.872785231784601878e-01
1.329996521798860272e+02 -4.446958882420950658e+02 -6.454828894239386727e+02 -9.287103738715515647e+03 1.130536130536130644e-03 1.200466200466200574e-03 7.234641872873326918e+01 3.322930027271578379e-02
4.929483999153393370e+01 -4.169198234627368151e+02 -4.504428926783815541e+02 -1.625436530075130122e+03 3.519813519813520027e-03 5.415695415695415474e-03 7.917772188893394514e+01 6.516486355361648108e-01
3.882902734260797217e+01 -4.041398002659768736e+02 -4.167349483582137850e+02 -1.151499777936095370e+03 4.090909090909091231e-03 3.263403263403263400e-03 4.473854456753834086e+01 5.882642204000998465e-01
7.342735840110502465e+01 -4.108000103971795625e+02 -4.481102394770693422e+02 -3.095433487597595558e+03 1.767676767676767784e-03 1.915306915306915414e-03 3.749526863245598918e+01 2.234160831970430083e-01
1.353318762514381604e+02 -4.139846798851411336e+02 -5.059787475093787634e+02 -9.560893711034048465e+03 8.780108780108780101e-04 8.197358197358197351e-04 6.115083798887856403e+01 2.705239587505983700e-01
2.910663226885791488e+00 -3.776938928637072763e+02 -3.789816341002208446e+02 -3.805995326181088672e+02 3.961383061383061399e-01 6.690170940170939717e-01 3.831636097746496716e+01 8.483641743147573022e-01
2.169993363514290934e+02 -3.741362540536295000e+02 -9.208522474605799744e+02 -2.390648088355915388e+04 1.554001554001554000e-05 1.165501165501165500e-05 6.325579906910399330e+01 9.309488010795604618e-01
2.341115872066746988e+02 -3.942329239235430691e+02 -1.614208034596334528e+03 -2.778910937092140739e+04 2.719502719502719500e-05 2.719502719502719500e-05 5.441001135803981725e+01 8.591155862800929910e-01
1.451599271573097560e+01 -4.402745209549491392e+02 -4.403784657656578929e+02 -5.412880681040724085e+02 7.531468531468531180e-02 4.430458430458430324e-02 7.397977772455219281e+01 6.317516498346890108e-01
1.403372798350782489e+02 -4.113377156460110200e+02 -4.739014232713207093e+02 -1.024821381569176083e+04 6.565656565656565651e-04 6.526806526806526801e-04 4.951699017541277925e+01 3.840315308941860128e-01
2.486973501802713429e+02 -4.331343839368971658e+02 -2.156897327172953737e+03 -3.134840584023279007e+04 5.050505050505050501e-05 3.885003885003885001e-05 7.373399224121249063e+01 7.927441889737435465e-01
3.434416063692356147e+01 -4.027896352450429731e+02 -4.131463350875806668e+02 -9.859212809706858707e+02 6.771561771561771664e-03 6.468531468531468417e-03 3.377606628609979111e+01 7.222332683532931008e-02
6.981781282973426528e+01 -3.924244748101208415e+02 -4.361406473612973400e+02 -2.827405568399404274e+03 1.973581973581973580e-03 1.297591297591297590e-03 3.034834073983185121e+01 2.175943729680721028e-01
1.336839055364671935e+02 -3.830395833535073393e+02 -5.749477540709395953e+02 -9.312706637534272886e+03 1.048951048951048950e-04 8.547008547008547001e-05 3.514748529345210670e+01 7.403170409626638193e-01
6.811092596974251023e+01 -3.743830959783666685e+02 -4.553768132481822022e+02 -2.690932952735332492e+03 2.470862470862470860e-03 1.794871794871794870e-03 5.055862806064683213e+01 1.912649492937047724e-01
8.779949798026871122e+01 -4.110347721529180376e+02 -4.939568303681320458e+02 -4.256681887347743213e+03 3.030303030303030300e-04 3.690753690753690750e-04 5.910166710977363635e+01 8.104774562807621763e-01
1.802298087145436227e+02 -4.019828485590237506e+02 -9.314808791032821773e+02 -1.663567900589271449e+04 5.283605283605283601e-04 6.060606060606060601e-04 4.875906681956763578e+01 2.267771056471760416e-01
7.952673014590051537e+01 -3.801356501157011394e+02 -5.231225785637050194e+02 -3.541135997823127582e+03 7.731157731157731151e-04 5.128205128205128201e-04 4.251736831285511187e+01 5.630483357607553030e-01
2.446933677041449471e+02 -4.184867427680522951e+02 -1.910584770439657859e+03 -3.034327690656817504e+04 6.993006993006993001e-05 6.216006216006216001e-05 7.631486624765886972e+01 7.626864066986643875e-01
1.028607739534406420e+02 -4.004039055523523984e+02 -6.659171630810196802e+02 -5.680132138214099541e+03 7.342657342657342651e-04 5.205905205905205901e-04 5.097077533788178982e+01 5.052373054399960095e-01
1.830891481997625476e+02 -4.254065070160388018e+02 -1.045808271278734310e+03 -1.717959451208715109e+04 7.070707070707070701e-04 4.428904428904428901e-04 7.951650722666110482e+01 2.890550539132897279e-01
1.435104402485626274e+01 -4.363449104029928662e+02 -4.475674585174612048e+02 -5.374628532041797371e+02 1.573038073038073026e-02 3.195415695415695229e-02 6.530513701833027085e+01 6.152135509135864266e-01
1.529747307815236752e+02 -4.181375883558483224e+02 -7.340974009904763307e+02 -1.211297818919699057e+04 8.080808080808080801e-04 4.545454545454545451e-04 7.433614679466100483e+01 3.686525735642355861e-01
9.839602747994105414e+01 -3.850669821791927347e+02 -4.171098726988866474e+02 -5.213884845059546024e+03 1.212121212121212120e-03 1.087801087801087800e-03 3.294339877093094060e+01 2.434616157534235936e-01
2.970210694504395121e+01 -3.907056851949668612e+02 -3.957266875567298712e+02 -8.249163570906021050e+02 3.041958041958042064e-03 2.972027972027971917e-03 8.388590983942546586e+01 8.533791994149437787e-01
7.054045752932238145e+01 -3.884862384856012341e+02 -4.299559560232233935e+02 -2.868080362194958525e+03 2.801087801087800977e-03 1.930846930846930954e-03 5.742380269008695848e+01 2.965906753098933313e-02
1.832622281503598174e+02 -4.258932734135232749e+02 -5.375379839407810323e+02 -1.721006441340712627e+04 2.991452991452991450e-04 2.408702408702408700e-04 6.776504389557891272e+01 5.825977659931416142e-01
2.732596308439319088e+01 -3.860730648553053470e+02 -3.917891286281445673e+02 -7.536947864666498162e+02 2.025252525252525110e-02 1.416472416472416493e-02 6.860641494558147713e+01 1.322311256641769406e-01
1.739282688516789221e+02 -3.919735310581390877e+02 -1.149533597851994955e+03 -1.551138496488783312e+04 7.226107226107226101e-04 9.246309246309246301e-04 8.912834174382624042e+01 1.289341612160619932e-01
6.807095503562855754e+01 -4.282238397226473126e+02 -4.670170940284985477e+02 -2.739059155521111734e+03 5.536130536130536017e-03 3.492618492618492724e-03 8.003760476697854642e+01 1.956885092174461827e-01
2.197875990510779047e+02 -4.138613605394173192e+02 -1.866111174941022455e+03 -2.455878255767673909e+04 3.030303030303030300e-04 1.981351981351981350e-04 8.277412367339921673e+01 4.921555168183070483e-01
1.572629387123853917e+02 -4.006010387107605197e+02 -5.142894078403270441e+02 -1.275697435409664286e+04 1.942501942501942500e-04 2.136752136752136750e-04 5.258662197896596524e+01 6.617869833720211314e-01
8.313040021437223004e+01 -4.208668436390938155e+02 -4.803721451407687368e+02 -3.865868684753200341e+03 6.682206682206682201e-04 7.420357420357420351e-04 4.730935123271321174e+01 6.067518265182419990e-01
6.769221398338196138e+01 -3.763920095658745026e+02 -5.600944179451386162e+02 -2.660171647655144170e+03 2.160062160062160060e-03 1.592851592851592850e-03 7.928391966539228974e+01 5.782120916560221646e-01
1.854272832383932155e+02 -4.148682639242874188e+02 -8.395743486568417211e+02 -1.759387969502615306e+04 5.439005439005439001e-05 6.993006993006993001e-05 8.818558945397407456e+01 8.579860487876149744e-01
8.849381691932764227e+01 -4.442623167229656929e+02 -5.951874182395465596e+02 -4.348967397971752689e+03 3.846153846153846151e-04 5.167055167055167051e-04 4.636215394691498659e+01 6.921534249549804452e-01
4.691985191163163904e+01 -4.321953003852519259e+02 -4.429986626219225059e+02 -1.528618091176637563e+03 3.430458430458430564e-03 2.505827505827505717e-03 3.778863112860410922e+01 1.332516797164881583e-01
1.859721843390168203e+02 -4.201700770724398808e+02 -8.355992492245774201e+02 -1.770316336246246647e+04 6.060606060606060601e-04 1.126651126651126650e-04 7.861439050921123339e+01 4.857386097048570911e-02
1.587927033347642691e+02 -3.946994569168285238e+02 -1.288813717005713670e+03 -1.299463348398922244e+04 7.770007770007770001e-04 3.846153846153846151e-04 7.022723521119490897e+01 3.227799579652824713e-01
1.407433151357678582e+02 -4.119524981557012211e+02 -7.769526438203413363e+02 -1.031104204465579278e+04 5.749805749805749801e-04 1.165501165501165500e-04 8.138348959683645489e+01 6.086926773548364394e-02
2.859626710906103142e+01 -4.215816914165564526e+02 -4.274522247703567928e+02 -8.242769096838959513e+02 1.544289044289044212e-02 1.347707847707847739e-02 7.025987296012451111e+01 4.473706848983635131e-01
3.136681897626887405e+01 -4.062252401871758707e+02 -4.239362349404970587e+02 -8.950010222062793446e+02 1.638306138306138207e-02 1.540404040404040435e-02 8.998651879008903620e+01 2.651504889322072733e-01
1.336683355797721902e+02 -4.356414118862434179e+02 -1.074952928191731871e+03 -9.362296448081886410e+03 5.322455322455322451e-04 5.128205128205128201e-04 6.813165058220693027e+01 4.906652175167457997e-01
7.752918433021618227e+01 -4.174511690154725443e+02 -4.407173814412663546e+02 -3.411803526525110556e+03 4.662004662004662001e-05 5.439005439005439001e-05 3.184137059936313463e+01 9.264209309546417304e-01
5.804315791619831799e+01 -4.180653433619945076e+02 -4.696033926009640140e+02 -2.097286578120541890e+03 3.679098679098679204e-03 2.393162393162393160e-03 5.119682141220422977e+01 4.245248833568417979e-01
1.871905021590805802e+02 -4.103935214648407737e+02 -1.105791948455322427e+03 -1.792272381340012726e+04 4.273504273504273501e-04 5.011655011655011651e-04 8.421728818826659335e+01 3.229408059661451613e-01
8.056942109699903654e+01 -4.052251848398005336e+02 -4.982517996374781433e+02 -3.639197258212321231e+03 3.263403263403263400e-04 2.797202797202797200e-04 3.640093142164009521e+01 7.428342748201316459e-01
9.144415234359578903e+01 -4.277017628760098660e+02 -5.843553799256578714e+02 -4.599366097753272697e+03 1.895881895881895880e-03 1.519036519036519144e-03 5.246390254551174337e+01 3.182564224481624487e-02
8.005536210413180243e+01 -3.784128753942356980e+02 -4.244985801231355254e+02 -3.574603757290444264e+03 6.565656565656565651e-04 5.672105672105672101e-04 4.601250281858786906e+01 6.627289023023675840e-01
1.426936695027162330e+02 -3.565531065121544430e+02 -3.945677891499702241e+02 -1.052702711801097394e+04 5.089355089355089351e-04 3.768453768453768450e-04 3.525216106866055554e+01 3.887698718171792578e-01
1.899061735094516621e+02 -4.383794944517380827e+02 -7.269020986343485902e+02 -1.846336956199079577e+04 4.273504273504273501e-05 4.662004662004662001e-05 4.740831601423793984e+01 8.244238436977330275e-01
8.589335787060035443e+01 -4.027993856564457360e+02 -4.653386885745434256e+02 -4.081483358952540129e+03 3.496503496503496500e-03 2.338772338772338987e-03 7.607827465587502047e+01 3.151973107045231148e-01
7.456744673601512829e+00 -4.106486714174785106e+02 -4.148587535618664219e+02 -4.371032750927748225e+02 5.279331779331779273e-02 3.323232323232323121e-02 3.466756438334680013e+01 6.947633871642018288e-01
1.848803317399664650e+02 -4.132885451156159888e+02 -6.673773897386407725e+02 -1.749212286268159369e+04 2.719502719502719500e-05 2.719502719502719500e-05 7.024590034999052079e+01 8.969135032994351997e-01
1.430369786601991962e+02 -4.387275230435881781e+02 -7.265882148862744998e+02 -1.066451344493159013e+04 3.690753690753690750e-04 3.185703185703185700e-04 4.233470148729672644e+01 4.248637999385108110e-01
5.599192328821924747e+01 -4.177814260554303019e+02 -4.348665701266705810e+02 -1.975585302028207479e+03 4.595959595959596064e-03 3.803418803418803524e-03 5.377517963796687184e+01 3.989478255719293154e-01
1.466585759884188462e+02 -4.290973282380415412e+02 -8.612363411986729034e+02 -1.117391112112377596e+04 4.001554001554001551e-04 6.759906759906759901e-04 8.614031755855197048e+01 6.466122774744305080e-01
5.685044042985618518e+01 -4.245416506534495511e+02 -4.748224979296330162e+02 -2.034733633566375829e+03 3.885003885003885001e-04 4.972804972804972801e-04 7.690877405745987971e+01 8.657745050466396641e-01
8.737637295080708100e+01 -3.830554559384493132e+02 -5.755056762975179936e+02 -4.193127415912252218e+03 2.447552447552447767e-03 1.767676767676767784e-03 4.855640177492266218e+01 1.795005229539589353e-01
1.526341488601562730e+02 -3.754637191039570325e+02 -7.544711569974166423e+02 -1.201569820758500828e+04 6.759906759906759901e-04 5.672105672105672101e-04 7.064201336794286590e+01 3.750930830463536925e-01
3.458921052027838616e+00 -4.060787353721262321e+02 -4.056112614808291141e+02 -4.106726211142056968e+02 4.638422688422688678e-01 3.087062937062937107e-01 5.066478765625807767e+01 5.074332778571137847e-01
1.798871612518750567e+02 -3.982347957253947470e+02 -8.674604243968781248e+02 -1.656901737681994928e+04 5.439005439005439001e-05 5.827505827505827501e-05 6.007233486388102506e+01 8.440625569431400299e-01
1.784067295153274131e+02 -3.930237310077591815e+02 -1.175422725411226111e+03 -1.629726643775211232e+04 3.108003108003108000e-05 3.496503496503496500e-05 4.420401473271536474e+01 8.452711385668626454e-01
1.172430590621349609e+02 -4.023618672184384764e+02 -5.093755542406487962e+02 -7.265523565126142785e+03 2.797202797202797200e-04 2.136752136752136750e-04 4.324886845598388163e+01 6.632180789051320691e-01
3.722649109175608118e+01 -3.954046717935798938e+02 -4.021148204034063269e+02 -1.082848885231502891e+03 7.801087801087801081e-03 8.383838383838384048e-03 4.512858806048453886e+01 5.117615917077162901e-01
4.121131609537665952e+01 -4.164840300830136925e+02 -4.489329498870687871e+02 -1.258219161391611806e+03 7.634032634032634351e-03 5.031080031080031184e-03 6.472696572686253091e+01 4.802296763183789285e-01
9.606791437809176770e+00 -4.309305051109378724e+02 -4.323115896652110450e+02 -4.763027555050941828e+02 4.320512820512820845e-02 4.680264180264179924e-02 3.682639410482015307e+01 3.771710771713851496e-01
6.437703557967692802e+01 -4.087393885770749193e+02 -4.577038352592220463e+02 -2.473645155167062512e+03 2.416472416472416687e-03 3.073038073038073144e-03 7.565103961934028121e+01 5.608382343628115496e-01
1.093395858645631904e+02 -4.460632602766434616e+02 -6.134137712463384560e+02 -6.415290744249908130e+03 3.263403263403263400e-04 4.195804195804195801e-04 6.164115608396130597e+01 7.188738114905186549e-01
1.515661403648657881e+02 -3.827733620546183033e+02 -5.095618090813036360e+02 -1.186099325823696563e+04 8.935508935508935501e-05 7.770007770007770001e-05 6.845813348878917282e+01 8.211534144673633406e-01
3.161233599811870221e+01 -3.958464453279630106e+02 -4.270392069225359819e+02 -8.882585479751081721e+02 7.303807303807303801e-04 8.080808080808080801e-04 5.894523535874280640e+01 9.022464763629585160e-01
1.260675360356308232e+02 -3.733596171957485126e+02 -5.176385206922083171e+02 -8.315894568469284422e+03 1.149961149961149960e-03 1.025641025641025640e-03 5.134476635954065671e+01 2.462327380949751732e-01
1.023453473023196807e+02 -4.037490081054505140e+02 -4.549221813376023533e+02 -5.638520039467633069e+03 2.237762237762237760e-03 9.790209790209790201e-04 6.786455735103496067e+01 1.215301395876415697e-01
3.813962885256917446e+01 -3.912290938379995850e+02 -4.120377119812275737e+02 -1.109535796605332735e+03 4.603729603729603617e-03 3.776223776223776221e-03 3.126145059666260906e+01 1.304042162781714753e-01
1.238179170226752177e+02 -3.793022335065051607e+02 -5.972052525622125358e+02 -8.034931024230074399e+03 3.185703185703185700e-04 4.312354312354312351e-04 4.884749553495315411e+01 5.997390052493964951e-01
3.244678762270427796e+01 -3.982051310448868549e+02 -4.117219559559868003e+02 -9.219751898964551629e+02 9.366744366744367278e-03 6.091686091686091681e-03 7.834997152436768886e+01 6.872959279746335692e-01
1.256079115258919643e+02 -4.052381857284337912e+02 -4.756805273029246450e+02 -8.288585331001055238e+03 6.954156954156954151e-04 2.175602175602175600e-04 6.061908685569702016e+01 7.987856360501778552e-02
8.270321296532048905e+01 -4.282133147135035642e+02 -5.269306038842166799e+02 -3.840921736692423110e+03 1.631701631701631700e-03 1.452991452991452990e-03 5.425842759475251142e+01 3.990072299259825872e-01
5.386398627461687738e+01 -3.839930893639152032e+02 -4.514492331520539210e+02 -1.827513994171862123e+03 1.223776223776223884e-03 1.724941724941724940e-03 4.611581297373645327e+01 6.892121595309582682e-01
1.900154391159119029e+02 -4.294017498571677152e+02 -5.825234803378946253e+02 -1.846741588404920913e+04 1.204351204351204350e-04 8.935508935508935501e-05 5.419354154264225087e+01 6.956089787656278833e-01
1.788272253597825170e+02 -3.968989987024781954e+02 -7.597699973916336376e+02 -1.637835636531332420e+04 7.770007770007770001e-05 8.547008547008547001e-05 5.345599785257418546e+01 7.852296875132799281e-01
2.533402281132558471e+02 -4.168096706081404932e+02 -8.388975434173003123e+02 -3.249857873043359359e+04 1.709401709401709400e-04 1.631701631701631700e-04 8.347557195446601952e+01 5.938835260719202980e-01
1.665679897950599582e+02 -4.084652275929940402e+02 -5.899363907914975016e+02 -1.426698009156284206e+04 2.097902097902097900e-04 1.903651903651903650e-04 6.231153729234841165e+01 6.644239350474454575e-01
8.117634446152807470e+01 -3.916735818031444296e+02 -4.097657857287701972e+02 -3.676996716696984549e+03 7.031857031857031851e-04 8.003108003108003101e-04 3.549344897400595755e+01 6.103179232423031619e-01
4.763142391312978674e+01 -3.952649786548304860e+02 -3.990360809639473700e+02 -1.527621074537002187e+03 5.555555555555555768e-03 4.568764568764568761e-03 4.160558975035944940e+01 1.807817764375870828e-01
1.329270710113119947e+02 -4.382322273355189282e+02 -5.874730910589775021e+02 -9.264952440168506655e+03 7.925407925407925401e-04 5.672105672105672101e-04 3.618014177413749621e+01 1.533133285720111039e-01
8.286138945718710147e+01 -3.877871887338918100e+02 -5.394844697048976059e+02 -3.814279547613663908e+03 1.247086247086247194e-03 1.926961926961926960e-03 6.500305726893398628e+01 5.519298955453859623e-01
8.656156555094341343e+01 -4.145779317129283754e+02 -4.364587224267582428e+02 -4.152585461510346249e+03 8.430458430458430451e-04 9.557109557109557101e-04 7.152268909693651722e+01 6.966515108335122886e-01
1.284478929503012523e+02 -4.090919816832802098e+02 -5.065071454273806353e+02 -8.650520120186865825e+03 1.942501942501942500e-04 2.214452214452214450e-04 3.665985984712609991e+01 6.357565764669019792e-01
3.365670800006589758e+01 -3.997862631443847476e+02 -4.134295825091302277e+02 -9.629529320614018388e+02 5.174825174825175254e-03 7.121212121212121098e-03 8.963133794491473338e+01 7.803986251520234063e-01
9.600543371896070255e+01 -4.248139437230182693e+02 -6.228451158460825354e+02 -5.020501027929938573e+03 5.322455322455322451e-04 8.430458430458430451e-04 4.275145912451826291e+01 5.182188114801109524e-01
1.949808402704745802e+01 -3.724742152870027212e+02 -3.752913389242941093e+02 -5.561761132213752035e+02 2.167832167832167700e-02 1.803418803418803396e-02 4.628904578337187559e+01 3.646765452913269812e-01
1.239307820563081464e+02 -3.836445971837433717e+02 -6.624557763776368802e+02 -8.052595591436489485e+03 4.700854700854700851e-04 2.641802641802641800e-04 3.339278293194625746e+01 4.303606759339272392e-01
1.824015684317127750e+01 -4.530569557479048513e+02 -4.556893397633029394e+02 -6.165302321176376381e+02 1.994560994560994407e-02 1.543123543123543079e-02 8.011059240333867137e+01 7.036813646478610185e-01
8.236500782475413018e+01 -3.977079651067221562e+02 -5.162791329791978114e+02 -3.779739685081397965e+03 2.447552447552447550e-04 1.825951825951825950e-04 3.180174179078763785e+01 7.500725600721490638e-01
9.936261130217580728e+01 -4.104262830116369969e+02 -4.517927222350862166e+02 -5.341561186304737021e+03 1.196581196581196580e-03 1.577311577311577310e-03 5.824433784612573106e+01 3.932619767994574578e-02
2.189522781676540717e+02 -4.291373881427105061e+02 -7.150121514006020789e+02 -2.439013644766536163e+04 5.827505827505827501e-05 5.439005439005439001e-05 5.674974926532892994e+01 7.937090143540340703e-01
1.464913713491081637e+02 -4.418755345430734565e+02 -6.795494061145386695e+02 -1.116103844601514174e+04 3.885003885003885001e-05 3.496503496503496500e-05 3.520753594407715070e+01 8.672205825711318816e-01
2.021734278504438720e+01 -3.957242345191285153e+02 -3.998881338936212728e+02 -5.952451333703029377e+02 2.012043512043511923e-02 1.588189588189588275e-02 4.589246917071506715e+01 2.849669951449982919e-01
2.805278874243254350e+01 -4.331731893702630600e+02 -4.517957354155215057e+02 -8.254611235936545199e+02 1.216783216783216826e-02 8.426573426573427325e-03 4.965802274176405717e+01 2.406441019559249495e-01
9.898901091730050439e+01 -4.033383712284771150e+02 -4.706177902536318811e+02 -5.291797854536044724e+03 1.017871017871017870e-03 4.195804195804195801e-04 3.177286335199439904e+01 3.010483246073238917e-01
2.142386653665439837e+02 -3.979661669790411338e+02 -7.211610519469185192e+02 -2.334013045262149899e+04 4.273504273504273501e-05 3.885003885003885001e-05 5.157220597127275141e+01 8.273885448433523360e-01
1.579836092190847125e+02 -4.175996051192204845e+02 -7.118542291096811141e+02 -1.288906028610022076e+04 8.702408702408702401e-04 6.993006993006993001e-04 6.076296240336901633e+01 9.990733424732123336e-02
3.437877383169096390e+01 -4.218787263049597414e+02 -4.291636048183026446e+02 -1.008309526122074658e+03 1.495726495726495790e-02 1.716394716394716372e-02 8.360338388127055964e+01 1.128438866760798354e-01
7.835301725827149255e+01 -3.972310537885975350e+02 -5.786275731832415659e+02 -3.460096904837188049e+03 1.114996114996115104e-03 1.515151515151515150e-03 5.367904947670847093e+01 4.768860533773599530e-01
5.818533519845911428e+01 -4.079014517797480153e+02 -4.417680058343648852e+02 -2.096005702365535853e+03 1.495726495726495834e-03 2.268842268842268840e-03 4.655084044308762259e+01 6.009113520961990584e-01
7.821297513632954690e+01 -4.275482310677809892e+02 -4.846218020691352990e+02 -3.476166853017418816e+03 7.575757575757575751e-04 9.557109557109557101e-04 3.864092136798515043e+01 5.853716520732897832e-01
5.431705546441165211e+01 -4.270996967503043606e+02 -4.634954323168644805e+02 -1.895308238735867008e+03 2.859362859362859360e-03 1.212121212121212120e-03 5.565975315722873518e+01 1.461542057738415556e-01
2.065023968354459214e+02 -4.269758009721066969e+02 -1.600438260650352277e+03 -2.174061952771994402e+04 5.400155400155400151e-04 4.273504273504273501e-05 8.071907169866599929e+01 1.612070854718273827e-01
1.973868049448277020e+02 -4.268924942552010862e+02 -7.633294627204860490e+02 -1.989831897879724056e+04 2.253302253302253300e-04 2.602952602952602950e-04 8.785908076126283106e+01 6.325288335451849653e-01
8.064297632762260548e+01 -4.023972241257691280e+02 -4.428355625996031790e+02 -3.643766125281188124e+03 1.569541569541569540e-03 1.188811188811188810e-03 7.438744571697097285e+01 5.743193429955927298e-01
1.787041492575301049e+02 -3.973656839257707816e+02 -1.219588972737496533e+03 -1.635678613236528872e+04 4.700854700854700851e-04 3.224553224553224550e-04 8.514842963826409061e+01 4.083668343798424472e-01
1.818944095836659187e+02 -3.933833953835403463e+02 -1.054007310968159345e+03 -1.693095369482801107e+04 6.954156954156954151e-04 8.236208236208236201e-04 6.003626526371570549e+01 5.538754915167930920e-02
9.855626103174627417e+01 -3.880761119538158255e+02 -4.038201241008539455e+02 -5.233171618961174318e+03 2.292152292152292150e-04 2.175602175602175600e-04 3.748353369000442115e+01 7.212279277270775557e-01
6.844040148949882507e+01 -4.191527721775397026e+02 -5.095074360821924984e+02 -2.757225278712242925e+03 5.159285159285159281e-03 5.730380730380730050e-03 7.800851961766529996e+01 1.026600301199589171e-01
1.830149100448483779e+01 -3.935118356886733295e+02 -3.943601872289406742e+02 -5.572025286785476510e+02 3.682206682206682485e-02 1.198523698523698555e-02 7.429289575250385269e+01 6.536879330742003669e-01
1.071442768726153361e+02 -3.918532196928181293e+02 -4.987255071085484133e+02 -6.125185387251655811e+03 1.282051282051282050e-03 4.234654234654234651e-04 3.475907255138526608e+01 1.628622318723493001e-01
1.191542755863522416e+02 -4.138023124834811597e+02 -5.358243316016319113e+02 -7.505137078460375960e+03 6.993006993006993001e-05 6.604506604506604501e-05 3.995331945266532614e+01 8.699328560203963834e-01
7.560873531375632695e+01 -4.364079783065812990e+02 -5.612223117535085066e+02 -3.289025517613273223e+03 2.579642579642579640e-03 1.612276612276612384e-03 5.531347392883456138e+01 2.997292306705758302e-01
2.138312446473397088e+01 -3.948024928390111086e+02 -4.066687352807844604e+02 -6.197395970290090190e+02 2.834498834498834496e-02 1.507381507381507467e-02 8.690909623566106745e+01 3.419623757360860661e-01
7.490720332097980361e+01 -3.952600177889636370e+02 -4.709154734892823058e+02 -3.191602114860579150e+03 1.239316239316239424e-03 1.864801864801864800e-03 4.003952198325835354e+01 4.544195900181018932e-01
1.256082429528067479e+02 -4.553313745555242917e+02 -9.437548042474790009e+02 -8.336516079433966297e+03 1.464646464646464754e-03 1.588966588966589074e-03 7.372697896523683880e+01 1.979938629684875884e-01
1.184279074318843357e+02 -4.436768310393533170e+02 -5.494827747206952608e+02 -7.443798228584139906e+03 1.942501942501942500e-05 1.554001554001554000e-05 3.751971280825055999e+01 9.401740748082839660e-01
2.317121157635374118e+02 -4.174662567013563717e+02 -1.784640260215805029e+03 -2.725277286930788250e+04 9.712509712509712501e-05 9.324009324009324001e-05 8.345609844134745003e+01 7.408256605898196900e-01
7.589659543573628753e+01 -3.878038357209834430e+02 -4.873489082117333737e+02 -3.259822100620946458e+03 1.301476301476301584e-03 8.935508935508935501e-04 5.788225192999167490e+01 6.084438226807665773e-01
1.140840215662003061e+02 -4.170276507771779393e+02 -5.587341770902819462e+02 -6.914536251602712582e+03 1.118881118881118880e-03 7.925407925407925401e-04 4.728468184127758889e+01 3.113791849267923961e-01
9.574429240165923716e+01 -4.184386458641203603e+02 -5.400856485494803110e+02 -4.993614335198217304e+03 1.674436674436674544e-03 1.192696192696192804e-03 8.758885699540311975e+01 5.002977509722156269e-01
1.329012603552214387e+02 -3.677469280431240577e+02 -4.976970807395389897e+02 -9.188111525282380171e+03 6.138306138306138301e-04 5.944055944055944051e-04 4.187553777541192801e+01 2.353980898330523264e-01
4.448580634786801369e+01 -4.155758902157773491e+02 -4.294718381144668342e+02 -1.399931275845299751e+03 7.292152292152292471e-03 6.569541569541569211e-03 5.436278468721152279e+01 4.510509400179568695e-01
8.829391316380601040e+01 -4.301021700610361904e+02 -4.583724869482936697e+02 -4.317647156258197356e+03 1.787101787101787100e-04 1.903651903651903650e-04 4.651958910754251519e+01 8.181342173009238383e-01
1.906629736469085117e+02 -4.045510890625385514e+02 -1.029422790419207558e+03 -1.857528145440425214e+04 3.885003885003885001e-04 3.846153846153846151e-04 6.288899972767363522e+01 4.143795612042824317e-01
4.953430757162109899e+00 -4.213091099160020008e+02 -4.223542353339352644e+02 -4.323479571967575339e+02 1.921484071484071410e-01 1.743084693084692993e-01 6.714080676625586364e+01 2.786658598519454189e-01
1.722433978404098980e+02 -4.255313741700988430e+02 -7.021141802122302806e+02 -1.525235937971743442e+04 5.011655011655011651e-04 4.739704739704739701e-04 4.201801827734800554e+01 1.706723367023183779e-01
4.209055393204840101e+01 -3.857710504414478123e+02 -4.053218687581589279e+02 -1.265762118331668489e+03 1.155788655788655798e-02 8.162393162393161844e-03 8.790285601397485493e+01 3.062377310858631074e-01
1.305396344686923840e+02 -3.876160618570137899e+02 -5.827969517453960862e+02 -8.898826283180633254e+03 6.604506604506604501e-04 4.351204351204351201e-04 6.322928419070623107e+01 3.982505538775910625e-01
1.062107573847485931e+01 -4.247320585883734338e+02 -4.307956077129785513e+02 -4.749297383260787342e+02 5.118104118104117861e-02 3.378399378399378483e-02 7.747449533895124318e+01 8.747686677241680586e-01
2.548309241230788587e+02 -4.162978355474413092e+02 -1.725686099060524384e+03 -3.287849164472124539e+04 1.631701631701631700e-04 2.408702408702408700e-04 7.879515921346643381e+01 5.630137732883396806e-01
5.295863071280235346e+01 -4.403874116022860221e+02 -4.550730138807300591e+02 -1.838915555739585898e+03 9.257964257964258065e-03 7.113442113442113544e-03 6.821354036115911867e+01 1.258586373949277526e-01
7.373640183783200541e+01 -3.920856159564787617e+02 -4.938575361497964877e+02 -3.107487388136140908e+03 9.634809634809634801e-04 8.702408702408702401e-04 4.057081876701547429e+01 5.015633937176987578e-01
3.773886137507369654e+01 -4.246258033118662070e+02 -4.628828543989120021e+02 -1.135298408167196840e+03 6.406371406371406257e-03 2.529137529137529244e-03 6.007144813572099906e+01 1.925564208473528466e-02
1.215141858462922215e+02 -4.235426451068552751e+02 -4.456990730790917041e+02 -7.794100594845192063e+03 1.359751359751359750e-04 1.437451437451437450e-04 3.611663210222360476e+01 7.759979287757907684e-01
1.278382494960950595e+02 -3.806308133690945397e+02 -5.593133057741717948e+02 -8.539041015245058588e+03 2.719502719502719500e-04 2.292152292152292150e-04 3.842918417555943478e+01 6.310371283639903961e-01
2.858549330740613570e+01 -4.370139058377365586e+02 -4.470284148887250808e+02 -8.406456355469030086e+02 5.633255633255633034e-03 3.780108780108779997e-03 4.077284144775840957e+01 6.734315347023367426e-01
1.400178453416193634e+02 -4.038961743812171221e+02 -5.249152856202912290e+02 -1.019848413087304289e+04 7.420357420357420351e-04 6.759906759906759901e-04 4.878209176254833324e+01 3.209994240067267079e-01
1.836893708060117945e+02 -3.929916942524338879e+02 -1.362111788803385025e+03 -1.725464534043660387e+04 3.496503496503496500e-04 5.050505050505050501e-04 6.411070161642713572e+01 2.893382491549152391e-01
9.758160476473787526e+01 -4.231665322203666619e+02 -5.466698336040744834e+02 -5.172899735330302974e+03 1.554001554001554000e-05 1.942501942501942500e-05 3.063087268959645115e+01 9.428824032032867564e-01
6.156826455606636728e+01 -3.889359997764792638e+02 -4.539279864788969689e+02 -2.279111931048264523e+03 2.012432012432012647e-03 1.398601398601398600e-03 6.169255215089900446e+01 1.195869052259462828e-02
1.564093420060405037e+01 -3.765837580427086664e+02 -3.858757737787595374e+02 -4.977786513151860390e+02 4.858585858585858647e-02 4.892385392385392717e-02 8.192507538997477923e+01 1.325766558477294021e-01
1.784966348652488932e+01 -3.681070270496780950e+02 -3.710609842485264949e+02 -5.211424444263075202e+02 2.347319347319347382e-02 1.768065268065268161e-02 8.364198302489675996e+01 1.928205801776740683e-02
1.226259324803297091e+02 -4.078314026986982412e+02 -5.904016245825984015e+02 -7.912712027918973945e+03 1.592851592851592850e-04 1.942501942501942500e-04 4.420336693232960812e+01 7.745043602736135790e-01
1.591063679384319869e+02 -4.148207665185202586e+02 -6.846690365044873943e+02 -1.306394145954796659e+04 4.001554001554001551e-04 4.623154623154623151e-04 4.824894700457144836e+01 3.998633463304280267e-01
1.642629618260078814e+02 -4.412370169167584208e+02 -6.229242513634662828e+02 -1.392422943035159733e+04 2.253302253302253300e-04 2.331002331002331000e-04 7.842238664458315611e+01 7.285550565160042735e-01
7.879317019193936744e+01 -3.954409270633854590e+02 -4.266715516732685956e+02 -3.486631759250344203e+03 1.010101010101010100e-04 8.935508935508935501e-05 5.858670252728847316e+01 9.124334341610857990e-01
8.445092452627332591e+01 -4.085597826480878325e+02 -4.442473541172699356e+02 -3.964073484096089942e+03 1.670551670551670550e-04 1.398601398601398600e-04 5.537298961371163841e+01 8.726653046894909949e-01
1.504535307137549012e+02 -4.317030621826091306e+02 -6.001972930060795761e+02 -1.173625080534792141e+04 3.690753690753690750e-04 8.935508935508935501e-05 3.533598508092565993e+01 5.448507315371996229e-02
7.558901301646028514e+01 -4.329654851406478997e+02 -5.005887712529865325e+02 -3.283377901208131789e+03 2.610722610722610720e-03 2.253302253302253300e-03 3.958714194933005359e+01 1.699707466728730409e-01
5.252492618834529026e+01 -3.853483859925148067e+02 -4.363976232506698238e+02 -1.758310824403043171e+03 3.982128982128982017e-03 2.439782439782439780e-03 5.411979396497297046e+01 4.549278032743774292e-01
2.684303882016999410e+02 -4.396496505424439079e+02 -7.776862606499955746e+02 -3.645640302547037572e+04 1.165501165501165500e-05 7.770007770007770001e-06 6.698720279190501969e+01 9.185448057422860302e-01
1.902440038097728916e+02 -4.283964701484649140e+02 -7.461340701130059188e+02 -1.852243076365655361e+04 6.915306915306915301e-04 5.205905205905205901e-04 7.760121828452334114e+01 3.170964337062788241e-01
1.629013043967321153e+02 -4.466407190402849778e+02 -5.539670243179529052e+02 -1.370433776163564289e+04 5.749805749805749801e-04 5.982905982905982901e-04 5.803207129667015352e+01 1.950241123967943191e-01
1.497722005656971191e+02 -4.043771163444618537e+02 -4.975795123259633783e+02 -1.161371836111060657e+04 8.158508158508158501e-05 8.158508158508158501e-05 4.221710387794185948e+01 7.940247317629980373e-01
2.358075285335492310e+01 -4.232148547149275259e+02 -4.310561758055842461e+02 -6.935201771764576506e+02 2.249417249417249524e-03 1.783216783216783324e-03 3.571568756127479105e+01 8.205796120737144372e-01
8.475497342789414290e+01 -4.093591342589692204e+02 -5.135438900929652846e+02 -3.993144813293137759e+03 4.156954156954156951e-04 5.244755244755244751e-04 6.037214519947791302e+01 7.143034099621137223e-01
6.594069917395123070e+01 -4.020526145223233243e+02 -4.442420495714468984e+02 -2.569586697581105454e+03 5.932400932400932504e-03 3.892773892773892987e-03 8.115901454201042498e+01 3.338070186056715793e-01
4.019894599922362488e+01 -4.106277306802348335e+02 -4.201472421823509649e+02 -1.206532654250209589e+03 4.156954156954156951e-04 4.662004662004662001e-04 7.346511624590560530e+01 9.223002164608946618e-01
1.184346460854625462e+02 -3.979996586859851391e+02 -4.370996104913916156e+02 -7.401799898205375030e+03 4.817404817404817401e-04 4.195804195804195801e-04 4.671014124024159742e+01 5.693401650668384884e-01
1.031155440145263640e+02 -3.837243086612894558e+02 -4.681528385341422336e+02 -5.692511407448753744e+03 2.369852369852369850e-04 3.457653457653457650e-04 3.011415391998067648e+01 7.033731457718201963e-01
1.709524125704916457e+02 -3.752403972926139772e+02 -6.585914189764836237e+02 -1.498229056160478649e+04 5.205905205905205901e-04 1.515151515151515150e-04 5.522105667692763831e+01 1.359043767604377062e-01
1.909079228392463676e+02 -4.375087443810879222e+02 -9.060136593150759836e+02 -1.865033518972373713e+04 5.982905982905982901e-04 1.359751359751359750e-04 6.197248295012180819e+01 1.686057781675125711e-01
2.085667234591344510e+01 -4.195665183128937201e+02 -4.394181670074104886e+02 -6.318246963689439326e+02 1.111499611499611531e-02 9.669774669774670525e-03 5.577555455014636721e+01 6.035791210439644949e-01
1.382205773690231752e+02 -4.167918403982409359e+02 -5.461039530762689083e+02 -9.959311555603171655e+03 8.780108780108780101e-04 8.391608391608391601e-04 8.537835964701977787e+01 3.273736435140670586e-01
2.582936059834722897e+01 -4.142372431206450187e+02 -4.206483404932603207e+02 -7.439832088220661035e+02 6.930846930846930841e-03 7.820512820512820831e-03 3.123432668683943803e+01 5.024924549889971948e-01
1.233337034559603040e+02 -3.781013877277505344e+02 -5.341959203396527300e+02 -7.976785770829815192e+03 6.526806526806526801e-04 4.351204351204351201e-04 4.775449991268383343e+01 3.911070894671423992e-01
2.360526218717966458e+02 -4.009239266415116845e+02 -2.108961926940806734e+03 -2.825444732447624483e+04 4.312354312354312351e-04 1.359751359751359750e-04 8.745244300450963237e+01 2.058446419630206303e-01
4.729364600146482900e+01 -4.148071935042736413e+02 -4.665760452835659180e+02 -1.528247109387083356e+03 1.083916083916083850e-02 7.999222999222999758e-03 8.235307923314900336e+01 3.618250434326339970e-01
1.028124665581874524e+02 -4.373615168473791641e+02 -4.969448285442380211e+02 -5.712722876133444515e+03 9.052059052059052051e-04 9.129759129759129751e-04 3.237528241880211510e+01 2.614300740404769119e-01
3.967661821442182202e+01 -4.334862418945037916e+02 -4.491493745112098850e+02 -1.216259642812692846e+03 2.198912198912199127e-03 1.876456876456876564e-03 4.768346340450561627e+01 6.799295481537093178e-01
1.132119462719313958e+02 -4.358817065587929847e+02 -7.323133588969601533e+02 -6.836447955428612659e+03 7.575757575757575751e-04 4.351204351204351201e-04 4.721139467496370656e+01 3.430411090485790404e-01
1.011371334531351884e+01 -4.060799424620261107e+02 -4.087532900171327697e+02 -4.562008842672087212e+02 8.986013986013985377e-02 3.685314685314685507e-02 7.810825015312582309e+01 8.078175113435699384e-01
1.305249070611327795e+02 -4.083229982980121235e+02 -4.632694508045998987e+02 -8.916310995481328064e+03 3.574203574203574200e-04 3.768453768453768450e-04 3.164529382738430741e+01 4.040733662670612514e-01
4.420994224686998564e+01 -3.820836709830737732e+02 -3.989585025073985207e+02 -1.352666252304876934e+03 1.219891219891219890e-03 1.445221445221445220e-03 4.272321947127616681e+01 7.224360800356837142e-01
1.001676823161706551e+02 -4.185114106483043201e+02 -6.711684538860006342e+02 -5.428947505301362071e+03 2.455322455322455320e-03 1.678321678321678320e-03 6.445801327991824792e+01 1.924391525422465554e-01
3.690046516526734166e+01 -3.814569284851405087e+02 -3.987187927699470151e+02 -1.055962278478612461e+03 5.811965811965811961e-03 5.470085470085470081e-03 3.864987466707408714e+01 9.048356690010667114e-02
9.241768736024987163e+01 -4.176180454910654589e+02 -5.859136016561594715e+02 -4.680430209165472661e+03 1.289821289821289820e-03 1.282051282051282050e-03 5.129009876711060656e+01 3.799106264964028923e-01
1.738772887972898786e+02 -3.944910782709080763e+02 -7.798150823530228308e+02 -1.549817446796261720e+04 1.554001554001554000e-05 1.554001554001554000e-05 5.193431101473773026e+01 9.210423374874355806e-01
6.347455038420536155e+00 -3.839427927331796582e+02 -3.835152975432508811e+02 -4.021862184681562553e+02 1.574708624708624771e-01 1.239316239316239354e-01 8.002849692467574982e+01 5.053531372627191320e-01
1.611986338617987826e+02 -4.068788105447749786e+02 -4.523619251977065687e+02 -1.339487363444232142e+04 6.099456099456099451e-04 5.400155400155400151e-04 3.244255425972057338e+01 1.537271298873231218e-01
5.938306834116476551e+01 -4.102121781742333155e+02 -4.446659147898429865e+02 -2.166981540973299161e+03 2.078477078477078584e-03 2.466977466977467084e-03 3.088129387953531690e+01 3.629272130450101885e-01
1.761986176942544375e+02 -4.172987389698401444e+02 -8.235104620515778606e+02 -1.592784669149927686e+04 5.594405594405594401e-04 1.515151515151515150e-04 4.461243326454694369e+01 1.422421226736594324e-01
2.337237502142278345e+02 -4.521077342295661197e+02 -1.390166546105935140e+03 -2.775462184159924072e+04 5.439005439005439001e-05 7.770007770007770001e-05 6.838342373384097073e+01 7.887488464242603525e-01
8.128936089248115593e+01 -4.143153739798215156e+02 -4.558770767190555944e+02 -3.712106272438637461e+03 9.712509712509712501e-04 8.585858585858585851e-04 8.168913337519425966e+01 6.763504698729667641e-01
8.400500253793154570e+01 -4.285107491175628525e+02 -4.844810109594779988e+02 -3.945803527295160166e+03 1.204351204351204350e-03 1.080031080031080030e-03 4.690868124998213773e+01 3.928215589837580346e-01
1.230399125326019316e+02 -3.616405824811211573e+02 -4.171392343602811934e+02 -7.923071403848705813e+03 6.643356643356643351e-04 7.264957264957264951e-04 8.248426776318972031e+01 5.764493512108236350e-01
8.945025026350840847e+01 -3.960479735262406962e+02 -4.702787799631059897e+02 -4.386086263782636706e+03 4.467754467754467751e-04 3.846153846153846151e-04 6.386687922444461663e+01 7.632413325595472919e-01
1.212826228218284825e+02 -4.478718569305574988e+02 -6.983521032518385709e+02 -7.796978652364393383e+03 1.732711732711732710e-03 1.623931623931623930e-03 8.987857668080860662e+01 2.368808814059030210e-01
