# format=SNRtot_MF, evidence_inj-nofilter, occams, mass_in_solar, chi_inject]
1.499756596185487751e+02 1.123827837364902916e+04 7.108824089956165479e-03 7.549527846377264950e+01 6.159519893691924874e-01
2.277244474097535374e+02 2.592997881168593085e+04 4.267517946763229458e-02 1.130629098769765903e+02 2.834094865185401990e-01
5.086671646851037565e+01 1.290367035576792432e+03 5.911314401880439495e-02 6.710090918791311765e+01 4.844264167447213110e-01
2.259163935682239526e+02 2.551506159030256822e+04 3.134807191410964727e-02 8.117789831893270502e+01 2.728336299879298155e-01
1.730836554488529089e+02 1.496568328665705303e+04 5.399911060288419299e-04 4.593937222294545109e+01 7.273615617777193787e-01
2.400051110316244944e+02 2.879256956545634603e+04 3.494060097833682566e-05 1.192742576317034775e+02 9.443818691166065982e-01
4.482121023152244987e+01 1.001057887354352033e+03 3.371450352582427978e-02 5.436852574851051401e+01 5.888938884064121027e-01
3.727977695488226004e+02 6.948032671157953155e+04 1.905850962454736191e-05 6.776698336136206535e+01 9.253008137938055766e-01
2.574959925299222618e+01 3.240185590678792096e+02 8.172924210660060390e-03 3.829019484941879625e+01 7.671599546655951674e-01
3.457153338979188106e+01 5.817905215690918794e+02 6.578362238739597460e-03 2.007467356904060551e+01 3.709848616192977233e-01
2.331066015640928697e+02 2.716017299557350270e+04 2.639603582999809368e-03 5.139582247544313987e+01 5.358553418596496698e-01
5.218942445077673398e+01 1.356517302104528426e+03 4.440950384346610547e-02 1.146378457669680841e+02 5.605846992211558355e-01
7.251633576739985187e+01 2.627630802450798456e+03 6.743535988819007732e-03 5.033595231638083334e+01 5.163065666366716266e-01
2.385881823894121965e+02 2.845382041137522174e+04 1.218791690489803674e-02 7.054187994325019417e+01 3.109476441559184678e-01
2.774131696026291820e+02 3.847631348956334114e+04 1.845816657137411970e-02 9.072419471969492122e+01 9.626187099966497518e-02
4.160698656027778242e+01 8.629492774988094652e+02 3.688774537831141648e-02 7.546451458157420689e+01 3.343098720804746904e-01
1.236717565126782716e+02 7.644936910658570014e+03 6.486246108887618739e-03 1.132066455476455502e+02 4.918285581022127095e-01
1.589244015697240400e+02 1.261965614977091718e+04 1.143510577472841606e-03 9.624789695835396230e+01 7.475170457187643169e-01
6.893392399265479753e+01 2.374037198339880888e+03 3.363826948732609283e-03 2.773034055117327767e+01 6.869901814557369812e-01
2.692333874949335382e+01 3.575483704861359797e+02 2.708531859475255682e-02 2.955972808506547977e+01 4.054482255673365065e-01
8.882465837123524466e+01 3.926467536361290058e+03 1.632678991169557274e-03 2.316018546687238810e+01 4.300413132834011720e-01
1.611777126002895102e+02 1.297961469016648698e+04 1.410329712216504619e-03 8.979535155755715436e+01 6.234156784749802505e-01
5.943878764786829549e+01 1.764383536748946881e+03 2.301315037164093635e-02 3.101805251170372202e+01 5.493106827461581576e-02
2.162891434458514084e+02 2.338514436008172197e+04 2.118035702941363160e-02 5.957628910083856510e+01 5.267869458841933916e-02
2.430510967302876395e+02 2.952672028092992696e+04 1.359507019884378465e-03 7.652447057340185665e+01 6.477072718754086633e-01
4.512161872513249250e+01 1.014811647115091318e+03 1.628232005590496065e-02 4.389986305753535589e+01 7.265606605647240146e-01
3.619189047023504457e+01 6.373316229818813099e+02 8.824089956165428322e-03 2.051522342905778729e+01 4.263500937449837269e-01
2.412871999952998578e+02 2.909740037185868277e+04 3.811701924909472383e-05 6.524065844688431071e+01 9.465019408812067603e-01
2.458020373418784743e+01 2.980039044329244007e+02 4.217330538085255209e-02 3.904049700374407195e+01 7.181934635775020226e-01
5.015030568962594515e+01 1.253046005093068970e+03 6.437329267517946652e-02 1.123500211463929332e+02 3.295363154989050525e-01
2.228585715361968198e+02 2.482333955175029769e+04 4.224636300107998061e-04 1.169711513279242325e+02 7.512784709741378020e-01
9.571877185668189725e+01 4.575244082908250675e+03 6.752747601804205690e-02 7.398025481418140714e+01 3.439235118600830754e-01
2.118272646697034034e+01 2.185069820266712100e+02 4.265612095800774828e-02 6.251129995101222647e+01 2.395715690060913894e-01
3.076357128055509449e+01 4.659393453650912988e+02 4.262753319357093229e-02 3.117142685885301745e+01 1.281984719255314653e-01
3.392330537904709331e+01 5.681150218434456747e+02 3.659233847913093054e-03 1.086596424598036066e+02 8.857591507261920460e-01
1.960138156660767379e+02 1.920031094863813632e+04 7.305762022743154949e-05 2.101628180760923215e+01 8.712436928516645862e-01
5.211731439601662430e+01 1.342066278071065881e+03 7.934692840353217702e-03 2.679932477442907413e+01 6.166423147198756283e-01
1.681602958946681881e+01 1.357464973172300802e+02 1.754780509497490537e-01 8.030719886819548492e+01 2.205994913060482232e-01
2.731480164305641267e+01 3.736708575814301412e+02 1.160567943586811451e-01 5.424211236009549708e+01 3.599205268556869841e-01
1.587698529534910676e+02 1.258355088805326886e+04 4.542278127183787336e-04 2.084965627400272936e+01 3.815715268395173387e-01
2.337482003375853594e+02 2.731337960370023211e+04 8.433390508862206522e-03 9.535615519291238229e+01 3.914740365517971332e-01
1.148230905250685510e+02 6.588916647579838354e+03 4.348834254494631651e-02 7.536341146672995706e+01 3.594542817442001881e-01
1.049361351657942549e+02 5.501405389907781682e+03 4.409186201639031522e-02 8.310899594042692229e+01 2.847446265660102949e-01
2.195282056475928130e+02 2.408796011121461925e+04 6.140016517375008163e-03 6.119946929406557956e+01 4.353416605120023486e-01
6.097620237105297747e+01 1.856193998104386083e+03 2.636744806556127335e-02 4.471858344467378998e+01 1.668102784907745384e-01
1.888644068052327896e+02 1.782009074851122568e+04 5.990724858649387058e-03 2.770074620720468062e+01 4.096099768110031403e-02
8.584151597807577616e+01 3.670306735921511063e+03 4.364398704021345797e-03 2.062590155886799081e+01 2.224706313888026935e-02
2.020262270632535362e+01 1.965249272612711593e+02 7.801283272981385762e-03 2.165649353384494802e+01 6.889006382035935960e-01
1.423471564222034260e+02 1.009675903735455904e+04 3.494060097833682566e-05 2.127814249038909011e+01 6.358789347821931504e-01
6.875837079091434134e+01 2.361921219076300986e+03 1.050219172860682310e-01 9.608592493715885041e+01 2.441749849655907856e-01
3.553979238917630568e+01 6.269008348709112397e+02 2.206340130868432725e-01 8.521804868068834082e+01 8.206605326927397803e-02
1.740254969304121460e+02 1.512941054157214785e+04 1.461152404548630990e-04 1.041538044865343977e+02 8.268569066601308970e-01
1.566047255208801232e+02 1.225818908850713706e+04 8.544565148338733067e-04 8.581729614228709124e+01 7.576820515614467455e-01
1.130147185284199196e+02 6.373441126448848081e+03 7.305762022743154949e-05 5.024821633046687452e+01 9.079574787429819382e-01
3.104952496703780298e+02 4.819543754362824257e+04 4.415221396353471951e-04 8.991599556629651602e+01 7.014053095839657415e-01
1.613506104562656560e+02 1.301193913014769532e+04 2.985833174512419943e-04 5.001875659082253378e+01 8.193515186182307453e-01
1.863540569428889739e+02 1.735887993508976797e+04 4.170954831332189527e-02 9.620052263188880204e+01 1.272887639539285742e-01
1.336416395294630490e+02 8.928814339274056692e+03 6.228956228956228879e-03 8.853193511708558106e+01 5.372343711705854785e-01
1.517900482240976032e+02 1.151976577635686772e+04 3.209453020773775367e-02 4.337438744772531862e+01 1.234776733569363516e-01
5.254696552668156073e+01 1.375141610989011724e+03 2.658662092624356973e-03 3.487759010010080374e+01 6.443029240561821691e-01
2.220965956955394631e+02 2.465738312089190731e+04 1.988437837494441435e-03 7.309457242482322670e+01 5.179304088246694526e-01
1.274104938027813461e+02 8.105241320669996639e+03 6.241661902039260905e-03 2.683617099000341000e+01 3.311320563387453730e-01
7.207162652928245983e+00 2.286656028392411599e+01 9.386315990089574846e-02 5.815119433285618555e+01 6.930264866582005467e-01
3.057272182659639839e+02 4.672552520340902265e+04 3.221205768375579731e-02 9.669937728559399659e+01 8.626608576626026981e-02
2.316730688858214933e+02 2.682995787316043788e+04 3.817419477796836491e-02 9.577380617388797646e+01 5.693710869691606669e-02
2.707955667226665923e+02 3.666210130585682055e+04 6.117146305825551383e-02 1.061128942950128362e+02 3.723378712743198593e-02
1.324846477095213686e+02 8.767501288603334615e+03 1.905850962454735920e-04 4.324125924807690780e+01 8.341573600657012921e-01
2.830422849782648882e+02 4.004899632516355632e+04 2.280668318404167633e-03 5.787467565788200830e+01 5.317520704700168244e-01
2.573330281017958043e+01 3.300697684340704541e+02 6.199097897211104657e-02 4.652468463817406530e+01 5.576191167907943447e-01
4.173725835374170146e+01 8.690174871440592597e+02 2.203290769328505316e-01 1.149604183264365957e+02 1.550151642343792491e-01
3.128928713874804544e+02 4.894570635865531949e+04 1.921733053808525465e-03 9.700724291328685922e+01 6.496086935966987053e-01
1.724942891163631487e+02 1.487010564440059352e+04 1.397624039133473026e-04 1.187363319172761607e+02 9.105984092385521755e-01
8.376500504295330529e+01 3.510222254898648316e+03 2.272409630900196903e-02 6.323625069624906558e+01 2.036447556409740345e-01
4.275215623299659029e+01 9.089266920749671499e+02 6.472905152150434938e-02 6.321819411287472690e+01 2.921476582835031907e-02
6.038631680370462362e+01 1.813157137315300133e+03 5.622260339241471087e-04 5.390061936019197475e+01 8.649692619684210548e-01
9.154997674304438249e+01 4.184490687258860817e+03 5.145797598627787446e-04 5.704817401243306563e+01 8.684266652701458922e-01
6.052964444189196058e+01 1.826158770789930486e+03 9.834190966266437989e-03 3.035041797677425279e+01 4.339327055120406618e-01
6.214074509149916281e+01 1.927523069844740803e+03 2.158693856807064257e-02 2.946594053769421606e+01 1.546754013185143994e-01
1.184361400998538585e+02 7.006929512586059900e+03 2.572898799313893723e-04 5.889852790204295729e+01 8.024106402702299023e-01
1.827412874286466433e+02 1.668746745480146637e+04 2.474112191093323296e-02 3.873551694741644269e+01 1.775269851822309716e-02
1.460407115320001878e+02 1.065725626690136596e+04 1.289625817927704705e-03 1.105661994104860639e+02 6.979865356528588416e-01
1.077489853699026980e+02 5.796704659800918307e+03 4.053109713487071560e-03 7.189660664691994896e+01 6.035810878719325423e-01
8.096670984107525726e+01 3.276676147184541151e+03 8.664951400800458003e-02 1.165514133876013432e+02 3.221261993900769588e-02
6.040291008306265752e+01 1.821295048080795141e+03 8.228511530398323337e-02 7.830200666627916917e+01 5.483532176642820222e-01
1.197947316987472988e+02 7.171255783680200693e+03 5.444380916079029006e-03 5.223807422896538810e+01 5.395217026407185257e-01
9.304102725247118144e+01 4.324329028314830794e+03 6.143192935645766170e-03 6.709923083534195598e+01 4.911158928198176565e-01
7.825681241820852563e+01 3.061963521334195320e+03 6.577726955085445859e-02 9.364685433524455505e+01 4.940973867448814061e-01
2.071562505744341252e+02 2.144924678103561746e+04 2.858776443682103948e-05 5.520145294432486338e+01 9.038827849054581476e-01
1.513394133726233690e+02 1.144942539072639374e+04 3.930182326408741822e-02 6.694161900847166180e+01 1.226579110711014803e-01
7.482452603039234873e+01 2.793411944901651623e+03 4.542278127183787227e-03 7.787180695930675256e+01 6.795209233738043197e-01
1.928452771370149321e+02 1.858539584888852551e+04 3.414649641064735220e-03 4.562422039766615001e+01 4.636501670988028567e-01
6.910283383855220052e+01 2.385603809552038001e+03 9.567371831522774109e-03 3.066808585289474820e+01 7.014084964300900671e-01
3.212832862711223925e+02 5.160049057032274868e+04 3.811701924909472383e-05 9.553295498641419670e+01 8.753340309822903453e-01
1.198598208134198160e+02 7.178313711720336869e+03 4.985706117781589508e-02 8.367267198749892998e+01 1.683558763867576691e-01
5.745157622179987555e+01 1.638267192788561260e+03 1.838510895114668642e-02 3.400077724417264591e+01 3.362287810608192151e-01
2.523715385506715450e+02 3.184078815037041204e+04 7.899752239374880497e-03 5.971876326361164189e+01 3.677476192218991358e-01
2.147988212283274123e+01 2.252238309046961717e+02 5.710247125341465224e-02 4.276763592914971923e+01 7.100054915854870918e-01
2.721863483122708658e+02 3.703969773498251016e+04 3.488342544946318458e-02 1.049937740633536265e+02 1.571321554936734033e-01
1.422950348005730632e+02 1.009377847478173499e+04 2.719014039768756930e-03 2.263453796024303344e+01 7.278433452555306271e-01
2.245357359654902041e+01 2.485053707082632286e+02 9.809097261927450517e-02 9.589724580736101700e+01 3.381822145833645599e-01
