# thresh=2.58, format=SNRtot_MF, evidence_inj, evidence_filt, nofilter]
3.487707516783320472e+01 -3.044898780388330692e+02 -3.023063591973926805e+02 -9.077120977896851173e+02
1.681119248508641562e+01 -3.562851489479211295e+02 -3.546553567281167147e+02 -4.936338746838582097e+02
2.596375298009129295e+01 -3.134060793654496706e+02 -3.120744747074854786e+02 -6.432085013523943644e+02
2.497792780872549656e+01 -3.239864959277014691e+02 -3.228508705382450898e+02 -6.275886315031062850e+02
2.928889053818686605e+01 -3.286160656669634932e+02 -3.260677411404295185e+02 -7.534438890846050754e+02
2.757344141938652982e+01 -3.751288809541217120e+02 -3.743853195019215150e+02 -7.493466534966097470e+02
2.660111418266698280e+01 -3.233950090482628639e+02 -3.219728874982792490e+02 -6.695318457738198958e+02
2.789075230226429625e+01 -3.127481529288718889e+02 -3.116614847916593476e+02 -6.966891726116693917e+02
2.142606043391294790e+01 -3.511764313671932314e+02 -3.499403710953463928e+02 -5.773966673840104704e+02
2.674685685472602259e+01 -3.348153086855135712e+02 -3.334062888437809988e+02 -6.865688314838353108e+02
2.904123518282586147e+01 -3.140225244803503415e+02 -3.131826897941473931e+02 -7.310669233015952386e+02
2.998597473766263732e+01 -3.112465457784922478e+02 -3.097981222780258008e+02 -7.554893385405215440e+02
2.205306231737624856e+01 -3.794475940753428063e+02 -3.772841286198049033e+02 -6.182168349399885301e+02
3.282918973369812932e+01 -3.225338817181664126e+02 -3.210851052490622237e+02 -8.560739792502159844e+02
2.807424927267383552e+01 -3.318204670572619079e+02 -3.299319586170095704e+02 -7.207998560096951906e+02
3.238165674323953880e+01 -2.867160955718755986e+02 -2.854210725217861864e+02 -8.051694278092717241e+02
2.445370253450859366e+01 -3.389071384120023254e+02 -3.370795147586906069e+02 -6.310322837578050894e+02
3.469125566909937675e+01 -2.644555368415688577e+02 -2.625354122625481068e+02 -8.610003448922853977e+02
3.031540813423794845e+01 -3.517851727018319252e+02 -3.496719875009877683e+02 -8.049587149517260514e+02
2.162671212372381291e+01 -3.596646944824000229e+02 -3.579422116181843876e+02 -5.880199343278734432e+02
3.100375947158613599e+01 -3.152536640751226855e+02 -3.139209395518535644e+02 -7.902979144588877034e+02
3.853879530812672272e+01 -2.459988651150420935e+02 -2.441569718704346315e+02 -9.820671573996274901e+02
2.604078430257423449e+01 -3.362353241006093754e+02 -3.349006379730617482e+02 -6.692580244210271303e+02
3.112565363166457288e+01 -2.870147098157840446e+02 -2.859440710675445985e+02 -7.659868878448637588e+02
3.252276461924373052e+01 -3.222766582106829674e+02 -3.205214268390066650e+02 -8.458196352917423155e+02
3.660783123086226709e+01 -2.565139059899843232e+02 -2.550732085279720422e+02 -9.205212617404381490e+02
2.287692708638764572e+01 -3.092281374750789951e+02 -3.080375319567546626e+02 -5.663156706131691180e+02
2.988365937560336860e+01 -3.428224993301782320e+02 -3.416317870093257056e+02 -7.821792244189688290e+02
3.144737221137559047e+01 -3.243262129140293837e+02 -3.220645680709534986e+02 -8.128837573283399252e+02
3.506898022246085134e+01 -2.757384837078313353e+02 -2.739987392741202257e+02 -8.848565221528615439e+02
1.635151823247243996e+01 -3.546965786645681646e+02 -3.535752881865724362e+02 -4.851739360994163235e+02
2.866847099257962128e+01 -3.240518604563707754e+02 -3.223032866477720404e+02 -7.287217522037108210e+02
2.990502963885371202e+01 -3.013837878294683037e+02 -2.989287284756824761e+02 -7.432097489082690345e+02
2.184742235243065878e+01 -3.570850775826639278e+02 -3.559731357361171149e+02 -5.911400573432705414e+02
3.868441410106066058e+01 -3.022602336248476718e+02 -3.025893864399894824e+02 -1.042927879595453078e+03
2.697840474665592225e+01 -3.534608084288842633e+02 -3.520300350848100379e+02 -7.127555077125002754e+02
3.697190667665125829e+01 -2.655359439509558683e+02 -2.638968692748330227e+02 -9.426507135272468076e+02
3.994027582106963337e+01 -2.812326648332874584e+02 -2.791462432080230656e+02 -1.072815242496013980e+03
3.387752363015883361e+01 -2.956473003342682659e+02 -2.931072655107113860e+02 -8.637652951069553637e+02
2.857985611973100504e+01 -3.231603724253952237e+02 -3.216923635458819604e+02 -7.268579799135397934e+02
3.271655558992885915e+01 -3.046301027519351123e+02 -3.031507774976625456e+02 -8.322375808022603678e+02
2.441290739064788795e+01 -3.512279449644968281e+02 -3.496568591395613907e+02 -6.403957306533214933e+02
3.550466320702751943e+01 -2.607299522482286989e+02 -2.595413836287735307e+02 -8.856559096461226090e+02
3.686438156379450248e+01 -3.105828771254050480e+02 -3.089463795834238908e+02 -9.846492469137070884e+02
3.861702466819186697e+01 -2.416178433446279428e+02 -2.414020817223568258e+02 -9.813674663970924712e+02
2.508598484621417057e+01 -3.710792672686110905e+02 -3.704014569633232554e+02 -6.807665404099956277e+02
2.309754005755326745e+01 -3.534370082038161627e+02 -3.520511521033793088e+02 -6.161354351119550756e+02
3.407508511988825717e+01 -2.755256192668558128e+02 -2.738838984462499866e+02 -8.489869857391679489e+02
2.847445172235106625e+01 -3.525126613900388861e+02 -3.505100458805059702e+02 -7.529381039016667501e+02
3.196942227437039463e+01 -3.244670142105987338e+02 -3.229466060714391915e+02 -8.285934763356732446e+02
2.227147476707019891e+01 -3.157646841329793688e+02 -3.141392687481242660e+02 -5.582056493473219234e+02
2.744069361651802552e+01 -3.061235521322764725e+02 -3.046402116103807316e+02 -6.775571503033086174e+02
3.512940562925171406e+01 -3.088657088503417185e+02 -3.074943533337683448e+02 -9.208644814956409164e+02
2.958086251560165891e+01 -3.082743835171185651e+02 -3.062683673377664491e+02 -7.402517420280968281e+02
2.604762190244288789e+01 -3.438162833148937239e+02 -3.421994293172837160e+02 -6.768974858154648473e+02
2.795666420016705445e+01 -3.387656726027080367e+02 -3.373018105297435341e+02 -7.231871740766193852e+02
2.385667260318048832e+01 -3.565996298233483230e+02 -3.558285165020405429e+02 -6.359436854993240331e+02
3.541182242250997803e+01 -3.252233538902081023e+02 -3.233886620095336184e+02 -9.461382812608064796e+02
2.240759503709260514e+01 -3.498206805223529727e+02 -3.464769471464813932e+02 -5.962304343951639112e+02
3.320727356662971630e+01 -3.130816212224981996e+02 -3.109003876573590333e+02 -8.588674345971949151e+02
2.994254993806849541e+01 -3.155709728795364413e+02 -3.127423649781943595e+02 -7.587555692475622209e+02
2.390783214529421130e+01 -3.375129025721502671e+02 -3.360153976608958715e+02 -6.193985861627880922e+02
3.733798330331254078e+01 -2.983886406893168441e+02 -2.966488374258378258e+02 -9.901002510479017928e+02
2.566961889584711898e+01 -3.143066931025470012e+02 -3.127578171353706011e+02 -6.389951777236263979e+02
2.859235201211725297e+01 -2.929981676773338108e+02 -2.915780317986373120e+02 -6.970126107969152827e+02
1.814692818534266650e+01 -3.608729633703592867e+02 -3.590480547938449831e+02 -5.219445945235296449e+02
1.980423431085465680e+01 -3.662675907442786638e+02 -3.642576251705967820e+02 -5.583171506816074725e+02
2.634750107761012572e+01 -3.381590449645400440e+02 -3.370615552762671427e+02 -6.801778347093375032e+02
3.119736583914423989e+01 -2.952076535370948704e+02 -2.939500231609593470e+02 -7.770030938585514377e+02
2.644003684656724218e+01 -3.305228442388398662e+02 -3.292937155631822179e+02 -6.739378081560132614e+02
2.608071747613883673e+01 -3.399978912540292413e+02 -3.385515011629002515e+02 -6.722551298206934689e+02
2.854210826016222313e+01 -2.990988622317926229e+02 -2.978516714924360258e+02 -7.016609264464257194e+02
2.854043491551696476e+01 -3.269723720888997036e+02 -3.265596551532927947e+02 -7.279426328198460396e+02
2.953223507512149126e+01 -3.027591142259948924e+02 -3.014135471961190547e+02 -7.346128585178728372e+02
2.537371552995875490e+01 -3.045381775711803698e+02 -3.029535617738873725e+02 -6.218166176855385174e+02
2.971293294895457038e+01 -3.309723476454269075e+02 -3.294504823640575637e+02 -7.663328398776718586e+02
2.111455062853107023e+01 -3.291940628552757175e+02 -3.271045643801753044e+02 -5.475340138820454285e+02
2.737564512197075928e+01 -3.321170217529768252e+02 -3.292364439198604487e+02 -6.992333892361357357e+02
2.566818425139310023e+01 -3.310515383094324875e+02 -3.298669282262618481e+02 -6.552161178066700131e+02
2.724120614256299078e+01 -3.516410156564401177e+02 -3.499917373546870749e+02 -7.180879175000749228e+02
2.876289787130278697e+01 -3.076896087275890181e+02 -3.065960634693124689e+02 -7.168756146005487153e+02
3.512445375676201564e+01 -2.980518844120844619e+02 -2.961310505804335094e+02 -9.088150716652334040e+02
2.155515762016872117e+01 -3.602156341161236242e+02 -3.587191447287286223e+02 -5.879225242177542441e+02
3.109255583600533512e+01 -3.022855720399051620e+02 -3.003845110492912909e+02 -7.801215757533110491e+02
2.584822862599278182e+01 -3.717771855014661924e+02 -3.698899560486279370e+02 -7.014280181819739255e+02
3.549333954028170979e+01 -2.595727204157107622e+02 -2.580443450633317752e+02 -8.836194226549919222e+02
3.070088057963745953e+01 -3.259627122428433381e+02 -3.241010420593901245e+02 -7.917892169142197645e+02
3.063392352640442340e+01 -2.487844053932325608e+02 -2.473798187566152365e+02 -7.114541895958193436e+02
2.285280101804229247e+01 -3.021749060594343632e+02 -3.014456668751987536e+02 -5.576258262283695331e+02
2.876124543340683815e+01 -3.360887348139267488e+02 -3.345477607388897923e+02 -7.451356138451681090e+02
2.967755615924502166e+01 -2.890731314299576979e+02 -2.875498786557462836e+02 -7.235668558136820820e+02
3.163111150179776487e+01 -2.859998505683532244e+02 -2.850155679473157306e+02 -7.812770289775500032e+02
3.357173448336381938e+01 -2.844066506834659549e+02 -2.817606342078508419e+02 -8.427531600135837380e+02
3.322097009032558645e+01 -2.469548316234513834e+02 -2.453716106699195052e+02 -7.911144065538236418e+02
2.144688150821467332e+01 -3.531686294394570496e+02 -3.513757967918500071e+02 -5.775081567742969355e+02
2.767832352895751313e+01 -3.168982397548845711e+02 -3.156372473646427466e+02 -6.952348166833425012e+02
2.445092160209335219e+01 -3.458535689695427209e+02 -3.446513870949899569e+02 -6.398953546286265919e+02
3.280676105335907522e+01 -2.658746414242822311e+02 -2.643728192280777307e+02 -7.961664723831190713e+02
2.001667433519979866e+01 -3.672016698847140219e+02 -3.660938176554536767e+02 -5.633742216171042401e+02
2.813676505929445781e+01 -3.449037164093699062e+02 -3.436548733037601551e+02 -7.362217191839177985e+02
2.579744703924011517e+01 -3.370186194906752917e+02 -3.352806352622815780e+02 -6.640812064983263099e+02
2.926677271016784587e+01 -3.443002263683873707e+02 -3.431897037614516535e+02 -7.666346062128923222e+02
3.222180949974023179e+01 -2.635303519458241794e+02 -2.616044629934777390e+02 -7.756111262230367629e+02
2.185201065856477243e+01 -3.418947162045294590e+02 -3.404757069609749465e+02 -5.768686726538468292e+02
2.400924105981755119e+01 -3.751416096674719256e+02 -3.740752403946591471e+02 -6.573742848634726670e+02
3.027310856622922941e+01 -2.759796768021782896e+02 -2.743162397303469788e+02 -7.257702838207347895e+02
2.920310114478479591e+01 -2.841189668215465076e+02 -2.831148096963798366e+02 -7.049326128578430826e+02
2.348253344802660436e+01 -3.976492285139938190e+02 -3.963816498322603934e+02 -6.686898909290226811e+02
2.934901830903019615e+01 -3.684895445708697821e+02 -3.670496754830624582e+02 -7.945371803612928261e+02
3.283658463369374658e+01 -2.978537926545906203e+02 -2.963230867974799594e+02 -8.300795824720220253e+02
2.991330591861418498e+01 -3.289337906017104842e+02 -3.280526142232841380e+02 -7.711714720563456922e+02
3.423817065279448713e+01 -2.887741561039894123e+02 -2.875733030243407597e+02 -8.689766552897738165e+02
3.775433962995926152e+01 -3.320210676709573363e+02 -3.304749384607879961e+02 -1.038844396397724722e+03
3.183986816480240378e+01 -2.434675948678893462e+02 -2.424273637482159529e+02 -7.422951108228338626e+02
2.826130727235063844e+01 -3.104577934500311471e+02 -3.092271850667787589e+02 -7.055603929715815639e+02
3.346729596704968657e+01 -3.025396838319413177e+02 -3.011947736331284204e+02 -8.574469089952498280e+02
2.827349519610622153e+01 -3.293410850620952601e+02 -3.276675888407500565e+02 -7.241354244463012719e+02
3.459846968431971703e+01 -2.801119763434467700e+02 -2.786734657295703528e+02 -8.734085634974975392e+02
2.960181970256918405e+01 -3.054038926674459162e+02 -3.039056563590809219e+02 -7.387737791578416591e+02
2.537369306584349360e+01 -3.405376296361058621e+02 -3.392033203472058744e+02 -6.577403203138602521e+02
2.531613177607945531e+01 -3.102885385491197212e+02 -3.086476621632431261e+02 -6.224203651037933014e+02
3.474620612331399627e+01 -3.112270992782408712e+02 -3.095696161338299248e+02 -9.086779215171541182e+02
1.400139838768576084e+01 -3.782636544867058319e+02 -3.758881771415327648e+02 -4.728287465322319463e+02
2.368449413964036054e+01 -3.535591310500116151e+02 -3.539466428857467122e+02 -6.284685543455440211e+02
3.421197262119451921e+01 -2.728668911839329780e+02 -2.708920913469703464e+02 -8.522911541272303566e+02
1.706931645880377602e+01 -3.545178549021520098e+02 -3.531190187173895083e+02 -4.954094495392324689e+02
2.696499071638765344e+01 -3.118522005599031104e+02 -3.101737451366269056e+02 -6.707227178152503484e+02
2.706873339843840043e+01 -3.456254427070629731e+02 -3.439903817216497828e+02 -7.073705762847653205e+02
3.148939331431214228e+01 -2.986344738827790479e+02 -2.975289583429056393e+02 -7.893973179604631696e+02
3.600751509145303686e+01 -2.635874688574023708e+02 -2.621424759473111408e+02 -9.035017726469181980e+02
3.888714819066252915e+01 -2.734357184102123597e+02 -2.721470196951703997e+02 -1.023932468195704473e+03
3.401853875502560953e+01 -2.519314603786437772e+02 -2.500626873958397312e+02 -8.233368274026244080e+02
2.735178154280414020e+01 -3.127869907549197137e+02 -3.115065516334809104e+02 -6.790044314218786212e+02
3.257711135851400996e+01 -3.001376206405014386e+02 -2.986754597949151275e+02 -8.244889464288621639e+02
3.730918161379130993e+01 -2.789894473707602742e+02 -2.772518409089237821e+02 -9.693562714503641473e+02
3.286756868747360727e+01 -2.645192664128063598e+02 -2.631249827972235380e+02 -7.990938393789833754e+02
3.379371571916781392e+01 -2.627304499305733998e+02 -2.596387767069053325e+02 -8.293548091343158148e+02
2.906610028952646729e+01 -2.722309772591153205e+02 -2.706784186289891636e+02 -6.886889501795207025e+02
2.848433108962053950e+01 -3.277302710760524747e+02 -3.269707724696331184e+02 -7.289062853061102487e+02
3.743765622397386039e+01 -2.781783100169073464e+02 -2.777134800781875015e+02 -9.726988272049754869e+02
3.636540710450453417e+01 -2.799333119826135885e+02 -2.789568291900860117e+02 -9.357197734776767675e+02
1.900456567032301436e+01 -3.146580903492970265e+02 -3.135651833299920099e+02 -4.909071080018086946e+02
3.226541502811091533e+01 -2.750346169120502395e+02 -2.738182278385389736e+02 -7.891294434501578507e+02
2.780038899547864517e+01 -3.481197552647910811e+02 -3.467775236506510623e+02 -7.289012196225655771e+02
3.501321990835405273e+01 -3.004711548921397366e+02 -2.990630995731931989e+02 -9.076495602164932279e+02
3.420168433173716238e+01 -3.234190594055952488e+02 -3.215596078117311549e+02 -9.025497108670886064e+02
3.191774099955837229e+01 -3.057297167695166422e+02 -3.043371316360230594e+02 -8.097630604406433577e+02
2.662636580804435837e+01 -3.370630125223438540e+02 -3.357286485582163209e+02 -6.868344752461975986e+02
2.478636873391276652e+01 -3.376490756734156662e+02 -3.361902888591653777e+02 -6.399984789435990251e+02
2.003200591239454198e+01 -3.555392553840736696e+02 -3.547701417111707656e+02 -5.515926708544149051e+02
3.015453610995028200e+01 -3.508289035319022560e+02 -3.488063051574275732e+02 -8.006923342685131502e+02
2.668987195168483240e+01 -3.600154335642969272e+02 -3.583495293683593559e+02 -7.107861778349092674e+02
3.349307054908463499e+01 -3.206440692006895574e+02 -3.190908861117407014e+02 -8.766397032340319129e+02
2.115433584871157180e+01 -3.573709488199332895e+02 -3.565838667744740746e+02 -5.732539171636752826e+02
3.689866443101271898e+01 -3.011911278129300058e+02 -2.999942564061881853e+02 -9.757543444419853813e+02
2.700419213541209729e+01 -3.696783223306449599e+02 -3.674149297723774339e+02 -7.294643879698286355e+02
3.082254136095519570e+01 -3.111958422213768927e+02 -3.096542074995252847e+02 -7.799892738077934382e+02
2.028404160597578354e+01 -3.343328537665066165e+02 -3.332386902674475664e+02 -5.356824328295359692e+02
3.328250659488703889e+01 -2.952205319715742462e+02 -2.935203769319419962e+02 -8.446888534498369836e+02
2.852608908271902166e+01 -2.807381765858019094e+02 -2.790338207983364782e+02 -6.815917057628645352e+02
2.805301569550716678e+01 -3.266650597083051935e+02 -3.262219099259951918e+02 -7.139937778197228226e+02
2.551507932444616600e+01 -3.491508012450006504e+02 -3.483928054704339843e+02 -6.701721803418017771e+02
3.555643114361917156e+01 -2.985623811149937410e+02 -2.969248997598323285e+02 -9.250784320916874321e+02
3.570561049628881989e+01 -2.767660590697994394e+02 -2.744857535615259394e+02 -9.069562281836268767e+02
2.715160187671287062e+01 -3.169048639387345929e+02 -3.152214028960775067e+02 -6.782680383456099662e+02
2.882692655315534935e+01 -3.255583097224260882e+02 -3.235159159717558737e+02 -7.355464951394608306e+02
2.495843271369488292e+01 -3.906009818233238775e+02 -3.891223667999732925e+02 -6.973423218550191223e+02
3.332715230940429763e+01 -2.964001590196133407e+02 -2.960664029087133144e+02 -8.461632915693310224e+02
3.747052031383294235e+01 -2.585583257798737691e+02 -2.571358419788143692e+02 -9.544545383235737290e+02
1.693612659354023720e+01 -4.034574252511622490e+02 -4.012734435875537997e+02 -5.422876957834856739e+02
1.924157817180025987e+01 -3.811253340188553125e+02 -3.809670302622123472e+02 -5.609976744298652420e+02
3.065380203040876594e+01 -2.906387542291698196e+02 -2.887430241111489977e+02 -7.545453763288935534e+02
2.361083599818762835e+01 -3.461310750558681661e+02 -3.443212305512889202e+02 -6.201901211574976287e+02
2.903851073298812935e+01 -3.406441503784699307e+02 -3.394067027222380375e+02 -7.564883364855417085e+02
3.159753915252641221e+01 -3.304418396445591384e+02 -3.298795374152953173e+02 -8.237260742666762781e+02
3.229170295290165882e+01 -3.151782043251661776e+02 -3.141571543022878359e+02 -8.304960996055463056e+02
2.809508604720708291e+01 -3.063770038455907070e+02 -3.057009843412890859e+02 -6.964572071694187798e+02
2.554054050206148929e+01 -3.308063685686913118e+02 -3.287805984686164038e+02 -6.493399808274017460e+02
2.733700864798090535e+01 -3.344257195305937103e+02 -3.309993301160866963e+02 -7.022044680963117571e+02
3.322969679674901045e+01 -2.948473503394039881e+02 -2.931217684253540483e+02 -8.416462253101032047e+02
2.483916773728373073e+01 -3.444999269863527047e+02 -3.428508291995904074e+02 -6.486903672091347062e+02
2.961524655939034645e+01 -3.255940060827334150e+02 -3.241374063947953914e+02 -7.580204161724113874e+02
2.451191551195444518e+01 -3.382531592133174740e+02 -3.371852396651626123e+02 -6.335811237114827463e+02
3.140502181938648718e+01 -3.161617185112735342e+02 -3.136677794087029838e+02 -8.035771261812683406e+02
3.174138367632090407e+01 -3.043725429968479261e+02 -3.027830140477869350e+02 -8.033209940668514264e+02
2.918734143434206629e+01 -3.129278323321323683e+02 -3.118425268710039404e+02 -7.343694523907873872e+02
1.611587447155354980e+01 -3.420929342853617072e+02 -3.400867590543968504e+02 -4.682233166758491052e+02
2.773680076400839312e+01 -3.256589601649704946e+02 -3.236251255145476762e+02 -7.062455819879980936e+02
3.468303024273921409e+01 -2.961763162870931296e+02 -2.940160884657917109e+02 -8.931469442435129622e+02
2.679982166575169344e+01 -3.538260710462374163e+02 -3.529926436906087019e+02 -7.038427132245367375e+02
3.362492432220660987e+01 -3.379450065412363529e+02 -3.358855024876572202e+02 -8.978105910021206455e+02
3.759289727470638098e+01 -2.728143180100128689e+02 -2.717778471848737354e+02 -9.726435505049533958e+02
2.989881216993526181e+01 -3.584975849218989197e+02 -3.559343390589770024e+02 -7.996601754270368474e+02
1.861410202530796454e+01 -3.679762872002872314e+02 -3.673043530436661968e+02 -5.360976767383868946e+02
3.328184907619873201e+01 -3.485983902565109247e+02 -3.476242122752155410e+02 -8.958277801614196960e+02
2.464661416305935759e+01 -3.465452602146822301e+02 -3.447201327686705099e+02 -6.455456882259728673e+02
3.064475266320668112e+01 -3.185852366874333939e+02 -3.169266684238291987e+02 -7.831009579100089013e+02
4.016409801427082016e+01 -2.477657164032446246e+02 -2.466560775590496064e+02 -1.047931255092610400e+03
2.610301973468808967e+01 -3.389237550511340373e+02 -3.374196337203480311e+02 -6.743321688692265070e+02
3.833693590226837955e+01 -2.690797522042364562e+02 -2.677278618301327242e+02 -9.984514303966579973e+02
